MultiResolutionExperiment(4, 10, MultiResolutionTransform(20, 0.30)

Analysis for appendicitis (100)
Precision: -0.4472135954999579
[15, 1, 7, 77]
[0.0, 1.0, 0.0, 1.0]
[0.09209907552656599, 0.12940442948317382, 0.28829458178940903, 0.005931851343351951]
Recall: -0.210818510677892
[15, 1, 7, 77]
[0.0, 1.0, 0.0, 0.9868421052631579]
[0.09209907552656599, 0.12940442948317382, 0.28829458178940903, 0.005931851343351951]
Accuracy: -0.39999999999999997
[15, 1, 7, 77]
[0.5333333333333333, 1.0, 0.14285714285714285, 0.987012987012987]
[0.09209907552656599, 0.12940442948317382, 0.28829458178940903, 0.005931851343351951]
FScore: -0.210818510677892
[15, 1, 7, 77]
[0.0, 1.0, 0.0, 0.9933774834437086]
[0.09209907552656599, 0.12940442948317382, 0.28829458178940903, 0.005931851343351951]
Matthews: -0.31622776601683794
[15, 1, 7, 77]
[-0.30151134457776363, 0.0, 0.0, 0.7024393586862705]
[0.09209907552656599, 0.12940442948317382, 0.28829458178940903, 0.005931851343351951]

Analysis for banana (5300)
Precision: -0.8000000000000002
[2936, 778, 577, 1009]
[0.9980363279332352, 0.9890909090909091, 0.02147239263803681, 0.9528301886792453]
[0.045358233419049404, 0.1610916090779247, 0.33120606688558235, 0.12537803854164697]
Recall: -1.0
[2936, 778, 577, 1009]
[0.9995083579154376, 0.7640449438202247, 0.0945945945945946, 0.9711538461538461]
[0.045358233419049404, 0.1610916090779247, 0.33120606688558235, 0.12537803854164697]
Accuracy: -1.0
[2936, 778, 577, 1009]
[0.9982970027247956, 0.7763496143958869, 0.3310225303292894, 0.9920713577799801]
[0.045358233419049404, 0.1610916090779247, 0.33120606688558235, 0.12537803854164697]
FScore: -1.0
[2936, 778, 577, 1009]
[0.9987718005404078, 0.8621236133122028, 0.035, 0.9619047619047619]
[0.045358233419049404, 0.1610916090779247, 0.33120606688558235, 0.12537803854164697]
Matthews: -1.0
[2936, 778, 577, 1009]
[0.9959984448679687, 0.4120651813856718, -0.3639370939467802, 0.9575345307434454]
[0.045358233419049404, 0.1610916090779247, 0.33120606688558235, 0.12537803854164697]

Analysis for breast-cancer-original (650)
Precision: -0.8944271909999159
[569, 39, 16, 26]
[1.0, 1.0, 0.0, 0.0]
[0.0013844759379377381, 0.028293133087879313, 0.17402842881977196, 0.0778472013530817]
Recall: -0.9486832980505139
[569, 39, 16, 26]
[0.9879807692307693, 0.5, 0.0, 0.0]
[0.0013844759379377381, 0.028293133087879313, 0.17402842881977196, 0.0778472013530817]
Accuracy: -1.0
[569, 39, 16, 26]
[0.9912126537785588, 0.9487179487179487, 0.6875, 0.8461538461538461]
[0.0013844759379377381, 0.028293133087879313, 0.17402842881977196, 0.0778472013530817]
FScore: -0.9486832980505139
[569, 39, 16, 26]
[0.9939540507859734, 0.6666666666666666, 0.0, 0.0]
[0.0013844759379377381, 0.028293133087879313, 0.17402842881977196, 0.0778472013530817]
Matthews: -0.9486832980505139
[569, 39, 16, 26]
[0.9781183747454117, 0.6877303054053768, 0.0, 0.0]
[0.0013844759379377381, 0.028293133087879313, 0.17402842881977196, 0.0778472013530817]

Analysis for mammographic-masses (960)
Precision: -1.0
[244, 122, 478, 116]
[0.8072289156626506, 0.2727272727272727, 0.9908814589665653, 0.34782608695652173]
[0.10799274309672169, 0.33743757316300665, 0.041033032888477136, 0.1943509853863076]
Recall: -1.0
[244, 122, 478, 116]
[0.8072289156626506, 0.25, 0.9878787878787879, 0.8]
[0.10799274309672169, 0.33743757316300665, 0.041033032888477136, 0.1943509853863076]
Accuracy: -1.0
[244, 122, 478, 116]
[0.8688524590163934, 0.16393442622950818, 0.9853556485355649, 0.5603448275862069]
[0.10799274309672169, 0.33743757316300665, 0.041033032888477136, 0.1943509853863076]
FScore: -1.0
[244, 122, 478, 116]
[0.8072289156626506, 0.2608695652173913, 0.9893778452200302, 0.48484848484848486]
[0.10799274309672169, 0.33743757316300665, 0.041033032888477136, 0.1943509853863076]
Matthews: -1.0
[244, 122, 478, 116]
[0.7078500336750729, -0.700718555132154, 0.9658205175132684, 0.24683962869302717]
[0.10799274309672169, 0.33743757316300665, 0.041033032888477136, 0.1943509853863076]

Analysis for phoneme (5400)
Precision: 1.0
[669, 974, 2977, 780]
[0.9856373429084381, 0.3148936170212766, 0.0, 0.9978632478632479]
[0.19375080975916772, 0.11166765509178649, 0.014888101882095186, 0.3175882265630058]
Recall: 0.2000000000000001
[669, 974, 2977, 780]
[0.8420245398773006, 0.961038961038961, 0.0, 0.5994865211810013]
[0.19375080975916772, 0.11166765509178649, 0.014888101882095186, 0.3175882265630058]
Accuracy: -0.8
[669, 974, 2977, 780]
[0.8340807174887892, 0.6632443531827515, 0.98018139066174, 0.5987179487179487]
[0.19375080975916772, 0.11166765509178649, 0.014888101882095186, 0.3175882265630058]
FScore: 0.8
[669, 974, 2977, 780]
[0.9081885856079405, 0.47435897435897445, 0.0, 0.7489975942261429]
[0.19375080975916772, 0.11166765509178649, 0.014888101882095186, 0.3175882265630058]
Matthews: -0.39999999999999997
[669, 974, 2977, 780]
[0.1565654748520083, 0.4149765584991006, 0.0, -0.029254025905241267]
[0.19375080975916772, 0.11166765509178649, 0.014888101882095186, 0.3175882265630058]

Analysis for pima (700)
Precision: -0.39999999999999997
[112, 131, 100, 357]
[1.0, 0.0, 0.038461538461538464, 0.9838709677419355]
[0.09774425317250926, 0.24026151724067313, 0.09239253583690855, 0.027607510546234792]
Recall: -0.8
[112, 131, 100, 357]
[0.5636363636363636, 0.0, 0.1, 0.9270516717325228]
[0.09774425317250926, 0.24026151724067313, 0.09239253583690855, 0.027607510546234792]
Accuracy: -1.0
[112, 131, 100, 357]
[0.5714285714285714, 0.33587786259541985, 0.66, 0.9187675070028011]
[0.09774425317250926, 0.24026151724067313, 0.09239253583690855, 0.027607510546234792]
FScore: -0.8
[112, 131, 100, 357]
[0.7209302325581396, 0.0, 0.05555555555555555, 0.9546165884194052]
[0.09774425317250926, 0.24026151724067313, 0.09239253583690855, 0.027607510546234792]
Matthews: -0.39999999999999997
[112, 131, 100, 357]
[0.15015143870590966, -0.12124708120550656, -0.12158953402334752, 0.5951514965248499]
[0.09774425317250926, 0.24026151724067313, 0.09239253583690855, 0.027607510546234792]

Analysis for ring (7400)
Precision: -0.6000000000000001
[803, 770, 1059, 4768]
[0.03496503496503497, 0.9418604651162791, 0.9948612538540597, 0.9844086021505376]
[0.10430307437081336, 0.2772302862745617, 0.09778685705571251, 0.025781044349013148]
Recall: -0.39999999999999997
[803, 770, 1059, 4768]
[1.0, 0.3218543046357616, 0.9184060721062619, 0.9924119241192412]
[0.10430307437081336, 0.2772302862745617, 0.09778685705571251, 0.025781044349013148]
Accuracy: -1.0
[803, 770, 1059, 4768]
[0.6562889165628891, 0.3155844155844156, 0.9140698772426817, 0.990981543624161]
[0.10430307437081336, 0.2772302862745617, 0.09778685705571251, 0.025781044349013148]
FScore: -0.8
[803, 770, 1059, 4768]
[0.06756756756756757, 0.47976307996051337, 0.9551060680809078, 0.9883940620782726]
[0.10430307437081336, 0.2772302862745617, 0.09778685705571251, 0.025781044349013148]
Matthews: -0.8
[803, 770, 1059, 4768]
[0.15098216941618636, -0.19856252242524097, -0.020476583760385542, 0.9810413847509752]
[0.10430307437081336, 0.2772302862745617, 0.09778685705571251, 0.025781044349013148]

Analysis for spambase (4550)
Precision: -1.0
[438, 1610, 646, 1856]
[0.0979381443298969, 0.9818024263431543, 0.5148514851485149, 0.9947877885331348]
[0.3104146582599103, 0.06598716978941793, 0.1589708874362069, 0.010482815579655063]
Recall: -1.0
[438, 1610, 646, 1856]
[0.2235294117647059, 0.9248979591836735, 0.5, 0.9925705794947994]
[0.3104146582599103, 0.06598716978941793, 0.1589708874362069, 0.010482815579655063]
Accuracy: -1.0
[438, 1610, 646, 1856]
[0.4497716894977169, 0.9298136645962732, 0.8436532507739938, 0.9908405172413793]
[0.3104146582599103, 0.06598716978941793, 0.1589708874362069, 0.010482815579655063]
FScore: -1.0
[438, 1610, 646, 1856]
[0.13620071684587814, 0.9525010508617067, 0.5073170731707317, 0.9936779471922648]
[0.3104146582599103, 0.06598716978941793, 0.1589708874362069, 0.010482815579655063]
Matthews: -1.0
[438, 1610, 646, 1856]
[-0.21673204826774758, 0.8239640560615114, 0.4144871421514779, 0.9770682375039139]
[0.3104146582599103, 0.06598716978941793, 0.1589708874362069, 0.010482815579655063]

Analysis for twonorm (7400)
Precision: -0.9486832980505139
[301, 3277, 2707, 1115]
[0.4342105263157895, 1.0, 1.0, 0.9949579831932773]
[0.18779449090896186, 0.006015267102090666, 0.023938829515687154, 0.07003439550777014]
Recall: -0.9486832980505139
[301, 3277, 2707, 1115]
[0.4888888888888889, 1.0, 1.0, 0.9949579831932773]
[0.18779449090896186, 0.006015267102090666, 0.023938829515687154, 0.07003439550777014]
Accuracy: -0.9486832980505139
[301, 3277, 2707, 1115]
[0.4850498338870432, 1.0, 1.0, 0.9946188340807175]
[0.18779449090896186, 0.006015267102090666, 0.023938829515687154, 0.07003439550777014]
FScore: -0.9486832980505139
[301, 3277, 2707, 1115]
[0.45993031358885017, 1.0, 1.0, 0.9949579831932773]
[0.18779449090896186, 0.006015267102090666, 0.023938829515687154, 0.07003439550777014]
Matthews: -0.9486832980505139
[301, 3277, 2707, 1115]
[-0.02902965615937843, 1.0, 1.0, 0.9891887524240466]
[0.18779449090896186, 0.006015267102090666, 0.023938829515687154, 0.07003439550777014]

Analysis for wdbc (560)
Precision: 0.9486832980505138
[46, 56, 422, 36]
[1.0, 1.0, 0.8095238095238095, 0.9705882352941176]
[0.1001090248025716, 0.042111284414275585, 0.00387824542467779, 0.011570155559509852]
Recall: -1.0
[46, 56, 422, 36]
[0.782608695652174, 0.9107142857142857, 0.9855072463768116, 0.9428571428571428]
[0.1001090248025716, 0.042111284414275585, 0.00387824542467779, 0.011570155559509852]
Accuracy: -1.0
[46, 56, 422, 36]
[0.782608695652174, 0.9107142857142857, 0.9597156398104265, 0.9166666666666666]
[0.1001090248025716, 0.042111284414275585, 0.00387824542467779, 0.011570155559509852]
FScore: -0.4
[46, 56, 422, 36]
[0.878048780487805, 0.9532710280373832, 0.8888888888888888, 0.9565217391304348]
[0.1001090248025716, 0.042111284414275585, 0.00387824542467779, 0.011570155559509852]
Matthews: -0.31622776601683794
[46, 56, 422, 36]
[0.0, 0.0, 0.8708143781026876, -0.040996003084539386]
[0.1001090248025716, 0.042111284414275585, 0.00387824542467779, 0.011570155559509852]
