MultiResolutionExperiment(5, 10, MultiResolutionTransform(20, 0.25)

Analysis for appendicitis (100)
Precision: -0.7071067811865476
[4, 1, 78, 9, 8]
[0.0, 0.0, 1.0, 0.0, 0.0]
[0.3105199984960044, 0.38671211189638516, 0.007230443007400309, 0.11748247676195905, 0.06610627917747594]
Recall: -0.7071067811865476
[4, 1, 78, 9, 8]
[0.0, 0.0, 0.987012987012987, 0.0, 0.0]
[0.3105199984960044, 0.38671211189638516, 0.007230443007400309, 0.11748247676195905, 0.06610627917747594]
Accuracy: -0.9746794344808963
[4, 1, 78, 9, 8]
[0.0, 0.0, 0.9871794871794872, 0.4444444444444444, 0.625]
[0.3105199984960044, 0.38671211189638516, 0.007230443007400309, 0.11748247676195905, 0.06610627917747594]
FScore: -0.7071067811865476
[4, 1, 78, 9, 8]
[0.0, 0.0, 0.9934640522875817, 0.0, 0.0]
[0.3105199984960044, 0.38671211189638516, 0.007230443007400309, 0.11748247676195905, 0.06610627917747594]
Matthews: -0.7071067811865476
[4, 1, 78, 9, 8]
[0.0, 0.0, 0.7025001733142089, 0.0, 0.0]
[0.3105199984960044, 0.38671211189638516, 0.007230443007400309, 0.11748247676195905, 0.06610627917747594]

Analysis for banana (5300)
Precision: -0.8
[624, 1562, 525, 1943, 646]
[0.9856801909307876, 0.9978768577494692, 0.009375, 0.9969088098918083, 0.8863636363636364]
[0.17078720978989634, 0.06862969967841442, 0.33831319638895596, 0.024976008031788528, 0.14670103158491318]
Recall: -1.0
[624, 1562, 525, 1943, 646]
[0.7071917808219178, 0.9957627118644068, 0.047619047619047616, 0.9992254066615027, 0.9285714285714286]
[0.17078720978989634, 0.06862969967841442, 0.33831319638895596, 0.024976008031788528, 0.14670103158491318]
Accuracy: -1.0
[624, 1562, 525, 1943, 646]
[0.7163461538461539, 0.9961587708066582, 0.2819047619047619, 0.9974266598044261, 0.9876160990712074]
[0.17078720978989634, 0.06862969967841442, 0.33831319638895596, 0.024976008031788528, 0.14670103158491318]
FScore: -1.0
[624, 1562, 525, 1943, 646]
[0.823529411764706, 0.9968186638388123, 0.015665796344647518, 0.9980657640232109, 0.9069767441860465]
[0.17078720978989634, 0.06862969967841442, 0.33831319638895596, 0.024976008031788528, 0.14670103158491318]
Matthews: -1.0
[624, 1562, 525, 1943, 646]
[0.29057428557862097, 0.9919757025658013, -0.42532350411017583, 0.9942285554268735, 0.9006266271771626]
[0.17078720978989634, 0.06862969967841442, 0.33831319638895596, 0.024976008031788528, 0.14670103158491318]

Analysis for breast-cancer-original (650)
Precision: -0.5773502691896258
[11, 562, 13, 40, 24]
[1.0, 1.0, 0.0, 1.0, 0.0]
[0.08557637828073791, 8.616799558104567E-4, 0.18407580463536852, 0.020067885256687294, 0.06462001687895243]
Recall: -0.8207826816681233
[11, 562, 13, 40, 24]
[0.3333333333333333, 0.9927360774818402, 0.0, 0.4, 0.0]
[0.08557637828073791, 8.616799558104567E-4, 0.18407580463536852, 0.020067885256687294, 0.06462001687895243]
Accuracy: -0.9
[11, 562, 13, 40, 24]
[0.8181818181818182, 0.994661921708185, 0.7692307692307693, 0.925, 0.7916666666666666]
[0.08557637828073791, 8.616799558104567E-4, 0.18407580463536852, 0.020067885256687294, 0.06462001687895243]
FScore: -0.8207826816681233
[11, 562, 13, 40, 24]
[0.5, 0.9963547995139732, 0.0, 0.5714285714285715, 0.0]
[0.08557637828073791, 8.616799558104567E-4, 0.18407580463536852, 0.020067885256687294, 0.06462001687895243]
Matthews: -0.8207826816681233
[11, 562, 13, 40, 24]
[0.5163977794943222, 0.9864799046449871, 0.0, 0.606976978666884, 0.0]
[0.08557637828073791, 8.616799558104567E-4, 0.18407580463536852, 0.020067885256687294, 0.06462001687895243]

Analysis for mammographic-masses (960)
Precision: -1.0
[105, 111, 94, 404, 246]
[0.3114754098360656, 0.3, 0.6181818181818182, 0.9938080495356038, 0.8958333333333334]
[0.18762930135999056, 0.3465304426100477, 0.15688723751711936, 0.033970934016772016, 0.08106138521539565]
Recall: -0.9
[105, 111, 94, 404, 246]
[0.8260869565217391, 0.2647058823529412, 0.6538461538461539, 0.9938080495356038, 0.8775510204081632]
[0.18762930135999056, 0.3465304426100477, 0.15688723751711936, 0.033970934016772016, 0.08106138521539565]
Accuracy: -1.0
[105, 111, 94, 404, 246]
[0.5619047619047619, 0.17117117117117117, 0.5851063829787234, 0.9900990099009901, 0.9552845528455285]
[0.18762930135999056, 0.3465304426100477, 0.15688723751711936, 0.033970934016772016, 0.08106138521539565]
FScore: -1.0
[105, 111, 94, 404, 246]
[0.4523809523809524, 0.28125, 0.6355140186915889, 0.9938080495356038, 0.8865979381443299]
[0.18762930135999056, 0.3465304426100477, 0.15688723751711936, 0.033970934016772016, 0.08106138521539565]
Matthews: -0.9
[105, 111, 94, 404, 246]
[0.26312348145396375, -0.696035399400748, 0.1552384551106194, 0.9691166915109124, 0.8588243280379538]
[0.18762930135999056, 0.3465304426100477, 0.15688723751711936, 0.033970934016772016, 0.08106138521539565]

Analysis for phoneme (5400)
Precision: 0.9
[672, 645, 2766, 577, 740]
[0.9875222816399287, 0.5787037037037037, 0.0, 0.16611295681063123, 1.0]
[0.19030213511208996, 0.06391967255706985, 0.011361198636772846, 0.1393886640467642, 0.3147295747043242]
Recall: 0.0
[672, 645, 2766, 577, 740]
[0.8432267884322678, 0.9615384615384616, 0.0, 0.8620689655172413, 0.5878378378378378]
[0.19030213511208996, 0.06391967255706985, 0.011361198636772846, 0.1393886640467642, 0.3147295747043242]
Accuracy: -0.7000000000000001
[672, 645, 2766, 577, 740]
[0.8363095238095238, 0.8511627906976744, 0.985177151120752, 0.5511265164644714, 0.5878378378378378]
[0.19030213511208996, 0.06391967255706985, 0.011361198636772846, 0.1393886640467642, 0.3147295747043242]
FScore: 0.8
[672, 645, 2766, 577, 740]
[0.909688013136289, 0.7225433526011561, 0.0, 0.2785515320334262, 0.7404255319148937]
[0.19030213511208996, 0.06391967255706985, 0.011361198636772846, 0.1393886640467642, 0.3147295747043242]
Matthews: -0.2051956704170307
[672, 645, 2766, 577, 740]
[0.14980272724597948, 0.6671148129202371, 0.0, 0.22780566079364256, 0.0]
[0.19030213511208996, 0.06391967255706985, 0.011361198636772846, 0.1393886640467642, 0.3147295747043242]

Analysis for pima (700)
Precision: -0.7000000000000001
[84, 79, 80, 340, 117]
[0.025, 0.1111111111111111, 0.0, 0.9900332225913622, 1.0]
[0.15771125999742214, 0.05972289955384717, 0.26496488254670064, 0.024805505859202066, 0.09387449174348249]
Recall: -0.7000000000000001
[84, 79, 80, 340, 117]
[0.25, 0.15384615384615385, 0.0, 0.9371069182389937, 0.5826086956521739]
[0.15771125999742214, 0.05972289955384717, 0.26496488254670064, 0.024805505859202066, 0.09387449174348249]
Accuracy: -1.0
[84, 79, 80, 340, 117]
[0.5, 0.6582278481012658, 0.275, 0.9323529411764706, 0.5897435897435898]
[0.15771125999742214, 0.05972289955384717, 0.26496488254670064, 0.024805505859202066, 0.09387449174348249]
FScore: -0.9
[84, 79, 80, 340, 117]
[0.045454545454545456, 0.12903225806451615, 0.0, 0.962843295638126, 0.7362637362637362]
[0.15771125999742214, 0.05972289955384717, 0.26496488254670064, 0.024805505859202066, 0.09387449174348249]
Matthews: -0.5
[84, 79, 80, 340, 117]
[-0.10127034026891495, -0.07830126498531945, 0.0, 0.6181624959301093, 0.15265761633828479]
[0.15771125999742214, 0.05972289955384717, 0.26496488254670064, 0.024805505859202066, 0.09387449174348249]

Analysis for ring (7400)
Precision: -0.6
[832, 860, 513, 627, 4568]
[0.9975155279503105, 0.025925925925925925, 0.9072164948453608, 0.9445628997867804, 0.9855990783410138]
[0.06223443318359253, 0.09821837160394553, 0.3080144237194792, 0.16340353704999203, 0.023179653589720413]
Recall: -0.7000000000000001
[832, 860, 513, 627, 4568]
[0.9674698795180723, 1.0, 0.1746031746031746, 0.7383333333333333, 0.9930354033662218]
[0.06223443318359253, 0.09821837160394553, 0.3080144237194792, 0.16340353704999203, 0.023179653589720413]
Accuracy: -0.9
[832, 860, 513, 627, 4568]
[0.9651442307692307, 0.6941860465116279, 0.17153996101364521, 0.7081339712918661, 0.9919001751313485]
[0.06223443318359253, 0.09821837160394553, 0.3080144237194792, 0.16340353704999203, 0.023179653589720413]
FScore: -0.7000000000000001
[832, 860, 513, 627, 4568]
[0.982262996941896, 0.05054151624548736, 0.2928452579034942, 0.8288119738072964, 0.9893032668401273]
[0.06223443318359253, 0.09821837160394553, 0.3080144237194792, 0.16340353704999203, 0.023179653589720413]
Matthews: -0.9
[832, 860, 513, 627, 4568]
[-0.008990004177439486, 0.1339117322987074, -0.2767367171226636, -0.10502908536206988, 0.982803864138623]
[0.06223443318359253, 0.09821837160394553, 0.3080144237194792, 0.16340353704999203, 0.023179653589720413]

Analysis for spambase (4550)
Precision: -0.9
[419, 523, 1557, 275, 1776]
[0.08762886597938144, 0.2830188679245283, 0.9850877192982456, 0.9015151515151515, 0.9945011783189317]
[0.30858219768639145, 0.14971872860754917, 0.05463807861266615, 0.16331015499718973, 0.008506669874378375]
Recall: -0.9
[419, 523, 1557, 275, 1776]
[0.2786885245901639, 0.5172413793103449, 0.9598290598290599, 0.5288888888888889, 0.9929411764705882]
[0.30858219768639145, 0.14971872860754917, 0.05463807861266615, 0.16331015499718973, 0.008506669874378375]
Accuracy: -1.0
[419, 523, 1557, 275, 1776]
[0.47255369928400953, 0.9005736137667304, 0.9588953114964676, 0.5672727272727273, 0.990990990990991]
[0.30858219768639145, 0.14971872860754917, 0.05463807861266615, 0.16331015499718973, 0.008506669874378375]
FScore: -0.9
[419, 523, 1557, 275, 1776]
[0.1333333333333333, 0.36585365853658536, 0.9722943722943723, 0.6666666666666666, 0.9937205651491365]
[0.30858219768639145, 0.14971872860754917, 0.05463807861266615, 0.16331015499718973, 0.008506669874378375]
Matthews: -1.0
[419, 523, 1557, 275, 1776]
[-0.15258595120893526, 0.3339199352264932, 0.893874788769084, 0.2075841229265092, 0.9777881150142351]
[0.30858219768639145, 0.14971872860754917, 0.05463807861266615, 0.16331015499718973, 0.008506669874378375]

Analysis for twonorm (7400)
Precision: -0.9746794344808963
[174, 2463, 1318, 2949, 496]
[0.16853932584269662, 1.0, 0.9984848484848485, 1.0, 0.9485294117647058]
[0.2165250320554578, 0.01634847258316327, 0.044102125909983164, 0.004093707244087762, 0.10350627857568236]
Recall: -0.8944271909999159
[174, 2463, 1318, 2949, 496]
[0.2054794520547945, 1.0, 1.0, 1.0, 0.9485294117647058]
[0.2165250320554578, 0.01634847258316327, 0.044102125909983164, 0.004093707244087762, 0.10350627857568236]
Accuracy: -0.9746794344808963
[174, 2463, 1318, 2949, 496]
[0.2413793103448276, 1.0, 0.9992412746585736, 1.0, 0.9435483870967742]
[0.2165250320554578, 0.01634847258316327, 0.044102125909983164, 0.004093707244087762, 0.10350627857568236]
FScore: -0.9746794344808963
[174, 2463, 1318, 2949, 496]
[0.18518518518518515, 1.0, 0.9992418498862775, 1.0, 0.9485294117647058]
[0.2165250320554578, 0.01634847258316327, 0.044102125909983164, 0.004093707244087762, 0.10350627857568236]
Matthews: -0.9746794344808963
[174, 2463, 1318, 2949, 496]
[-0.5204607191772308, 1.0, 0.9984836989003361, 1.0, 0.8860294117647058]
[0.2165250320554578, 0.01634847258316327, 0.044102125909983164, 0.004093707244087762, 0.10350627857568236]

Analysis for wdbc (560)
Precision: 0.9746794344808963
[26, 0, 50, 430, 54]
[1.0, 0.0, 1.0, 0.8241758241758241, 0.9807692307692307]
[0.11450797928948024, 0.0, 0.05654427320878058, 0.003442544339045903, 0.01766796740596302]
Recall: 0.0
[26, 0, 50, 430, 54]
[0.6923076923076923, 0.0, 0.88, 0.974025974025974, 0.9622641509433962]
[0.11450797928948024, 0.0, 0.05654427320878058, 0.003442544339045903, 0.01766796740596302]
Accuracy: 0.0
[26, 0, 50, 430, 54]
[0.6923076923076923, 0.0, 0.88, 0.958139534883721, 0.9444444444444444]
[0.11450797928948024, 0.0, 0.05654427320878058, 0.003442544339045903, 0.01766796740596302]
FScore: 0.30000000000000004
[26, 0, 50, 430, 54]
[0.8181818181818181, 0.0, 0.9361702127659575, 0.8928571428571428, 0.9714285714285713]
[0.11450797928948024, 0.0, 0.05654427320878058, 0.003442544339045903, 0.01766796740596302]
Matthews: -0.22360679774997896
[26, 0, 50, 430, 54]
[0.0, 0.0, 0.0, 0.8717414705174079, -0.026938622922018266]
[0.11450797928948024, 0.0, 0.05654427320878058, 0.003442544339045903, 0.01766796740596302]
