MultiResolutionExperiment(5, 10, MultiResolutionTransform(10, 0.30)

Analysis for appendicitis (100)
Precision: -0.7071067811865476
[1, 4, 77, 10, 8]
[0.0, 0.0, 1.0, 0.0, 0.0]
[0.014949494949494949, 0.3774861305237101, 0.00831581751512261, 0.16640854026907353, 0.0871618456368223]
Recall: -0.7071067811865476
[1, 4, 77, 10, 8]
[0.0, 0.0, 0.987012987012987, 0.0, 0.0]
[0.014949494949494949, 0.3774861305237101, 0.00831581751512261, 0.16640854026907353, 0.0871618456368223]
Accuracy: -0.9
[1, 4, 77, 10, 8]
[1.0, 0.0, 0.987012987012987, 0.4, 0.625]
[0.014949494949494949, 0.3774861305237101, 0.00831581751512261, 0.16640854026907353, 0.0871618456368223]
FScore: -0.7071067811865476
[1, 4, 77, 10, 8]
[0.0, 0.0, 0.9934640522875817, 0.0, 0.0]
[0.014949494949494949, 0.3774861305237101, 0.00831581751512261, 0.16640854026907353, 0.0871618456368223]
Matthews: NaN
[1, 4, 77, 10, 8]
[0.0, 0.0, 0.0, 0.0, 0.0]
[0.014949494949494949, 0.3774861305237101, 0.00831581751512261, 0.16640854026907353, 0.0871618456368223]

Analysis for banana (5300)
Precision: -0.9
[646, 1626, 525, 1800, 703]
[0.9836829836829837, 0.9969788519637462, 0.00625, 0.9975767366720517, 0.9230769230769231]
[0.18290889412555106, 0.08630975505814352, 0.3598951866165319, 0.03911319282338536, 0.17192698981290072]
Recall: -1.0
[646, 1626, 525, 1800, 703]
[0.7092436974789916, 0.9969788519637462, 0.03333333333333333, 0.9983831851253031, 0.9230769230769231]
[0.18290889412555106, 0.08630975505814352, 0.3598951866165319, 0.03911319282338536, 0.17192698981290072]
Accuracy: -1.0
[646, 1626, 525, 1800, 703]
[0.7213622291021672, 0.996309963099631, 0.2838095238095238, 0.9972222222222222, 0.9914651493598862]
[0.18290889412555106, 0.08630975505814352, 0.3598951866165319, 0.03911319282338536, 0.17192698981290072]
FScore: -1.0
[646, 1626, 525, 1800, 703]
[0.8242187500000001, 0.9969788519637462, 0.010526315789473686, 0.997979797979798, 0.9230769230769231]
[0.18290889412555106, 0.08630975505814352, 0.3598951866165319, 0.03911319282338536, 0.17192698981290072]
Matthews: -1.0
[646, 1626, 525, 1800, 703]
[0.3265672127360046, 0.9922395154708552, -0.42425073954899334, 0.9935361862872708, 0.9185588507877664]
[0.18290889412555106, 0.08630975505814352, 0.3598951866165319, 0.03911319282338536, 0.17192698981290072]

Analysis for breast-cancer-original (650)
Precision: -0.8660254037844387
[19, 537, 13, 55, 26]
[0.0, 1.0, 0.0, 1.0, 0.0]
[0.09912732554592132, 0.0011672683685731888, 0.2172550280234139, 0.017088311132293258, 0.062075667672261685]
Recall: -0.8944271909999159
[19, 537, 13, 55, 26]
[0.0, 0.9903147699757869, 0.0, 0.8, 0.0]
[0.09912732554592132, 0.0011672683685731888, 0.2172550280234139, 0.017088311132293258, 0.062075667672261685]
Accuracy: -0.9
[19, 537, 13, 55, 26]
[0.8421052631578947, 0.9925512104283054, 0.7692307692307693, 0.9818181818181818, 0.8076923076923077]
[0.09912732554592132, 0.0011672683685731888, 0.2172550280234139, 0.017088311132293258, 0.062075667672261685]
FScore: -0.8944271909999159
[19, 537, 13, 55, 26]
[0.0, 0.9951338199513382, 0.0, 0.888888888888889, 0.0]
[0.09912732554592132, 0.0011672683685731888, 0.2172550280234139, 0.017088311132293258, 0.062075667672261685]
Matthews: -0.8944271909999159
[19, 537, 13, 55, 26]
[0.0, 0.9794730386355939, 0.0, 0.8856148855400953, 0.0]
[0.09912732554592132, 0.0011672683685731888, 0.2172550280234139, 0.017088311132293258, 0.062075667672261685]

Analysis for mammographic-masses (960)
Precision: -1.0
[97, 114, 92, 381, 276]
[0.3333333333333333, 0.28125, 0.6730769230769231, 0.9968354430379747, 0.8846153846153846]
[0.21749654459860973, 0.3700218607674054, 0.16359309532444347, 0.03991433984897891, 0.09579376699978873]
Recall: -0.9
[97, 114, 92, 381, 276]
[0.75, 0.26865671641791045, 0.6862745098039216, 0.9905660377358491, 0.9019607843137255]
[0.21749654459860973, 0.3700218607674054, 0.16359309532444347, 0.03991433984897891, 0.09579376699978873]
Accuracy: -1.0
[97, 114, 92, 381, 276]
[0.4948453608247423, 0.16666666666666666, 0.6413043478260869, 0.989501312335958, 0.9601449275362319]
[0.21749654459860973, 0.3700218607674054, 0.16359309532444347, 0.03991433984897891, 0.09579376699978873]
FScore: -1.0
[97, 114, 92, 381, 276]
[0.46153846153846156, 0.2748091603053435, 0.6796116504854369, 0.9936908517350158, 0.8932038834951457]
[0.21749654459860973, 0.3700218607674054, 0.16359309532444347, 0.03991433984897891, 0.09579376699978873]
Matthews: -1.0
[97, 114, 92, 381, 276]
[0.13419902258999178, -0.7043856174897307, 0.2723576961237283, 0.9626124445987466, 0.868769720586466]
[0.21749654459860973, 0.3700218607674054, 0.16359309532444347, 0.03991433984897891, 0.09579376699978873]

Analysis for phoneme (5400)
Precision: 0.9
[703, 264, 2984, 751, 698]
[0.9914821124361158, 0.9090909090909091, 0.0, 0.006493506493506494, 0.9975062344139651]
[0.23234215207058145, 0.09636934852914107, 0.017190075699592373, 0.13753855080887298, 0.3633124454334009]
Recall: 0.09999999999999983
[703, 264, 2984, 751, 698]
[0.8434782608695652, 0.9230769230769231, 0.0, 0.6666666666666666, 0.5738880918220947]
[0.23234215207058145, 0.09636934852914107, 0.017190075699592373, 0.13753855080887298, 0.3633124454334009]
Accuracy: -0.9
[703, 264, 2984, 751, 698]
[0.8392603129445235, 0.875, 0.9798927613941019, 0.5912117177097204, 0.5730659025787965]
[0.23234215207058145, 0.09636934852914107, 0.017190075699592373, 0.13753855080887298, 0.3633124454334009]
FScore: 0.30000000000000004
[703, 264, 2984, 751, 698]
[0.9115113547376663, 0.9160305343511451, 0.0, 0.012861736334405146, 0.7285974499089253]
[0.23234215207058145, 0.09636934852914107, 0.017190075699592373, 0.13753855080887298, 0.3633124454334009]
Matthews: -0.30000000000000004
[703, 264, 2984, 751, 698]
[0.16654480843473624, 0.6719412301104971, 0.0, 0.0330323286449331, -0.032597901963373796]
[0.23234215207058145, 0.09636934852914107, 0.017190075699592373, 0.13753855080887298, 0.3633124454334009]

Analysis for pima (700)
Precision: -0.6668859288553503
[80, 73, 101, 335, 111]
[0.0, 0.23076923076923078, 0.0, 0.9933993399339934, 1.0]
[0.16340239177864252, 0.06371628944749193, 0.28873522508368576, 0.03152269728131514, 0.1101208257219925]
Recall: -0.872081599272381
[80, 73, 101, 335, 111]
[0.0, 0.2, 0.0, 0.9347826086956522, 0.5818181818181818]
[0.16340239177864252, 0.06371628944749193, 0.28873522508368576, 0.03152269728131514, 0.1101208257219925]
Accuracy: -0.9
[80, 73, 101, 335, 111]
[0.5875, 0.6986301369863014, 0.26732673267326734, 0.9313432835820895, 0.5855855855855856]
[0.16340239177864252, 0.06371628944749193, 0.28873522508368576, 0.03152269728131514, 0.1101208257219925]
FScore: -0.872081599272381
[80, 73, 101, 335, 111]
[0.0, 0.21428571428571427, 0.0, 0.9632000000000001, 0.735632183908046]
[0.16340239177864252, 0.06371628944749193, 0.28873522508368576, 0.03152269728131514, 0.1101208257219925]
Matthews: -0.8
[80, 73, 101, 335, 111]
[-0.15289415743128767, 0.02913428162916919, 0.0, 0.5131200739426408, 0.11126144997909508]
[0.16340239177864252, 0.06371628944749193, 0.28873522508368576, 0.03152269728131514, 0.1101208257219925]

Analysis for ring (7400)
Precision: -0.6
[689, 855, 533, 865, 4458]
[0.969639468690702, 1.0, 0.9099099099099099, 0.0072992700729927005, 0.9834254143646409]
[0.18332155038726858, 0.0713983798827779, 0.3466023641460867, 0.11278326204221319, 0.028647737472601083]
Recall: -0.7000000000000001
[689, 855, 533, 865, 4458]
[0.7604166666666666, 0.9777777777777777, 0.1931166347992352, 1.0, 0.9937965260545906]
[0.18332155038726858, 0.0713983798827779, 0.3466023641460867, 0.11278326204221319, 0.028647737472601083]
Accuracy: -0.9
[689, 855, 533, 865, 4458]
[0.7431059506531205, 0.9777777777777777, 0.1894934333958724, 0.6855491329479769, 0.9917003140421714]
[0.18332155038726858, 0.0713983798827779, 0.3466023641460867, 0.11278326204221319, 0.028647737472601083]
FScore: -0.6
[689, 855, 533, 865, 4458]
[0.8523769808173478, 0.9887640449438202, 0.31861198738170343, 0.014492753623188404, 0.9885837704412219]
[0.18332155038726858, 0.0713983798827779, 0.3466023641460867, 0.11278326204221319, 0.028647737472601083]
Matthews: -0.9
[689, 855, 533, 865, 4458]
[-0.06612232926665712, 0.0, -0.26961490141149835, 0.07070140739131855, 0.9820975762235068]
[0.18332155038726858, 0.0713983798827779, 0.3466023641460867, 0.11278326204221319, 0.028647737472601083]

Analysis for spambase (4550)
Precision: -0.9
[388, 575, 1747, 229, 1611]
[0.06951871657754011, 0.288135593220339, 0.994475138121547, 0.8981481481481481, 0.9846285226302306]
[0.35185855878356687, 0.17644284954764133, 0.01136487219384032, 0.20418913046091153, 0.06653441823345778]
Recall: -1.0
[388, 575, 1747, 229, 1611]
[0.28888888888888886, 0.5151515151515151, 0.9929078014184397, 0.470873786407767, 0.9552609776304888]
[0.35185855878356687, 0.17644284954764133, 0.01136487219384032, 0.20418913046091153, 0.06653441823345778]
Accuracy: -1.0
[388, 575, 1747, 229, 1611]
[0.4690721649484536, 0.8991304347826087, 0.9908414424728106, 0.4759825327510917, 0.9553072625698324]
[0.35185855878356687, 0.17644284954764133, 0.01136487219384032, 0.20418913046091153, 0.06653441823345778]
FScore: -0.9
[388, 575, 1747, 229, 1611]
[0.11206896551724138, 0.3695652173913043, 0.9936908517350158, 0.6178343949044586, 0.9697224558452481]
[0.35185855878356687, 0.17644284954764133, 0.01136487219384032, 0.20418913046091153, 0.06653441823345778]
Matthews: -1.0
[388, 575, 1747, 229, 1611]
[-0.13995441511844414, 0.3354620117880963, 0.9769934696944663, -0.0044480120309819, 0.8859678830330021]
[0.35185855878356687, 0.17644284954764133, 0.01136487219384032, 0.20418913046091153, 0.06653441823345778]

Analysis for twonorm (7400)
Precision: -0.9746794344808963
[223, 2551, 576, 2513, 1537]
[0.2727272727272727, 1.0, 0.9748427672955975, 1.0, 0.9986666666666667]
[0.2307911476570663, 0.020780803748996626, 0.11078225602122824, 0.006219921519753862, 0.05031101819812898]
Recall: -0.8944271909999159
[223, 2551, 576, 2513, 1537]
[0.3125, 1.0, 0.9810126582278481, 1.0, 1.0]
[0.2307911476570663, 0.020780803748996626, 0.11078225602122824, 0.006219921519753862, 0.05031101819812898]
Accuracy: -0.9746794344808963
[223, 2551, 576, 2513, 1537]
[0.3452914798206278, 1.0, 0.9756944444444444, 1.0, 0.9993493819128172]
[0.2307911476570663, 0.020780803748996626, 0.11078225602122824, 0.006219921519753862, 0.05031101819812898]
FScore: -0.9746794344808963
[223, 2551, 576, 2513, 1537]
[0.2912621359223301, 1.0, 0.9779179810725552, 1.0, 0.9993328885923949]
[0.2307911476570663, 0.020780803748996626, 0.11078225602122824, 0.006219921519753862, 0.05031101819812898]
Matthews: -0.9746794344808963
[223, 2551, 576, 2513, 1537]
[-0.3143677043640264, 1.0, 0.9509149531207872, 1.0, 0.9986988150493866]
[0.2307911476570663, 0.020780803748996626, 0.11078225602122824, 0.006219921519753862, 0.05031101819812898]

Analysis for wdbc (560)
Precision: 0.872081599272381
[67, 0, 63, 166, 264]
[1.0, 0.0, 1.0, 0.9322033898305084, 0.6060606060606061]
[0.10562916817020682, 0.0, 0.03342852524201917, 7.384722141273231E-4, 0.008186873811230079]
Recall: 0.09999999999999983
[67, 0, 63, 166, 264]
[0.8208955223880597, 0.0, 0.9206349206349206, 0.9821428571428571, 1.0]
[0.10562916817020682, 0.0, 0.03342852524201917, 7.384722141273231E-4, 0.008186873811230079]
Accuracy: 0.0
[67, 0, 63, 166, 264]
[0.8208955223880597, 0.0, 0.9206349206349206, 0.9698795180722891, 0.9507575757575758]
[0.10562916817020682, 0.0, 0.03342852524201917, 7.384722141273231E-4, 0.008186873811230079]
FScore: 0.5
[67, 0, 63, 166, 264]
[0.9016393442622952, 0.0, 0.9586776859504132, 0.9565217391304348, 0.7547169811320755]
[0.10562916817020682, 0.0, 0.03342852524201917, 7.384722141273231E-4, 0.008186873811230079]
Matthews: -0.33541019662496846
[67, 0, 63, 166, 264]
[0.0, 0.0, 0.0, 0.9342481134599753, 0.7574763968621588]
[0.10562916817020682, 0.0, 0.03342852524201917, 7.384722141273231E-4, 0.008186873811230079]
