MultiResolutionExperiment(4, 10, MultiResolutionTransform(50, 0.10)

Analysis for appendicitis (100)
Precision: -0.9486832980505138
[2, 15, 7, 76]
[1.0, 0.2, 0.0, 1.0]
[0.021757659321102664, 0.031907055469259156, 0.19509908753539026, 0.002787700657067248]
Recall: -0.8
[2, 15, 7, 76]
[1.0, 0.3333333333333333, 0.0, 0.9733333333333334]
[0.021757659321102664, 0.031907055469259156, 0.19509908753539026, 0.002787700657067248]
Accuracy: -0.8
[2, 15, 7, 76]
[1.0, 0.6, 0.14285714285714285, 0.9736842105263158]
[0.021757659321102664, 0.031907055469259156, 0.19509908753539026, 0.002787700657067248]
FScore: -0.8
[2, 15, 7, 76]
[1.0, 0.25, 0.0, 0.9864864864864865]
[0.021757659321102664, 0.031907055469259156, 0.19509908753539026, 0.002787700657067248]
Matthews: -0.7745966692414834
[2, 15, 7, 76]
[0.0, 0.0, 0.0, 0.5696002496878354]
[0.021757659321102664, 0.031907055469259156, 0.19509908753539026, 0.002787700657067248]

Analysis for banana (5300)
Precision: -0.8
[2871, 708, 451, 1270]
[0.9966273187183811, 0.9058823529411765, 0.0, 0.9970717423133236]
[0.0092176542491303, 0.16812933671802077, 0.32013156340794374, 0.06457718683445303]
Recall: -1.0
[2871, 708, 451, 1270]
[0.9988732394366198, 0.6, 0.0, 0.9756446991404012]
[0.0092176542491303, 0.16812933671802077, 0.32013156340794374, 0.06457718683445303]
Accuracy: -1.0
[2871, 708, 451, 1270]
[0.9972135144548938, 0.748587570621469, 0.18403547671840353, 0.9850393700787402]
[0.0092176542491303, 0.16812933671802077, 0.32013156340794374, 0.06457718683445303]
FScore: -1.0
[2871, 708, 451, 1270]
[0.9977490151941475, 0.7218749999999999, 0.0, 0.9862418537291818]
[0.0092176542491303, 0.16812933671802077, 0.32013156340794374, 0.06457718683445303]
Matthews: -1.0
[2871, 708, 451, 1270]
[0.9940970564741604, 0.5454407716244912, -0.5894567432452009, 0.9701274599398066]
[0.0092176542491303, 0.16812933671802077, 0.32013156340794374, 0.06457718683445303]

Analysis for breast-cancer-original (650)
Precision: -0.8944271909999159
[574, 36, 27, 13]
[1.0, 1.0, 0.0, 0.0]
[4.050787182480872E-4, 0.015320612471032133, 0.04704016731516752, 0.12981086296770197]
Recall: -0.9486832980505138
[574, 36, 27, 13]
[0.9927184466019418, 0.5, 0.0, 0.0]
[4.050787182480872E-4, 0.015320612471032133, 0.04704016731516752, 0.12981086296770197]
Accuracy: -1.0
[574, 36, 27, 13]
[0.9947735191637631, 0.8888888888888888, 0.8148148148148148, 0.6923076923076923]
[4.050787182480872E-4, 0.015320612471032133, 0.04704016731516752, 0.12981086296770197]
FScore: -0.9486832980505138
[574, 36, 27, 13]
[0.9963459196102314, 0.6666666666666666, 0.0, 0.0]
[4.050787182480872E-4, 0.015320612471032133, 0.04704016731516752, 0.12981086296770197]
Matthews: -0.9486832980505138
[574, 36, 27, 13]
[0.9872532705947791, 0.6614378277661476, 0.0, 0.0]
[4.050787182480872E-4, 0.015320612471032133, 0.04704016731516752, 0.12981086296770197]

Analysis for mammographic-masses (960)
Precision: -1.0
[120, 123, 503, 214]
[0.373134328358209, 0.2608695652173913, 0.9910179640718563, 0.7922077922077922]
[0.17390325114544566, 0.30143565689903634, 0.02836948163399654, 0.07561060168501647]
Recall: -1.0
[120, 123, 503, 214]
[0.78125, 0.2535211267605634, 0.9851190476190477, 0.8026315789473685]
[0.17390325114544566, 0.30143565689903634, 0.02836948163399654, 0.07561060168501647]
Accuracy: -1.0
[120, 123, 503, 214]
[0.5916666666666667, 0.15447154471544716, 0.9840954274353877, 0.8551401869158879]
[0.17390325114544566, 0.30143565689903634, 0.02836948163399654, 0.07561060168501647]
FScore: -1.0
[120, 123, 503, 214]
[0.5050505050505051, 0.2571428571428571, 0.9880597014925373, 0.7973856209150327]
[0.17390325114544566, 0.30143565689903634, 0.02836948163399654, 0.07561060168501647]
Matthews: -1.0
[120, 123, 503, 214]
[0.2706961651266794, -0.7239224059449412, 0.9642893250912904, 0.6847012670393906]
[0.17390325114544566, 0.30143565689903634, 0.02836948163399654, 0.07561060168501647]

Analysis for phoneme (5400)
Precision: 0.8
[994, 715, 3071, 620]
[0.3991683991683992, 0.9463667820069204, 0.527027027027027, 1.0]
[0.08711649186971875, 0.1466456060062175, 0.008935492518090985, 0.2707169570430503]
Recall: -1.0
[994, 715, 3071, 620]
[0.897196261682243, 0.8176382660687593, 0.9512195121951219, 0.5596774193548387]
[0.08711649186971875, 0.1466456060062175, 0.008935492518090985, 0.2707169570430503]
Accuracy: -0.8
[994, 715, 3071, 620]
[0.6871227364185111, 0.786013986013986, 0.9759036144578314, 0.5596774193548387]
[0.08711649186971875, 0.1466456060062175, 0.008935492518090985, 0.2707169570430503]
FScore: 0.6
[994, 715, 3071, 620]
[0.5525179856115108, 0.8773055332798717, 0.6782608695652174, 0.7176835573940021]
[0.08711649186971875, 0.1466456060062175, 0.008935492518090985, 0.2707169570430503]
Matthews: -1.0
[994, 715, 3071, 620]
[0.43318422390354694, 0.08959850470591298, 0.6983596375431823, 0.0]
[0.08711649186971875, 0.1466456060062175, 0.008935492518090985, 0.2707169570430503]

Analysis for pima (700)
Precision: -0.8
[146, 99, 91, 364]
[0.9743589743589743, 0.0, 0.06060606060606061, 0.9666666666666667]
[0.0655796747025641, 0.19821469838426495, 0.08202372571669815, 0.01491535801734569]
Recall: -1.0
[146, 99, 91, 364]
[0.608, 0.0, 0.25, 0.9206349206349206]
[0.0655796747025641, 0.19821469838426495, 0.08202372571669815, 0.01491535801734569]
Accuracy: -1.0
[146, 99, 91, 364]
[0.6506849315068494, 0.24242424242424243, 0.5934065934065934, 0.9038461538461539]
[0.0655796747025641, 0.19821469838426495, 0.08202372571669815, 0.01491535801734569]
FScore: -1.0
[146, 99, 91, 364]
[0.7487684729064039, 0.0, 0.0975609756097561, 0.943089430894309]
[0.0655796747025641, 0.19821469838426495, 0.08202372571669815, 0.01491535801734569]
Matthews: -1.0
[146, 99, 91, 364]
[0.3607269986232417, -0.24060457818836745, -0.0727375796853522, 0.6424675480244509]
[0.0655796747025641, 0.19821469838426495, 0.08202372571669815, 0.01491535801734569]

Analysis for ring (7400)
Precision: -0.39999999999999997
[1573, 542, 757, 4528]
[0.720360824742268, 0.8620689655172413, 0.8629441624365483, 0.9941921858500528]
[0.05974616861077346, 0.25654722270368613, 0.11176671781656401, 0.015199669254644284]
Recall: -1.0
[1573, 542, 757, 4528]
[0.9704861111111112, 0.19011406844106463, 0.7657657657657657, 0.9931434599156118]
[0.05974616861077346, 0.25654722270368613, 0.11176671781656401, 0.015199669254644284]
Accuracy: -1.0
[1573, 542, 757, 4528]
[0.8512396694214877, 0.18450184501845018, 0.6869220607661823, 0.9946996466431095]
[0.05974616861077346, 0.25654722270368613, 0.11176671781656401, 0.015199669254644284]
FScore: -1.0
[1573, 542, 757, 4528]
[0.8269230769230769, 0.3115264797507788, 0.8114558472553699, 0.9936675461741425]
[0.05974616861077346, 0.25654722270368613, 0.11176671781656401, 0.015199669254644284]
Matthews: -1.0
[1573, 542, 757, 4528]
[0.7254333799499628, -0.3342280723592149, -0.09773166430502195, 0.9891104167211417]
[0.05974616861077346, 0.25654722270368613, 0.11176671781656401, 0.015199669254644284]

Analysis for spambase (4550)
Precision: -1.0
[392, 1487, 632, 2039]
[0.10052910052910052, 0.9755142017629774, 0.6370370370370371, 0.9944713199723566]
[0.27826209782745936, 0.04970365895955568, 0.1361234060168013, 0.006136176891517638]
Recall: -1.0
[392, 1487, 632, 2039]
[0.23170731707317074, 0.9405099150141643, 0.5276073619631901, 0.9883241758241759]
[0.27826209782745936, 0.04970365895955568, 0.1361234060168013, 0.006136176891517638]
Accuracy: -1.0
[392, 1487, 632, 2039]
[0.40561224489795916, 0.9408204438466712, 0.8006329113924051, 0.9877390877881315]
[0.27826209782745936, 0.04970365895955568, 0.1361234060168013, 0.006136176891517638]
FScore: -1.0
[392, 1487, 632, 2039]
[0.14022140221402213, 0.9576923076923076, 0.5771812080536913, 0.9913882190837064]
[0.27826209782745936, 0.04970365895955568, 0.1361234060168013, 0.006136176891517638]
Matthews: -1.0
[392, 1487, 632, 2039]
[-0.25776810939729217, 0.8609565159448872, 0.45165695926552135, 0.9701684919904668]
[0.27826209782745936, 0.04970365895955568, 0.1361234060168013, 0.006136176891517638]

Analysis for twonorm (7400)
Precision: -1.0
[192, 4882, 1760, 566]
[0.21052631578947367, 1.0, 0.9988276670574443, 0.9588607594936709]
[0.1752611511769043, 0.0023777668648672745, 0.019174732881918715, 0.0683796526849192]
Recall: -0.9486832980505139
[192, 4882, 1760, 566]
[0.24691358024691357, 1.0, 1.0, 0.964968152866242]
[0.1752611511769043, 0.0023777668648672745, 0.019174732881918715, 0.0683796526849192]
Accuracy: -1.0
[192, 4882, 1760, 566]
[0.2916666666666667, 1.0, 0.9994318181818181, 0.9575971731448764]
[0.1752611511769043, 0.0023777668648672745, 0.019174732881918715, 0.0683796526849192]
FScore: -1.0
[192, 4882, 1760, 566]
[0.22727272727272727, 1.0, 0.9994134897360704, 0.961904761904762]
[0.1752611511769043, 0.0023777668648672745, 0.019174732881918715, 0.0683796526849192]
Matthews: -1.0
[192, 4882, 1760, 566]
[-0.42351881984471046, 1.0, 0.9988631721047265, 0.9141205059006319]
[0.1752611511769043, 0.0023777668648672745, 0.019174732881918715, 0.0683796526849192]

Analysis for wdbc (560)
Precision: 0.7745966692414835
[23, 47, 451, 39]
[1.0, 1.0, 0.8468468468468469, 1.0]
[0.08560621795421998, 0.03522013657874502, 0.0018141705742987279, 0.010073382840221582]
Recall: -1.0
[23, 47, 451, 39]
[0.6956521739130435, 0.8936170212765957, 0.9690721649484536, 0.9230769230769231]
[0.08560621795421998, 0.03522013657874502, 0.0018141705742987279, 0.010073382840221582]
Accuracy: -1.0
[23, 47, 451, 39]
[0.6956521739130435, 0.8936170212765957, 0.9556541019955654, 0.9230769230769231]
[0.08560621795421998, 0.03522013657874502, 0.0018141705742987279, 0.010073382840221582]
FScore: -0.4
[23, 47, 451, 39]
[0.8205128205128205, 0.9438202247191011, 0.903846153846154, 0.9600000000000001]
[0.08560621795421998, 0.03522013657874502, 0.0018141705742987279, 0.010073382840221582]
Matthews: -0.7745966692414835
[23, 47, 451, 39]
[0.0, 0.0, 0.8785562092929292, 0.0]
[0.08560621795421998, 0.03522013657874502, 0.0018141705742987279, 0.010073382840221582]
