MultiResolutionExperiment(4, 10, MultiResolutionTransform(30, 0.30)

Analysis for appendicitis (100)
Precision: -0.4472135954999579
[15, 1, 7, 77]
[0.0, 1.0, 0.0, 1.0]
[0.08813936415636084, 0.1275443512204482, 0.28422522753101426, 0.0057263713596078306]
Recall: -0.210818510677892
[15, 1, 7, 77]
[0.0, 1.0, 0.0, 0.9868421052631579]
[0.08813936415636084, 0.1275443512204482, 0.28422522753101426, 0.0057263713596078306]
Accuracy: -0.39999999999999997
[15, 1, 7, 77]
[0.5333333333333333, 1.0, 0.14285714285714285, 0.987012987012987]
[0.08813936415636084, 0.1275443512204482, 0.28422522753101426, 0.0057263713596078306]
FScore: -0.210818510677892
[15, 1, 7, 77]
[0.0, 1.0, 0.0, 0.9933774834437086]
[0.08813936415636084, 0.1275443512204482, 0.28422522753101426, 0.0057263713596078306]
Matthews: -0.31622776601683794
[15, 1, 7, 77]
[-0.30151134457776363, 0.0, 0.0, 0.7024393586862705]
[0.08813936415636084, 0.1275443512204482, 0.28422522753101426, 0.0057263713596078306]

Analysis for banana (5300)
Precision: -0.8000000000000002
[2939, 778, 578, 1005]
[0.9975514201762977, 0.9889705882352942, 0.018404907975460124, 0.9719626168224299]
[0.04284944387403786, 0.15753744797105648, 0.3214080032702874, 0.11860615518780902]
Recall: -1.0
[2939, 778, 578, 1005]
[0.9990191270230505, 0.7598870056497176, 0.08571428571428572, 0.9719626168224299]
[0.04284944387403786, 0.15753744797105648, 0.3214080032702874, 0.11860615518780902]
Accuracy: -1.0
[2939, 778, 578, 1005]
[0.9976182374957469, 0.7737789203084833, 0.3356401384083045, 0.9940298507462687]
[0.04284944387403786, 0.15753744797105648, 0.3214080032702874, 0.11860615518780902]
FScore: -1.0
[2939, 778, 578, 1005]
[0.9982847341337907, 0.8594249201277956, 0.030303030303030304, 0.9719626168224299]
[0.04284944387403786, 0.15753744797105648, 0.3214080032702874, 0.11860615518780902]
Matthews: -1.0
[2939, 778, 578, 1005]
[0.9943922345754266, 0.4206582834720371, -0.3580435947454731, 0.9686218595841225]
[0.04284944387403786, 0.15753744797105648, 0.3214080032702874, 0.11860615518780902]

Analysis for breast-cancer-original (650)
Precision: -0.8944271909999159
[568, 38, 16, 28]
[1.0, 1.0, 0.0, 0.0]
[0.0012323716894897978, 0.02550091553031929, 0.16720794688514862, 0.0705713478538419]
Recall: -0.9486832980505139
[568, 38, 16, 28]
[0.9879807692307693, 0.5, 0.0, 0.0]
[0.0012323716894897978, 0.02550091553031929, 0.16720794688514862, 0.0705713478538419]
Accuracy: -1.0
[568, 38, 16, 28]
[0.9911971830985915, 0.9473684210526315, 0.6875, 0.8571428571428571]
[0.0012323716894897978, 0.02550091553031929, 0.16720794688514862, 0.0705713478538419]
FScore: -0.9486832980505139
[568, 38, 16, 28]
[0.9939540507859734, 0.6666666666666666, 0.0, 0.0]
[0.0012323716894897978, 0.02550091553031929, 0.16720794688514862, 0.0705713478538419]
Matthews: -0.9486832980505139
[568, 38, 16, 28]
[0.9780165711902753, 0.6871842709362768, 0.0, 0.0]
[0.0012323716894897978, 0.02550091553031929, 0.16720794688514862, 0.0705713478538419]

Analysis for mammographic-masses (960)
Precision: -1.0
[243, 121, 478, 118]
[0.8072289156626506, 0.2727272727272727, 0.9908814589665653, 0.34782608695652173]
[0.10321734676412628, 0.32418642604433623, 0.038677006301585305, 0.18464962110172736]
Recall: -0.8000000000000002
[243, 121, 478, 118]
[0.7976190476190477, 0.25, 0.9878787878787879, 0.8275862068965517]
[0.10321734676412628, 0.32418642604433623, 0.038677006301585305, 0.18464962110172736]
Accuracy: -1.0
[243, 121, 478, 118]
[0.8641975308641975, 0.15702479338842976, 0.9853556485355649, 0.576271186440678]
[0.10321734676412628, 0.32418642604433623, 0.038677006301585305, 0.18464962110172736]
FScore: -1.0
[243, 121, 478, 118]
[0.8023952095808383, 0.2608695652173913, 0.9893778452200302, 0.48979591836734687]
[0.10321734676412628, 0.32418642604433623, 0.038677006301585305, 0.18464962110172736]
Matthews: -1.0
[243, 121, 478, 118]
[0.6989816709349794, -0.7192683357242347, 0.9658205175132684, 0.28130952417148347]
[0.10321734676412628, 0.32418642604433623, 0.038677006301585305, 0.18464962110172736]

Analysis for phoneme (5400)
Precision: 1.0
[691, 972, 2984, 753]
[0.9809358752166378, 0.32346723044397463, 0.0, 1.0]
[0.18838268772915923, 0.1074966714921883, 0.014348860931452639, 0.308475962750846]
Recall: 0.2000000000000001
[691, 972, 2984, 753]
[0.8435171385991058, 0.9503105590062112, 0.0, 0.5909694555112882]
[0.18838268772915923, 0.1074966714921883, 0.014348860931452639, 0.308475962750846]
Accuracy: -0.8
[691, 972, 2984, 753]
[0.8321273516642547, 0.6625514403292181, 0.9802278820375335, 0.5909694555112882]
[0.18838268772915923, 0.1074966714921883, 0.014348860931452639, 0.308475962750846]
FScore: 0.8
[691, 972, 2984, 753]
[0.9070512820512819, 0.4826498422712934, 0.0, 0.7429048414023373]
[0.18838268772915923, 0.1074966714921883, 0.014348860931452639, 0.308475962750846]
Matthews: -0.1054092553389458
[691, 972, 2984, 753]
[0.132577367308934, 0.4133434131713588, 0.0, 0.0]
[0.18838268772915923, 0.1074966714921883, 0.014348860931452639, 0.308475962750846]

Analysis for pima (700)
Precision: -0.39999999999999997
[117, 127, 102, 354]
[1.0, 0.0, 0.038461538461538464, 0.9836065573770492]
[0.09250101197912933, 0.23242924316700897, 0.09159505863545611, 0.025649624095467775]
Recall: -0.8
[117, 127, 102, 354]
[0.5826086956521739, 0.0, 0.09090909090909091, 0.9287925696594427]
[0.09250101197912933, 0.23242924316700897, 0.09159505863545611, 0.025649624095467775]
Accuracy: -1.0
[117, 127, 102, 354]
[0.5897435897435898, 0.31496062992125984, 0.6568627450980392, 0.9209039548022598]
[0.09250101197912933, 0.23242924316700897, 0.09159505863545611, 0.025649624095467775]
FScore: -0.8
[117, 127, 102, 354]
[0.7362637362637362, 0.0, 0.05405405405405406, 0.9554140127388535]
[0.09250101197912933, 0.23242924316700897, 0.09159505863545611, 0.025649624095467775]
Matthews: -0.39999999999999997
[117, 127, 102, 354]
[0.15265761633828479, -0.12902445245082872, -0.13082999179131016, 0.6282229590171285]
[0.09250101197912933, 0.23242924316700897, 0.09159505863545611, 0.025649624095467775]

Analysis for ring (7400)
Precision: -0.39999999999999997
[621, 851, 1589, 4339]
[0.8827160493827161, 0.9665738161559888, 0.7078651685393258, 0.9863098942128189]
[0.28673454335996407, 0.12776431224873958, 0.07212770391217406, 0.022829902392072995]
Recall: -1.0
[621, 851, 1589, 4339]
[0.23754152823920266, 0.8401937046004843, 0.982839313572543, 0.9937304075235109]
[0.28673454335996407, 0.12776431224873958, 0.07212770391217406, 0.022829902392072995]
Accuracy: -1.0
[621, 851, 1589, 4339]
[0.23027375201288244, 0.8166862514688602, 0.8294524858401511, 0.9926250288084812]
[0.28673454335996407, 0.12776431224873958, 0.07212770391217406, 0.022829902392072995]
FScore: -0.8
[621, 851, 1589, 4339]
[0.3743455497382199, 0.8989637305699482, 0.8229915088177661, 0.9900062460961898]
[0.28673454335996407, 0.12776431224873958, 0.07212770391217406, 0.022829902392072995]
Matthews: -1.0
[621, 851, 1589, 4339]
[-0.29903869607414213, -0.05571236884358738, 0.700304760843362, 0.9841800515952369]
[0.28673454335996407, 0.12776431224873958, 0.07212770391217406, 0.022829902392072995]

Analysis for spambase (4550)
Precision: -1.0
[441, 1601, 647, 1861]
[0.09693877551020408, 0.9826539462272333, 0.5346534653465347, 0.9940387481371088]
[0.2991324079792518, 0.06278696368867126, 0.15225548493118587, 0.009771372984103448]
Recall: -1.0
[441, 1601, 647, 1861]
[0.2261904761904762, 0.9294503691550451, 0.4864864864864865, 0.9910846953937593]
[0.2991324079792518, 0.06278696368867126, 0.15225548493118587, 0.009771372984103448]
Accuracy: -1.0
[441, 1601, 647, 1861]
[0.4512471655328798, 0.933791380387258, 0.839258114374034, 0.9892530897367007]
[0.2991324079792518, 0.06278696368867126, 0.15225548493118587, 0.009771372984103448]
FScore: -1.0
[441, 1601, 647, 1861]
[0.1357142857142857, 0.9553119730185498, 0.509433962264151, 0.9925595238095238]
[0.2991324079792518, 0.06278696368867126, 0.15225548493118587, 0.009771372984103448]
Matthews: -1.0
[441, 1601, 647, 1861]
[-0.21305669964332305, 0.832772137157623, 0.41423037097129844, 0.973231280530806]
[0.2991324079792518, 0.06278696368867126, 0.15225548493118587, 0.009771372984103448]

Analysis for twonorm (7400)
Precision: -0.9486832980505139
[302, 3304, 2676, 1118]
[0.44155844155844154, 1.0, 1.0, 0.9949324324324325]
[0.1809117663387818, 0.005460009425870266, 0.022280435947729462, 0.066413309409949]
Recall: -0.9486832980505139
[302, 3304, 2676, 1118]
[0.49635036496350365, 1.0, 1.0, 0.9949324324324325]
[0.1809117663387818, 0.005460009425870266, 0.022280435947729462, 0.066413309409949]
Accuracy: -0.9486832980505139
[302, 3304, 2676, 1118]
[0.4867549668874172, 1.0, 1.0, 0.9946332737030411]
[0.1809117663387818, 0.005460009425870266, 0.022280435947729462, 0.066413309409949]
FScore: -0.9486832980505139
[302, 3304, 2676, 1118]
[0.4673539518900343, 1.0, 1.0, 0.9949324324324325]
[0.1809117663387818, 0.005460009425870266, 0.022280435947729462, 0.066413309409949]
Matthews: -0.9486832980505139
[302, 3304, 2676, 1118]
[-0.024759555391301615, 1.0, 1.0, 0.9892290103792005]
[0.1809117663387818, 0.005460009425870266, 0.022280435947729462, 0.066413309409949]

Analysis for wdbc (560)
Precision: 0.9486832980505138
[67, 0, 432, 61]
[1.0, 0.0, 0.8191489361702128, 1.0]
[0.08002422048025669, 0.0, 0.003513183847042172, 0.02172910872104889]
Recall: 0.2000000000000001
[67, 0, 432, 61]
[0.8208955223880597, 0.0, 0.9871794871794872, 0.9180327868852459]
[0.08002422048025669, 0.0, 0.003513183847042172, 0.02172910872104889]
Accuracy: 0.2000000000000001
[67, 0, 432, 61]
[0.8208955223880597, 0.0, 0.9583333333333334, 0.9180327868852459]
[0.08002422048025669, 0.0, 0.003513183847042172, 0.02172910872104889]
FScore: 0.8
[67, 0, 432, 61]
[0.9016393442622952, 0.0, 0.8953488372093025, 0.9572649572649572]
[0.08002422048025669, 0.0, 0.003513183847042172, 0.02172910872104889]
Matthews: -0.25819888974716104
[67, 0, 432, 61]
[0.0, 0.0, 0.8755174443037248, 0.0]
[0.08002422048025669, 0.0, 0.003513183847042172, 0.02172910872104889]
