MultiResolutionExperiment(3, 10, MultiResolutionTransform(50, 0.10)

Analysis for appendicitis (100)
Precision: -1.0
[7, 78, 15]
[0.0, 1.0, 0.2]
[0.19509908753539026, 0.0032741098535809766, 0.031907055469259156]
Recall: -1.0
[7, 78, 15]
[0.0, 0.974025974025974, 0.3333333333333333]
[0.19509908753539026, 0.0032741098535809766, 0.031907055469259156]
Accuracy: -1.0
[7, 78, 15]
[0.14285714285714285, 0.9743589743589743, 0.6]
[0.19509908753539026, 0.0032741098535809766, 0.031907055469259156]
FScore: -1.0
[7, 78, 15]
[0.0, 0.9868421052631579, 0.25]
[0.19509908753539026, 0.0032741098535809766, 0.031907055469259156]
Matthews: -0.8660254037844386
[7, 78, 15]
[0.0, 0.5698028822981897, 0.0]
[0.19509908753539026, 0.0032741098535809766, 0.031907055469259156]

Analysis for banana (5300)
Precision: -1.0
[602, 3384, 1314]
[0.038922155688622756, 0.997078870496592, 0.9889064976228209]
[0.2957580800571355, 0.013847263939619013, 0.11186172964709548]
Recall: -1.0
[602, 3384, 1314]
[0.0962962962962963, 0.9990243902439024, 0.8443843031123139]
[0.2957580800571355, 0.013847263939619013, 0.11186172964709548]
Accuracy: -1.0
[602, 3384, 1314]
[0.26411960132890366, 0.9976359338061466, 0.9071537290715372]
[0.2957580800571355, 0.013847263939619013, 0.11186172964709548]
FScore: -1.0
[602, 3384, 1314]
[0.05543710021321962, 0.9980506822612086, 0.910948905109489]
[0.2957580800571355, 0.013847263939619013, 0.11186172964709548]
Matthews: -1.0
[602, 3384, 1314]
[-0.49604778673544947, 0.9950507370136343, 0.8263504038895112]
[0.2957580800571355, 0.013847263939619013, 0.11186172964709548]

Analysis for breast-cancer-original (650)
Precision: -0.8660254037844386
[581, 49, 20]
[1.0, 1.0, 0.0]
[5.648917951749703E-4, 0.024737950575058988, 0.11006606290733294]
Recall: -1.0
[581, 49, 20]
[0.9927536231884058, 0.25, 0.0]
[5.648917951749703E-4, 0.024737950575058988, 0.11006606290733294]
Accuracy: -1.0
[581, 49, 20]
[0.9948364888123924, 0.8775510204081632, 0.65]
[5.648917951749703E-4, 0.024737950575058988, 0.11006606290733294]
FScore: -1.0
[581, 49, 20]
[0.9963636363636363, 0.4, 0.0]
[5.648917951749703E-4, 0.024737950575058988, 0.11006606290733294]
Matthews: -1.0
[581, 49, 20]
[0.987539589891326, 0.46699583122655247, 0.0]
[5.648917951749703E-4, 0.024737950575058988, 0.11006606290733294]

Analysis for mammographic-masses (960)
Precision: -1.0
[137, 536, 287]
[0.275, 0.9824561403508771, 0.616]
[0.295011408971968, 0.02938009376035264, 0.11230383510041854]
Recall: -1.0
[137, 536, 287]
[0.2857142857142857, 0.9824561403508771, 0.8020833333333334]
[0.295011408971968, 0.02938009376035264, 0.11230383510041854]
Accuracy: -1.0
[137, 536, 287]
[0.17518248175182483, 0.9776119402985075, 0.7665505226480837]
[0.295011408971968, 0.02938009376035264, 0.11230383510041854]
FScore: -1.0
[137, 536, 287]
[0.2802547770700637, 0.9824561403508771, 0.6968325791855204]
[0.295011408971968, 0.02938009376035264, 0.11230383510041854]
Matthews: -1.0
[137, 536, 287]
[-0.6854176903116428, 0.9515283052993309, 0.524099274214243]
[0.295011408971968, 0.02938009376035264, 0.11230383510041854]

Analysis for phoneme (5400)
Precision: 1.0
[1150, 3257, 993]
[0.6013986013986014, 0.5, 0.9968404423380727]
[0.10053115989121479, 0.011566908836490532, 0.2350922015582556]
Recall: -1.0
[1150, 3257, 993]
[0.8739837398373984, 0.9626168224299065, 0.6399594320486816]
[0.10053115989121479, 0.011566908836490532, 0.2350922015582556]
Accuracy: -1.0
[1150, 3257, 993]
[0.6982608695652174, 0.9671476819158735, 0.6404833836858006]
[0.10053115989121479, 0.011566908836490532, 0.2350922015582556]
FScore: 1.0
[1150, 3257, 993]
[0.7125103562551781, 0.65814696485623, 0.7794935145151327]
[0.10053115989121479, 0.011566908836490532, 0.2350922015582556]
Matthews: -1.0
[1150, 3257, 993]
[0.44977124811544644, 0.6809846102993747, 0.06165073811857568]
[0.10053115989121479, 0.011566908836490532, 0.2350922015582556]

Analysis for pima (700)
Precision: -1.0
[128, 164, 408]
[0.0, 0.703125, 0.96996996996997]
[0.17915215819302818, 0.06949483965603644, 0.019025997678559746]
Recall: -1.0
[128, 164, 408]
[0.0, 0.4945054945054945, 0.9047619047619048]
[0.17915215819302818, 0.06949483965603644, 0.019025997678559746]
Accuracy: -1.0
[128, 164, 408]
[0.3046875, 0.6036585365853658, 0.8921568627450981]
[0.17915215819302818, 0.06949483965603644, 0.019025997678559746]
FScore: -1.0
[128, 164, 408]
[0.0, 0.5806451612903226, 0.9362318840579711]
[0.17915215819302818, 0.06949483965603644, 0.019025997678559746]
Matthews: -1.0
[128, 164, 408]
[-0.1835259256592443, 0.23863683446318018, 0.6050882961451545]
[0.17915215819302818, 0.06949483965603644, 0.019025997678559746]

Analysis for ring (7400)
Precision: -0.5
[665, 1209, 5526]
[0.8870967741935484, 0.7778947368421053, 0.9585006693440429]
[0.2391758261258938, 0.08860442267726133, 0.02176730986460082]
Recall: -1.0
[665, 1209, 5526]
[0.25660964230171074, 0.8663540445486518, 0.9907749077490775]
[0.2391758261258938, 0.08860442267726133, 0.02176730986460082]
Accuracy: -1.0
[665, 1209, 5526]
[0.24962406015037594, 0.7311827956989247, 0.9795512124502352]
[0.2391758261258938, 0.08860442267726133, 0.02176730986460082]
FScore: -1.0
[665, 1209, 5526]
[0.3980699638118215, 0.819744869661675, 0.9743706055794965]
[0.2391758261258938, 0.08860442267726133, 0.02176730986460082]
Matthews: -1.0
[665, 1209, 5526]
[-0.27810454168641674, 0.3040150270070206, 0.9577312682173296]
[0.2391758261258938, 0.08860442267726133, 0.02176730986460082]

Analysis for spambase (4550)
Precision: -1.0
[563, 976, 3011]
[0.1318181818181818, 0.868632707774799, 0.9945429740791268]
[0.24772011699555563, 0.09503622158165287, 0.016375942335920025]
Recall: -1.0
[563, 976, 3011]
[0.2543859649122807, 0.7623529411764706, 0.984691580369203]
[0.24772011699555563, 0.09503622158165287, 0.016375942335920025]
Accuracy: -1.0
[563, 976, 3011]
[0.5097690941385435, 0.8463114754098361, 0.9847226834938558]
[0.24772011699555563, 0.09503622158165287, 0.016375942335920025]
FScore: -1.0
[563, 976, 3011]
[0.17365269461077842, 0.81203007518797, 0.9895927601809955]
[0.24772011699555563, 0.09503622158165287, 0.016375942335920025]
Matthews: -1.0
[563, 976, 3011]
[-0.1408389997015641, 0.6871405892250114, 0.9610495366768416]
[0.24772011699555563, 0.09503622158165287, 0.016375942335920025]

Analysis for twonorm (7400)
Precision: -1.0
[345, 5581, 1474]
[0.5195530726256983, 1.0, 0.9960526315789474]
[0.14129262918964405, 0.0034836215475735396, 0.033596175864758306]
Recall: -1.0
[345, 5581, 1474]
[0.5705521472392638, 1.0, 0.997364953886693]
[0.14129262918964405, 0.0034836215475735396, 0.033596175864758306]
Accuracy: -1.0
[345, 5581, 1474]
[0.5478260869565217, 1.0, 0.9966078697421981]
[0.14129262918964405, 0.0034836215475735396, 0.033596175864758306]
FScore: -1.0
[345, 5581, 1474]
[0.5438596491228069, 1.0, 0.9967083607636603]
[0.14129262918964405, 0.0034836215475735396, 0.033596175864758306]
Matthews: -1.0
[345, 5581, 1474]
[0.09794546817427717, 1.0, 0.9932103295571061]
[0.14129262918964405, 0.0034836215475735396, 0.033596175864758306]

Analysis for wdbc (560)
Precision: 0.8660254037844386
[42, 61, 457]
[1.0, 1.0, 0.8547008547008547]
[0.06765249376963986, 0.018911743177766116, 0.0018387772861199918]
Recall: -1.0
[42, 61, 457]
[0.7857142857142857, 0.9016393442622951, 0.970873786407767]
[0.06765249376963986, 0.018911743177766116, 0.0018387772861199918]
Accuracy: -1.0
[42, 61, 457]
[0.7857142857142857, 0.9016393442622951, 0.9562363238512035]
[0.06765249376963986, 0.018911743177766116, 0.0018387772861199918]
FScore: -0.5
[42, 61, 457]
[0.88, 0.9482758620689655, 0.909090909090909]
[0.06765249376963986, 0.018911743177766116, 0.0018387772861199918]
Matthews: -0.8660254037844386
[42, 61, 457]
[0.0, 0.0, 0.8835263969764904]
[0.06765249376963986, 0.018911743177766116, 0.0018387772861199918]
