MultiResolutionExperiment(4, 10, MultiResolutionTransform(50, 0.30)

Analysis for appendicitis (100)
Precision: -0.4472135954999579
[15, 1, 7, 77]
[0.0, 1.0, 0.0, 1.0]
[0.08228813808468635, 0.12344612006478725, 0.27175840844888083, 0.005398897140680845]
Recall: -0.210818510677892
[15, 1, 7, 77]
[0.0, 1.0, 0.0, 0.9868421052631579]
[0.08228813808468635, 0.12344612006478725, 0.27175840844888083, 0.005398897140680845]
Accuracy: -0.39999999999999997
[15, 1, 7, 77]
[0.5333333333333333, 1.0, 0.14285714285714285, 0.987012987012987]
[0.08228813808468635, 0.12344612006478725, 0.27175840844888083, 0.005398897140680845]
FScore: -0.210818510677892
[15, 1, 7, 77]
[0.0, 1.0, 0.0, 0.9933774834437086]
[0.08228813808468635, 0.12344612006478725, 0.27175840844888083, 0.005398897140680845]
Matthews: -0.31622776601683794
[15, 1, 7, 77]
[-0.30151134457776363, 0.0, 0.0, 0.7024393586862705]
[0.08228813808468635, 0.12344612006478725, 0.27175840844888083, 0.005398897140680845]

Analysis for banana (5300)
Precision: -0.8000000000000002
[2943, 787, 573, 997]
[0.99755859375, 0.9870609981515711, 0.018461538461538463, 0.9714285714285714]
[0.04090312272718368, 0.1546376703153657, 0.31416806676780035, 0.11335702316331413]
Recall: -1.0
[2943, 787, 573, 997]
[0.9990220048899755, 0.7596017069701281, 0.08450704225352113, 0.9714285714285714]
[0.04090312272718368, 0.1546376703153657, 0.31416806676780035, 0.11335702316331413]
Accuracy: -1.0
[2943, 787, 573, 997]
[0.9976214746856948, 0.7763659466327827, 0.3298429319371728, 0.9939819458375125]
[0.04090312272718368, 0.1546376703153657, 0.31416806676780035, 0.11335702316331413]
FScore: -1.0
[2943, 787, 573, 997]
[0.998289763010017, 0.8585209003215434, 0.030303030303030307, 0.9714285714285714]
[0.04090312272718368, 0.1546376703153657, 0.31416806676780035, 0.11335702316331413]
Matthews: -1.0
[2943, 787, 573, 997]
[0.9943885769959867, 0.4504744846588485, -0.3663756367923351, 0.9680653427290199]
[0.04090312272718368, 0.1546376703153657, 0.31416806676780035, 0.11335702316331413]

Analysis for breast-cancer-original (650)
Precision: -0.8944271909999159
[568, 38, 16, 28]
[1.0, 1.0, 0.0, 0.0]
[0.001186358664438095, 0.023206632063905684, 0.15996107692970662, 0.06924830812848373]
Recall: -0.9486832980505139
[568, 38, 16, 28]
[0.9879807692307693, 0.5, 0.0, 0.0]
[0.001186358664438095, 0.023206632063905684, 0.15996107692970662, 0.06924830812848373]
Accuracy: -1.0
[568, 38, 16, 28]
[0.9911971830985915, 0.9473684210526315, 0.6875, 0.8571428571428571]
[0.001186358664438095, 0.023206632063905684, 0.15996107692970662, 0.06924830812848373]
FScore: -0.9486832980505139
[568, 38, 16, 28]
[0.9939540507859734, 0.6666666666666666, 0.0, 0.0]
[0.001186358664438095, 0.023206632063905684, 0.15996107692970662, 0.06924830812848373]
Matthews: -0.9486832980505139
[568, 38, 16, 28]
[0.9780165711902753, 0.6871842709362768, 0.0, 0.0]
[0.001186358664438095, 0.023206632063905684, 0.15996107692970662, 0.06924830812848373]

Analysis for mammographic-masses (960)
Precision: -1.0
[139, 129, 529, 163]
[0.7605633802816901, 0.30666666666666664, 0.9881656804733728, 0.38095238095238093]
[0.11462703541696433, 0.31738597386758, 0.04036520972984999, 0.1523379269876995]
Recall: -0.8000000000000002
[139, 129, 529, 163]
[0.7714285714285715, 0.3026315789473684, 0.9852507374631269, 0.8]
[0.11462703541696433, 0.31738597386758, 0.04036520972984999, 0.1523379269876995]
Accuracy: -1.0
[139, 129, 529, 163]
[0.762589928057554, 0.18604651162790697, 0.9829867674858223, 0.7239263803680982]
[0.11462703541696433, 0.31738597386758, 0.04036520972984999, 0.1523379269876995]
FScore: -1.0
[139, 129, 529, 163]
[0.7659574468085106, 0.304635761589404, 0.9867060561299853, 0.5161290322580645]
[0.11462703541696433, 0.31738597386758, 0.04036520972984999, 0.1523379269876995]
Matthews: -1.0
[139, 129, 529, 163]
[0.5251604999742596, -0.6766551462257754, 0.9630922537846652, 0.4032964774122897]
[0.11462703541696433, 0.31738597386758, 0.04036520972984999, 0.1523379269876995]

Analysis for phoneme (5400)
Precision: 1.0
[669, 977, 2981, 773]
[0.9821428571428571, 0.3227848101265823, 0.0, 1.0]
[0.1802957570640425, 0.10419977548796303, 0.013752756254409675, 0.2976525406294348]
Recall: 0.2000000000000001
[669, 977, 2981, 773]
[0.8461538461538461, 0.9444444444444444, 0.0, 0.5963777490297542]
[0.1802957570640425, 0.10419977548796303, 0.013752756254409675, 0.2976525406294348]
Accuracy: -0.8
[669, 977, 2981, 773]
[0.8355754857997011, 0.6622313203684749, 0.9802079838980208, 0.5963777490297542]
[0.1802957570640425, 0.10419977548796303, 0.013752756254409675, 0.2976525406294348]
FScore: 0.8
[669, 977, 2981, 773]
[0.9090909090909091, 0.4811320754716981, 0.0, 0.7471636952998378]
[0.1802957570640425, 0.10419977548796303, 0.013752756254409675, 0.2976525406294348]
Matthews: -0.1054092553389458
[669, 977, 2981, 773]
[0.1438653989413703, 0.40971618227070833, 0.0, 0.0]
[0.1802957570640425, 0.10419977548796303, 0.013752756254409675, 0.2976525406294348]

Analysis for pima (700)
Precision: -0.39999999999999997
[120, 133, 96, 351]
[1.0, 0.0, 0.041666666666666664, 0.9834437086092715]
[0.0884911126158969, 0.22124858247128598, 0.08404423302054614, 0.024284904918731864]
Recall: -0.8
[120, 133, 96, 351]
[0.5932203389830508, 0.0, 0.09090909090909091, 0.928125]
[0.0884911126158969, 0.22124858247128598, 0.08404423302054614, 0.024284904918731864]
Accuracy: -1.0
[120, 133, 96, 351]
[0.6, 0.3308270676691729, 0.65625, 0.9202279202279202]
[0.0884911126158969, 0.22124858247128598, 0.08404423302054614, 0.024284904918731864]
FScore: -0.8
[120, 133, 96, 351]
[0.7446808510638298, 0.0, 0.05714285714285715, 0.9549839228295819]
[0.0884911126158969, 0.22124858247128598, 0.08404423302054614, 0.024284904918731864]
Matthews: -0.39999999999999997
[120, 133, 96, 351]
[0.15404159684748153, -0.12171612389003693, -0.13216960960863816, 0.6278502459051968]
[0.0884911126158969, 0.22124858247128598, 0.08404423302054614, 0.024284904918731864]

Analysis for ring (7400)
Precision: -0.6000000000000001
[807, 732, 1065, 4796]
[0.03146853146853147, 0.944206008583691, 0.9927536231884058, 0.985200845665962]
[0.0974223227037917, 0.26322235974927655, 0.09241705684287974, 0.02348723248383005]
Recall: -0.39999999999999997
[807, 732, 1065, 4796]
[1.0, 0.30598052851182195, 0.9064272211720227, 0.9925452609158679]
[0.0974223227037917, 0.26322235974927655, 0.09241705684287974, 0.02348723248383005]
Accuracy: -1.0
[807, 732, 1065, 4796]
[0.6567534076827757, 0.3005464480874317, 0.9004694835680751, 0.9912427022518766]
[0.0974223227037917, 0.26322235974927655, 0.09241705684287974, 0.02348723248383005]
FScore: -0.8
[807, 732, 1065, 4796]
[0.06101694915254238, 0.4621848739495798, 0.9476284584980236, 0.9888594164456234]
[0.0974223227037917, 0.26322235974927655, 0.09241705684287974, 0.02348723248383005]
Matthews: -0.8
[807, 732, 1065, 4796]
[0.14333612325389142, -0.19677935977882113, -0.026039654657761646, 0.9816639373922116]
[0.0974223227037917, 0.26322235974927655, 0.09241705684287974, 0.02348723248383005]

Analysis for spambase (4550)
Precision: -1.0
[435, 1604, 652, 1859]
[0.0979381443298969, 0.9826086956521739, 0.5377358490566038, 0.9940387481371088]
[0.29177055409213887, 0.06048526081898963, 0.14787321228205064, 0.009300185659098327]
Recall: -1.0
[435, 1604, 652, 1859]
[0.2289156626506024, 0.9269893355209188, 0.5, 0.9925595238095238]
[0.29177055409213887, 0.06048526081898963, 0.14787321228205064, 0.009300185659098327]
Accuracy: -1.0
[435, 1604, 652, 1859]
[0.45057471264367815, 0.9320448877805486, 0.8374233128834356, 0.9903173749327595]
[0.29177055409213887, 0.06048526081898963, 0.14787321228205064, 0.009300185659098327]
FScore: -1.0
[435, 1604, 652, 1859]
[0.13718411552346568, 0.9539890249050232, 0.5181818181818182, 0.9932985852568875]
[0.29177055409213887, 0.06048526081898963, 0.14787321228205064, 0.009300185659098327]
Matthews: -1.0
[435, 1604, 652, 1859]
[-0.21204599910804456, 0.8296289798781886, 0.42095407175904614, 0.975860270903488]
[0.29177055409213887, 0.06048526081898963, 0.14787321228205064, 0.009300185659098327]

Analysis for twonorm (7400)
Precision: -0.9486832980505139
[306, 3376, 2633, 1085]
[0.44516129032258067, 1.0, 1.0, 0.9948186528497409]
[0.17440067952557387, 0.005123234639526671, 0.021401395855931434, 0.06411146132013686]
Recall: -0.9486832980505139
[306, 3376, 2633, 1085]
[0.5, 1.0, 1.0, 0.9948186528497409]
[0.17440067952557387, 0.005123234639526671, 0.021401395855931434, 0.06411146132013686]
Accuracy: -0.9486832980505139
[306, 3376, 2633, 1085]
[0.4934640522875817, 1.0, 1.0, 0.9944700460829493]
[0.17440067952557387, 0.005123234639526671, 0.021401395855931434, 0.06411146132013686]
FScore: -0.9486832980505139
[306, 3376, 2633, 1085]
[0.4709897610921502, 1.0, 1.0, 0.9948186528497409]
[0.17440067952557387, 0.005123234639526671, 0.021401395855931434, 0.06411146132013686]
Matthews: -0.9486832980505139
[306, 3376, 2633, 1085]
[-0.01184842367530749, 1.0, 1.0, 0.9888897990948002]
[0.17440067952557387, 0.005123234639526671, 0.021401395855931434, 0.06411146132013686]

Analysis for wdbc (560)
Precision: 0.9486832980505138
[61, 0, 434, 65]
[1.0, 0.0, 0.8210526315789474, 1.0]
[0.07832395566703801, 0.0, 0.003206287051347882, 0.02193814683826183]
Recall: 0.2000000000000001
[61, 0, 434, 65]
[0.819672131147541, 0.0, 0.975, 0.9230769230769231]
[0.07832395566703801, 0.0, 0.003206287051347882, 0.02193814683826183]
Accuracy: 0.2000000000000001
[61, 0, 434, 65]
[0.819672131147541, 0.0, 0.956221198156682, 0.9230769230769231]
[0.07832395566703801, 0.0, 0.003206287051347882, 0.02193814683826183]
FScore: 0.8
[61, 0, 434, 65]
[0.9009009009009009, 0.0, 0.8914285714285713, 0.9600000000000001]
[0.07832395566703801, 0.0, 0.003206287051347882, 0.02193814683826183]
Matthews: -0.25819888974716104
[61, 0, 434, 65]
[0.0, 0.0, 0.8692688544920657, 0.0]
[0.07832395566703801, 0.0, 0.003206287051347882, 0.02193814683826183]
