MultiResolutionExperiment(5, 10, MultiResolutionTransform(10, 0.20)

Analysis for appendicitis (100)
Precision: -0.8660254037844386
[5, 1, 77, 8, 9]
[0.0, 0.0, 1.0, 0.0, 1.0]
[0.2988181651486842, 0.3941312741312742, 0.005653345201413074, 0.10782754467610506, 0.07690410067710829]
Recall: -0.8944271909999159
[5, 1, 77, 8, 9]
[0.0, 0.0, 0.9868421052631579, 0.0, 0.25]
[0.2988181651486842, 0.3941312741312742, 0.005653345201413074, 0.10782754467610506, 0.07690410067710829]
Accuracy: -0.9746794344808963
[5, 1, 77, 8, 9]
[0.0, 0.0, 0.987012987012987, 0.5, 0.6666666666666666]
[0.2988181651486842, 0.3941312741312742, 0.005653345201413074, 0.10782754467610506, 0.07690410067710829]
FScore: -0.8944271909999159
[5, 1, 77, 8, 9]
[0.0, 0.0, 0.9933774834437086, 0.0, 0.4]
[0.2988181651486842, 0.3941312741312742, 0.005653345201413074, 0.10782754467610506, 0.07690410067710829]
Matthews: -0.8944271909999159
[5, 1, 77, 8, 9]
[0.0, 0.0, 0.7024393586862705, 0.0, 0.3952847075210474]
[0.2988181651486842, 0.3941312741312742, 0.005653345201413074, 0.10782754467610506, 0.07690410067710829]

Analysis for banana (5300)
Precision: -0.7000000000000001
[573, 1439, 494, 2315, 479]
[0.9974619289340102, 0.994475138121547, 0.6190476190476191, 0.9974160206718347, 0.006430868167202572]
[0.1784777924632473, 0.07879462208051184, 0.19035020408632974, 0.025239373584452066, 0.36839818058256774]
Recall: -1.0
[573, 1439, 494, 2315, 479]
[0.7158469945355191, 0.994475138121547, 0.6190476190476191, 0.9987063389391979, 0.031746031746031744]
[0.1784777924632473, 0.07879462208051184, 0.19035020408632974, 0.025239373584452066, 0.36839818058256774]
Accuracy: -0.9
[573, 1439, 494, 2315, 479]
[0.7260034904013961, 0.9944405837387075, 0.9352226720647774, 0.9974082073434125, 0.22755741127348644]
[0.1784777924632473, 0.07879462208051184, 0.19035020408632974, 0.025239373584452066, 0.36839818058256774]
FScore: -1.0
[573, 1439, 494, 2315, 479]
[0.8335100742311771, 0.994475138121547, 0.6190476190476191, 0.998060762766645, 0.010695187165775402]
[0.1784777924632473, 0.07879462208051184, 0.19035020408632974, 0.025239373584452066, 0.36839818058256774]
Matthews: -0.9
[573, 1439, 494, 2315, 479]
[0.2914024793853064, 0.9888807325271414, 0.5836493889591234, 0.9941564049101339, -0.5035906077500021]
[0.1784777924632473, 0.07879462208051184, 0.19035020408632974, 0.025239373584452066, 0.36839818058256774]

Analysis for breast-cancer-original (650)
Precision: -0.5773502691896258
[12, 561, 17, 30, 30]
[1.0, 1.0, 0.0, 1.0, 0.0]
[0.09748842352132257, 9.084122435045025E-4, 0.17860858645201305, 0.017476223420400543, 0.053069806870363015]
Recall: -0.8207826816681233
[12, 561, 17, 30, 30]
[0.3333333333333333, 0.9927360774818402, 0.0, 0.6666666666666666, 0.0]
[0.09748842352132257, 9.084122435045025E-4, 0.17860858645201305, 0.017476223420400543, 0.053069806870363015]
Accuracy: -1.0
[12, 561, 17, 30, 30]
[0.8333333333333334, 0.9946524064171123, 0.6470588235294118, 0.9666666666666667, 0.8666666666666667]
[0.09748842352132257, 9.084122435045025E-4, 0.17860858645201305, 0.017476223420400543, 0.053069806870363015]
FScore: -0.8207826816681233
[12, 561, 17, 30, 30]
[0.5, 0.9963547995139732, 0.0, 0.8, 0.0]
[0.09748842352132257, 9.084122435045025E-4, 0.17860858645201305, 0.017476223420400543, 0.053069806870363015]
Matthews: -0.8207826816681233
[12, 561, 17, 30, 30]
[0.5222329678670935, 0.9864141342024588, 0.0, 0.8017837257372732, 0.0]
[0.09748842352132257, 9.084122435045025E-4, 0.17860858645201305, 0.017476223420400543, 0.053069806870363015]

Analysis for mammographic-masses (960)
Precision: -0.9
[99, 84, 96, 424, 257]
[0.2857142857142857, 0.24444444444444444, 0.5535714285714286, 0.9938461538461538, 0.8307692307692308]
[0.20083592165921857, 0.397126590262896, 0.2094196164595937, 0.03575112299964709, 0.08945576088773707]
Recall: -1.0
[99, 84, 96, 424, 257]
[0.7619047619047619, 0.22, 0.5535714285714286, 0.99079754601227, 0.8709677419354839]
[0.20083592165921857, 0.397126590262896, 0.2094196164595937, 0.03575112299964709, 0.08945576088773707]
Accuracy: -1.0
[99, 84, 96, 424, 257]
[0.5454545454545454, 0.13095238095238096, 0.4791666666666667, 0.9882075471698113, 0.9260700389105059]
[0.20083592165921857, 0.397126590262896, 0.2094196164595937, 0.03575112299964709, 0.08945576088773707]
FScore: -0.9
[99, 84, 96, 424, 257]
[0.41558441558441556, 0.23157894736842105, 0.5535714285714286, 0.9923195084485407, 0.8503937007874016]
[0.20083592165921857, 0.397126590262896, 0.2094196164595937, 0.03575112299964709, 0.08945576088773707]
Matthews: -1.0
[99, 84, 96, 424, 257]
[0.20543525386979516, -0.7676804890925217, -0.07142857142857142, 0.966960194064416, 0.8017290068576128]
[0.20083592165921857, 0.397126590262896, 0.2094196164595937, 0.03575112299964709, 0.08945576088773707]

Analysis for phoneme (5400)
Precision: 0.9
[688, 678, 2720, 620, 694]
[0.9859154929577465, 0.5476190476190477, 0.0, 0.2603550295857988, 1.0]
[0.21056369638528383, 0.0669260952419145, 0.011395692900171573, 0.14950248867534302, 0.34732442435806465]
Recall: 0.0
[688, 678, 2720, 620, 694]
[0.8333333333333334, 0.9583333333333334, 0.0, 0.8888888888888888, 0.5778097982708934]
[0.21056369638528383, 0.0669260952419145, 0.011395692900171573, 0.14950248867534302, 0.34732442435806465]
Accuracy: -0.9
[688, 678, 2720, 620, 694]
[0.8255813953488372, 0.8525073746312685, 0.9863970588235295, 0.5790322580645161, 0.5778097982708934]
[0.21056369638528383, 0.0669260952419145, 0.011395692900171573, 0.14950248867534302, 0.34732442435806465]
FScore: 0.8
[688, 678, 2720, 620, 694]
[0.9032258064516129, 0.696969696969697, 0.0, 0.402745995423341, 0.7324200913242009]
[0.21056369638528383, 0.0669260952419145, 0.011395692900171573, 0.14950248867534302, 0.34732442435806465]
Matthews: -0.2051956704170307
[688, 678, 2720, 620, 694]
[0.13239103648461645, 0.650499246415737, 0.0, 0.3008998177850493, 0.0]
[0.21056369638528383, 0.0669260952419145, 0.011395692900171573, 0.14950248867534302, 0.34732442435806465]

Analysis for pima (700)
Precision: -0.6668859288553503
[86, 85, 76, 343, 110]
[0.0, 0.0, 0.35, 0.9900990099009901, 1.0]
[0.16085272801220668, 0.28772476711612727, 0.058747435997261184, 0.027080676763783236, 0.10757829816099664]
Recall: -0.872081599272381
[86, 85, 76, 343, 110]
[0.0, 0.0, 0.3888888888888889, 0.9316770186335404, 0.5700934579439252]
[0.16085272801220668, 0.28772476711612727, 0.058747435997261184, 0.027080676763783236, 0.10757829816099664]
Accuracy: -1.0
[86, 85, 76, 343, 110]
[0.5581395348837209, 0.23529411764705882, 0.6842105263157895, 0.9271137026239067, 0.5818181818181818]
[0.16085272801220668, 0.28772476711612727, 0.058747435997261184, 0.027080676763783236, 0.10757829816099664]
FScore: -0.872081599272381
[86, 85, 76, 343, 110]
[0.0, 0.0, 0.36842105263157887, 0.96, 0.7261904761904762]
[0.16085272801220668, 0.28772476711612727, 0.058747435997261184, 0.027080676763783236, 0.10757829816099664]
Matthews: -0.8
[86, 85, 76, 343, 110]
[-0.1574963579388335, 0.0, 0.15906300624662031, 0.5892018722979541, 0.18682526889745849]
[0.16085272801220668, 0.28772476711612727, 0.058747435997261184, 0.027080676763783236, 0.10757829816099664]

Analysis for ring (7400)
Precision: -0.30000000000000004
[39, 845, 722, 992, 4802]
[0.0, 0.09830508474576272, 0.9078947368421053, 0.9875986471251409, 0.9867751780264497]
[0.11043206424622672, 0.10737864248649374, 0.3040640361760748, 0.10991386463174492, 0.02562478758947053]
Recall: -0.8
[39, 845, 722, 992, 4802]
[0.0, 1.0, 0.2957142857142857, 0.8929663608562691, 0.9928352098259979]
[0.11043206424622672, 0.10737864248649374, 0.3040640361760748, 0.10991386463174492, 0.02562478758947053]
Accuracy: -0.6
[39, 845, 722, 992, 4802]
[0.9743589743589743, 0.685207100591716, 0.2880886426592798, 0.8830645161290323, 0.9916701374427322]
[0.11043206424622672, 0.10737864248649374, 0.3040640361760748, 0.10991386463174492, 0.02562478758947053]
FScore: -0.5
[39, 845, 722, 992, 4802]
[0.0, 0.17901234567901236, 0.4461206896551723, 0.9379014989293362, 0.9897959183673469]
[0.11043206424622672, 0.10737864248649374, 0.3040640361760748, 0.10991386463174492, 0.02562478758947053]
Matthews: -0.9
[39, 845, 722, 992, 4802]
[0.0, 0.25740931348598356, -0.24361476114585476, -0.036432978583993594, 0.9827718785077554]
[0.11043206424622672, 0.10737864248649374, 0.3040640361760748, 0.10991386463174492, 0.02562478758947053]

Analysis for spambase (4550)
Precision: -0.9
[386, 475, 1576, 680, 1433]
[0.10582010582010581, 0.3230769230769231, 0.9936651583710407, 0.9063545150501672, 0.9964726631393298]
[0.34774485462369803, 0.19073110084880748, 0.006864903254701155, 0.11669290928041987, 0.04805993889843645]
Recall: -1.0
[386, 475, 1576, 680, 1433]
[0.24390243902439024, 0.4375, 0.9936651583710407, 0.7424657534246575, 0.9741379310344828]
[0.34774485462369803, 0.19073110084880748, 0.006864903254701155, 0.11669290928041987, 0.04805993889843645]
Accuracy: -0.9
[386, 475, 1576, 680, 1433]
[0.4015544041450777, 0.8505263157894737, 0.9911167512690355, 0.8205882352941176, 0.9762735519888346]
[0.34774485462369803, 0.19073110084880748, 0.006864903254701155, 0.11669290928041987, 0.04805993889843645]
FScore: -1.0
[386, 475, 1576, 680, 1433]
[0.14760147601476015, 0.37168141592920356, 0.9936651583710407, 0.8162650602409638, 0.9851787271142111]
[0.34774485462369803, 0.19073110084880748, 0.006864903254701155, 0.11669290928041987, 0.04805993889843645]
Matthews: -1.0
[386, 475, 1576, 680, 1433]
[-0.25530552046681615, 0.29330826182885733, 0.9788031626173253, 0.6565991220082538, 0.9272712636571231]
[0.34774485462369803, 0.19073110084880748, 0.006864903254701155, 0.11669290928041987, 0.04805993889843645]

Analysis for twonorm (7400)
Precision: -0.9746794344808963
[196, 2401, 495, 3024, 1284]
[0.2376237623762376, 1.0, 0.959409594095941, 1.0, 0.9984472049689441]
[0.23135761995399842, 0.017317070870313932, 0.10859340362448122, 0.004218268842120735, 0.0465122546886195]
Recall: -0.8944271909999159
[196, 2401, 495, 3024, 1284]
[0.27906976744186046, 1.0, 0.9629629629629629, 1.0, 1.0]
[0.23135761995399842, 0.017317070870313932, 0.10859340362448122, 0.004218268842120735, 0.0465122546886195]
Accuracy: -0.9746794344808963
[196, 2401, 495, 3024, 1284]
[0.29081632653061223, 1.0, 0.9575757575757575, 1.0, 0.9992211838006231]
[0.23135761995399842, 0.017317070870313932, 0.10859340362448122, 0.004218268842120735, 0.0465122546886195]
FScore: -0.9746794344808963
[196, 2401, 495, 3024, 1284]
[0.25668449197860954, 1.0, 0.9611829944547134, 1.0, 0.9992229992229993]
[0.23135761995399842, 0.017317070870313932, 0.10859340362448122, 0.004218268842120735, 0.0465122546886195]
Matthews: -0.9746794344808963
[196, 2401, 495, 3024, 1284]
[-0.4179585347169403, 1.0, 0.9144203399280618, 1.0, 0.9984435712766119]
[0.23135761995399842, 0.017317070870313932, 0.10859340362448122, 0.004218268842120735, 0.0465122546886195]

Analysis for wdbc (560)
Precision: 0.9733285267845752
[59, 0, 0, 65, 436]
[1.0, 0.0, 0.0, 1.0, 0.8247422680412371]
[0.09950230761321015, 0.0, 0.0, 0.031287078278183854, 0.004184241086410881]
Recall: 0.5789473684210527
[59, 0, 0, 65, 436]
[0.8305084745762712, 0.0, 0.0, 0.9076923076923077, 0.975609756097561]
[0.09950230761321015, 0.0, 0.0, 0.031287078278183854, 0.004184241086410881]
Accuracy: 0.5789473684210527
[59, 0, 0, 65, 436]
[0.8305084745762712, 0.0, 0.0, 0.9076923076923077, 0.9564220183486238]
[0.09950230761321015, 0.0, 0.0, 0.031287078278183854, 0.004184241086410881]
FScore: 0.8947368421052632
[59, 0, 0, 65, 436]
[0.9074074074074074, 0.0, 0.0, 0.9516129032258065, 0.8938547486033519]
[0.09950230761321015, 0.0, 0.0, 0.031287078278183854, 0.004184241086410881]
Matthews: 0.0
[59, 0, 0, 65, 436]
[0.0, 0.0, 0.0, 0.0, 0.871520421593564]
[0.09950230761321015, 0.0, 0.0, 0.031287078278183854, 0.004184241086410881]
