MultiResolutionExperiment(4, 10, MultiResolutionTransform(10, 0.30)

Analysis for appendicitis (100)
Precision: -0.8944271909999159
[15, 2, 7, 76]
[0.0, 1.0, 0.0, 1.0]
[0.11064386556921345, 0.08197664891308196, 0.315952386620279, 0.006464659812997]
Recall: -0.7378647873726218
[15, 2, 7, 76]
[0.0, 1.0, 0.0, 0.9866666666666667]
[0.11064386556921345, 0.08197664891308196, 0.315952386620279, 0.006464659812997]
Accuracy: -0.8
[15, 2, 7, 76]
[0.5333333333333333, 1.0, 0.14285714285714285, 0.9868421052631579]
[0.11064386556921345, 0.08197664891308196, 0.315952386620279, 0.006464659812997]
FScore: -0.7378647873726218
[15, 2, 7, 76]
[0.0, 1.0, 0.0, 0.9932885906040269]
[0.11064386556921345, 0.08197664891308196, 0.315952386620279, 0.006464659812997]
Matthews: -0.6324555320336759
[15, 2, 7, 76]
[-0.30151134457776363, 0.0, 0.0, 0.7023769168568493]
[0.11064386556921345, 0.08197664891308196, 0.315952386620279, 0.006464659812997]

Analysis for banana (5300)
Precision: -0.8000000000000002
[2924, 784, 603, 989]
[0.9980353634577603, 0.990990990990991, 0.0243161094224924, 0.9595959595959596]
[0.0536382029489157, 0.17103780651821301, 0.3471803126870278, 0.13997040135561467]
Recall: -1.0
[2924, 784, 603, 989]
[0.9990167158308751, 0.7692307692307693, 0.10256410256410256, 0.979381443298969]
[0.0536382029489157, 0.17103780651821301, 0.3471803126870278, 0.13997040135561467]
Accuracy: -1.0
[2924, 784, 603, 989]
[0.9979480164158687, 0.7831632653061225, 0.351575456053068, 0.993933265925177]
[0.0536382029489157, 0.17103780651821301, 0.3471803126870278, 0.13997040135561467]
FScore: -1.0
[2924, 784, 603, 989]
[0.9985257985257985, 0.8661417322834647, 0.03931203931203931, 0.9693877551020409]
[0.0536382029489157, 0.17103780651821301, 0.3471803126870278, 0.13997040135561467]
Matthews: -1.0
[2924, 784, 603, 989]
[0.995152522844159, 0.43411111716096507, -0.34296977636751624, 0.9660831097331558]
[0.0536382029489157, 0.17103780651821301, 0.3471803126870278, 0.13997040135561467]

Analysis for breast-cancer-original (650)
Precision: -0.8944271909999159
[567, 45, 17, 21]
[1.0, 1.0, 0.0, 0.0]
[0.0016353174356925754, 0.036688817453183066, 0.19200349257405613, 0.0974333804840828]
Recall: -0.9486832980505139
[567, 45, 17, 21]
[0.9879807692307693, 0.5, 0.0, 0.0]
[0.0016353174356925754, 0.036688817453183066, 0.19200349257405613, 0.0974333804840828]
Accuracy: -1.0
[567, 45, 17, 21]
[0.9911816578483245, 0.9555555555555556, 0.7058823529411765, 0.8095238095238095]
[0.0016353174356925754, 0.036688817453183066, 0.19200349257405613, 0.0974333804840828]
FScore: -0.9486832980505139
[567, 45, 17, 21]
[0.9939540507859734, 0.6666666666666666, 0.0, 0.0]
[0.0016353174356925754, 0.036688817453183066, 0.19200349257405613, 0.0974333804840828]
Matthews: -0.9486832980505139
[567, 45, 17, 21]
[0.977913451658638, 0.6904666436885359, 0.0, 0.0]
[0.0016353174356925754, 0.036688817453183066, 0.19200349257405613, 0.0974333804840828]

Analysis for mammographic-masses (960)
Precision: -1.0
[135, 130, 523, 172]
[0.7605633802816901, 0.3157894736842105, 0.9881305637982196, 0.38095238095238093]
[0.14278507999761783, 0.3587807059112054, 0.048517862029992316, 0.1667694505115099]
Recall: -0.8000000000000002
[135, 130, 523, 172]
[0.7714285714285715, 0.3116883116883117, 0.985207100591716, 0.8]
[0.14278507999761783, 0.3587807059112054, 0.048517862029992316, 0.1667694505115099]
Accuracy: -1.0
[135, 130, 523, 172]
[0.7555555555555555, 0.19230769230769232, 0.982791586998088, 0.7383720930232558]
[0.14278507999761783, 0.3587807059112054, 0.048517862029992316, 0.1667694505115099]
FScore: -1.0
[135, 130, 523, 172]
[0.7659574468085106, 0.3137254901960784, 0.9866666666666667, 0.5161290322580645]
[0.14278507999761783, 0.3587807059112054, 0.048517862029992316, 0.1667694505115099]
Matthews: -1.0
[135, 130, 523, 172]
[0.5102266340340309, -0.6675652501593566, 0.9624164520343111, 0.4137821567496104]
[0.14278507999761783, 0.3587807059112054, 0.048517862029992316, 0.1667694505115099]

Analysis for phoneme (5400)
Precision: 1.0
[679, 952, 3006, 763]
[0.9913194444444444, 0.31634819532908703, 0.0, 0.9977528089887641]
[0.2211523574164132, 0.12713245739651566, 0.017740203020628734, 0.35706050454473853]
Recall: 0.2000000000000001
[679, 952, 3006, 763]
[0.8573573573573574, 0.9490445859872612, 0.0, 0.5826771653543307]
[0.2211523574164132, 0.12713245739651566, 0.017740203020628734, 0.35706050454473853]
Accuracy: -0.8
[679, 952, 3006, 763]
[0.8527245949926362, 0.6533613445378151, 0.9793745841650033, 0.581913499344692]
[0.2211523574164132, 0.12713245739651566, 0.017740203020628734, 0.35706050454473853]
FScore: 0.8
[679, 952, 3006, 763]
[0.9194847020933977, 0.4745222929936306, 0.0, 0.7357083678541838]
[0.2211523574164132, 0.12713245739651566, 0.017740203020628734, 0.35706050454473853]
Matthews: -0.39999999999999997
[679, 952, 3006, 763]
[0.1805939095533415, 0.40379393174720407, 0.0, -0.030623587686606165]
[0.2211523574164132, 0.12713245739651566, 0.017740203020628734, 0.35706050454473853]

Analysis for pima (700)
Precision: -0.8
[120, 121, 102, 357]
[1.0, 0.0, 0.037037037037037035, 0.9837133550488599]
[0.10734625982961359, 0.27591335368761283, 0.11828898105144507, 0.0317554913355466]
Recall: -1.0
[120, 121, 102, 357]
[0.5603448275862069, 0.0, 0.16666666666666666, 0.9235474006116208]
[0.10734625982961359, 0.27591335368761283, 0.11828898105144507, 0.0317554913355466]
Accuracy: -0.8
[120, 121, 102, 357]
[0.575, 0.2892561983471074, 0.696078431372549, 0.9159663865546218]
[0.10734625982961359, 0.27591335368761283, 0.11828898105144507, 0.0317554913355466]
FScore: -1.0
[120, 121, 102, 357]
[0.718232044198895, 0.0, 0.06060606060606061, 0.9526813880126183]
[0.10734625982961359, 0.27591335368761283, 0.11828898105144507, 0.0317554913355466]
Matthews: -1.0
[120, 121, 102, 357]
[0.20187211569996158, -0.14027090192169553, -0.05555555555555555, 0.6050729866622351]
[0.10734625982961359, 0.27591335368761283, 0.11828898105144507, 0.0317554913355466]

Analysis for ring (7400)
Precision: 0.0
[1082, 754, 835, 4729]
[0.9939271255060729, 0.94, 0.03508771929824561, 0.9843581445523193]
[0.11524267960069308, 0.3132359172466343, 0.11522023240627557, 0.029663988884475564]
Recall: -0.8
[1082, 754, 835, 4729]
[0.912639405204461, 0.31799729364005414, 1.0, 0.9923871669385536]
[0.11524267960069308, 0.3132359172466343, 0.11522023240627557, 0.029663988884475564]
Accuracy: -0.8
[1082, 754, 835, 4729]
[0.9075785582255084, 0.3116710875331565, 0.6706586826347305, 0.990907168534574]
[0.11524267960069308, 0.3132359172466343, 0.11522023240627557, 0.029663988884475564]
FScore: -0.39999999999999997
[1082, 754, 835, 4729]
[0.9515503875968991, 0.4752275025278059, 0.06779661016949151, 0.9883563498510697]
[0.11524267960069308, 0.3132359172466343, 0.11522023240627557, 0.029663988884475564]
Matthews: -1.0
[1082, 754, 835, 4729]
[-0.023033235289644655, -0.20228732629998536, 0.1529438225803745, 0.9809195268538206]
[0.11524267960069308, 0.3132359172466343, 0.11522023240627557, 0.029663988884475564]

Analysis for spambase (4550)
Precision: -1.0
[442, 1640, 632, 1836]
[0.10101010101010101, 0.9819897084048027, 0.5, 0.9947604790419161]
[0.3441227065824245, 0.07557454835011958, 0.17874149834519915, 0.01240050496318762]
Recall: -1.0
[442, 1640, 632, 1836]
[0.2247191011235955, 0.9196787148594378, 0.5287356321839081, 0.9925317401045557]
[0.3441227065824245, 0.07557454835011958, 0.17874149834519915, 0.01240050496318762]
Accuracy: -1.0
[442, 1640, 632, 1836]
[0.4411764705882353, 0.926219512195122, 0.8623417721518988, 0.9907407407407407]
[0.3441227065824245, 0.07557454835011958, 0.17874149834519915, 0.01240050496318762]
FScore: -1.0
[442, 1640, 632, 1836]
[0.13937282229965156, 0.9498133554541685, 0.5139664804469274, 0.9936448598130841]
[0.3441227065824245, 0.07557454835011958, 0.17874149834519915, 0.01240050496318762]
Matthews: -1.0
[442, 1640, 632, 1836]
[-0.22541539245401204, 0.8173732875321588, 0.4340848598619571, 0.9766021163283679]
[0.3441227065824245, 0.07557454835011958, 0.17874149834519915, 0.01240050496318762]

Analysis for twonorm (7400)
Precision: -0.9486832980505139
[312, 3141, 2779, 1168]
[0.4625, 1.0, 1.0, 0.9951612903225806]
[0.2085351280455778, 0.0077497464235642185, 0.028485026826643285, 0.07935165281783581]
Recall: -0.9486832980505139
[312, 3141, 2779, 1168]
[0.5174825174825175, 1.0, 1.0, 0.9951612903225806]
[0.2085351280455778, 0.0077497464235642185, 0.028485026826643285, 0.07935165281783581]
Accuracy: -0.9486832980505139
[312, 3141, 2779, 1168]
[0.5032051282051282, 1.0, 1.0, 0.9948630136986302]
[0.2085351280455778, 0.0077497464235642185, 0.028485026826643285, 0.07935165281783581]
FScore: -0.9486832980505139
[312, 3141, 2779, 1168]
[0.4884488448844885, 1.0, 1.0, 0.9951612903225806]
[0.2085351280455778, 0.0077497464235642185, 0.028485026826643285, 0.07935165281783581]
Matthews: -0.9486832980505139
[312, 3141, 2779, 1168]
[0.00857966199371452, 1.0, 1.0, 0.9896868377678362]
[0.2085351280455778, 0.0077497464235642185, 0.028485026826643285, 0.07935165281783581]

Analysis for wdbc (560)
Precision: 0.9486832980505138
[68, 0, 429, 63]
[1.0, 0.0, 0.8131868131868132, 1.0]
[0.10498287003342731, 0.0, 0.005292900428389326, 0.03266004738585497]
Recall: 0.2000000000000001
[68, 0, 429, 63]
[0.8235294117647058, 0.0, 0.9866666666666667, 0.9206349206349206]
[0.10498287003342731, 0.0, 0.005292900428389326, 0.03266004738585497]
Accuracy: 0.2000000000000001
[68, 0, 429, 63]
[0.8235294117647058, 0.0, 0.958041958041958, 0.9206349206349206]
[0.10498287003342731, 0.0, 0.005292900428389326, 0.03266004738585497]
FScore: 0.8
[68, 0, 429, 63]
[0.9032258064516129, 0.0, 0.8915662650602411, 0.9586776859504132]
[0.10498287003342731, 0.0, 0.005292900428389326, 0.03266004738585497]
Matthews: -0.25819888974716104
[68, 0, 429, 63]
[0.0, 0.0, 0.8720756416465334, 0.0]
[0.10498287003342731, 0.0, 0.005292900428389326, 0.03266004738585497]
