MultiResolutionExperiment(5, 10, MultiResolutionTransform(10, 0.15)

Analysis for appendicitis (100)
Precision: -0.5773502691896258
[1, 13, 72, 9, 5]
[1.0, 0.0, 1.0, 0.0, 1.0]
[0.137881998098695, 0.054874575756846206, 0.004241084129070931, 0.24048836601591755, 0.014653812721509844]
Recall: -0.31622776601683794
[1, 13, 72, 9, 5]
[1.0, 0.0, 0.9859154929577465, 0.0, 1.0]
[0.137881998098695, 0.054874575756846206, 0.004241084129070931, 0.24048836601591755, 0.014653812721509844]
Accuracy: -0.41039134083406165
[1, 13, 72, 9, 5]
[1.0, 0.6153846153846154, 0.9861111111111112, 0.1111111111111111, 1.0]
[0.137881998098695, 0.054874575756846206, 0.004241084129070931, 0.24048836601591755, 0.014653812721509844]
FScore: -0.31622776601683794
[1, 13, 72, 9, 5]
[1.0, 0.0, 0.9929078014184397, 0.0, 1.0]
[0.137881998098695, 0.054874575756846206, 0.004241084129070931, 0.24048836601591755, 0.014653812721509844]
Matthews: -0.4472135954999579
[1, 13, 72, 9, 5]
[0.0, -0.23354968324845687, 0.7021094974994095, 0.0, 0.0]
[0.137881998098695, 0.054874575756846206, 0.004241084129070931, 0.24048836601591755, 0.014653812721509844]

Analysis for banana (5300)
Precision: -0.9
[547, 458, 448, 2454, 1393]
[0.9945652173913043, 0.006535947712418301, 0.5555555555555556, 0.9962121212121212, 0.9972067039106145]
[0.1793694037472659, 0.37117847206608134, 0.1898443049525743, 0.0171822467149639, 0.07122953757740953]
Recall: -1.0
[547, 458, 448, 2454, 1393]
[0.7079303675048356, 0.031746031746031744, 0.5555555555555556, 0.999366687777074, 0.9916666666666667]
[0.1793694037472659, 0.37117847206608134, 0.1898443049525743, 0.0171822467149639, 0.07122953757740953]
Accuracy: -0.9
[547, 458, 448, 2454, 1393]
[0.720292504570384, 0.20305676855895197, 0.9107142857142857, 0.9971475142624286, 0.994256999282125]
[0.1793694037472659, 0.37117847206608134, 0.1898443049525743, 0.0171822467149639, 0.07122953757740953]
FScore: -1.0
[547, 458, 448, 2454, 1393]
[0.8271186440677967, 0.01084010840108401, 0.5555555555555556, 0.9977869111602908, 0.9944289693593316]
[0.1793694037472659, 0.37117847206608134, 0.1898443049525743, 0.0171822467149639, 0.07122953757740953]
Matthews: -0.9
[547, 458, 448, 2454, 1393]
[0.31116599574632076, -0.5397201759905985, 0.5059277639922801, 0.9937853005046353, 0.9885194710009195]
[0.1793694037472659, 0.37117847206608134, 0.1898443049525743, 0.0171822467149639, 0.07122953757740953]

Analysis for breast-cancer-original (650)
Precision: -0.5773502691896258
[21, 556, 25, 35, 13]
[1.0, 1.0, 0.0, 1.0, 0.0]
[0.08145771864892938, 5.968008599518335E-4, 0.04113484465358453, 0.011993455879002109, 0.1837224030116601]
Recall: -0.8207826816681233
[21, 556, 25, 35, 13]
[0.25, 0.9926829268292683, 0.0, 0.8333333333333334, 0.0]
[0.08145771864892938, 5.968008599518335E-4, 0.04113484465358453, 0.011993455879002109, 0.1837224030116601]
Accuracy: -0.9
[21, 556, 25, 35, 13]
[0.8571428571428571, 0.9946043165467626, 0.8, 0.9714285714285714, 0.6923076923076923]
[0.08145771864892938, 5.968008599518335E-4, 0.04113484465358453, 0.011993455879002109, 0.1837224030116601]
FScore: -0.8207826816681233
[21, 556, 25, 35, 13]
[0.4, 0.996328029375765, 0.0, 0.9090909090909091, 0.0]
[0.08145771864892938, 5.968008599518335E-4, 0.04113484465358453, 0.011993455879002109, 0.1837224030116601]
Matthews: -0.8207826816681233
[21, 556, 25, 35, 13]
[0.4609772228646444, 0.9862535283902593, 0.0, 0.8975274678557507, 0.0]
[0.08145771864892938, 5.968008599518335E-4, 0.04113484465358453, 0.011993455879002109, 0.1837224030116601]

Analysis for mammographic-masses (960)
Precision: -0.9
[77, 97, 243, 442, 101]
[0.21951219512195122, 0.5357142857142857, 0.8253968253968254, 0.993920972644377, 0.29310344827586204]
[0.4048788454028371, 0.2144986594339512, 0.0889036730743326, 0.03370750182999386, 0.2034601268749451]
Recall: -1.0
[77, 97, 243, 442, 101]
[0.2, 0.5357142857142857, 0.8253968253968254, 0.993920972644377, 0.7727272727272727]
[0.4048788454028371, 0.2144986594339512, 0.0889036730743326, 0.03370750182999386, 0.2034601268749451]
Accuracy: -1.0
[77, 97, 243, 442, 101]
[0.11688311688311688, 0.4639175257731959, 0.9094650205761317, 0.9909502262443439, 0.5445544554455446]
[0.4048788454028371, 0.2144986594339512, 0.0889036730743326, 0.03370750182999386, 0.2034601268749451]
FScore: -0.9
[77, 97, 243, 442, 101]
[0.20930232558139536, 0.5357142857142857, 0.8253968253968254, 0.993920972644377, 0.425]
[0.4048788454028371, 0.2144986594339512, 0.0889036730743326, 0.03370750182999386, 0.2034601268749451]
Matthews: -1.0
[77, 97, 243, 442, 101]
[-0.7901836773196717, -0.09843205574912892, 0.7642857142857142, 0.9762218576001291, 0.2118192757845912]
[0.4048788454028371, 0.2144986594339512, 0.0889036730743326, 0.03370750182999386, 0.2034601268749451]

Analysis for phoneme (5400)
Precision: 0.9
[669, 650, 2855, 506, 720]
[0.9745916515426497, 0.6382113821138211, 0.04081632653061224, 0.14590747330960854, 1.0]
[0.18899200982873857, 0.06992525768482954, 0.011476053502938323, 0.1533637659079618, 0.33235270357794]
Recall: -0.39999999999999997
[669, 650, 2855, 506, 720]
[0.8325581395348837, 0.9235294117647059, 0.6666666666666666, 0.8723404255319149, 0.5930555555555556]
[0.18899200982873857, 0.06992525768482954, 0.011476053502938323, 0.1533637659079618, 0.33235270357794]
Accuracy: -0.7000000000000001
[669, 650, 2855, 506, 720]
[0.8176382660687593, 0.8430769230769231, 0.9831873905429072, 0.5138339920948617, 0.5930555555555556]
[0.18899200982873857, 0.06992525768482954, 0.011476053502938323, 0.1533637659079618, 0.33235270357794]
FScore: 0.5
[669, 650, 2855, 506, 720]
[0.8979933110367893, 0.7548076923076923, 0.07692307692307691, 0.25, 0.7445510026155188]
[0.18899200982873857, 0.06992525768482954, 0.011476053502938323, 0.1533637659079618, 0.33235270357794]
Matthews: -0.7000000000000001
[669, 650, 2855, 506, 720]
[0.12160738286832094, 0.6688204561136328, 0.16219288491056746, 0.20413339221030152, 0.0]
[0.18899200982873857, 0.06992525768482954, 0.011476053502938323, 0.1533637659079618, 0.33235270357794]

Analysis for pima (700)
Precision: -0.7000000000000001
[98, 81, 82, 339, 100]
[0.0, 0.03225806451612903, 0.6296296296296297, 0.9864864864864865, 1.0]
[0.2649880326749616, 0.13041318689950593, 0.0458383898790663, 0.02438614285806127, 0.10713951365323758]
Recall: -0.9
[98, 81, 82, 339, 100]
[0.0, 0.2, 0.5151515151515151, 0.9240506329113924, 0.6041666666666666]
[0.2649880326749616, 0.13041318689950593, 0.0458383898790663, 0.02438614285806127, 0.10713951365323758]
Accuracy: -1.0
[98, 81, 82, 339, 100]
[0.2653061224489796, 0.5802469135802469, 0.6829268292682927, 0.9174041297935103, 0.62]
[0.2649880326749616, 0.13041318689950593, 0.0458383898790663, 0.02438614285806127, 0.10713951365323758]
FScore: -0.9
[98, 81, 82, 339, 100]
[0.0, 0.05555555555555555, 0.5666666666666667, 0.954248366013072, 0.7532467532467533]
[0.2649880326749616, 0.13041318689950593, 0.0458383898790663, 0.02438614285806127, 0.10713951365323758]
Matthews: -0.9
[98, 81, 82, 339, 100]
[0.0, -0.09642154195055294, 0.3246009214090604, 0.5668502004201188, 0.2398743057096415]
[0.2649880326749616, 0.13041318689950593, 0.0458383898790663, 0.02438614285806127, 0.10713951365323758]

Analysis for ring (7400)
Precision: -0.6
[792, 865, 485, 605, 4653]
[0.9907651715039578, 0.07434944237918216, 0.9101123595505618, 0.9145496535796767, 0.986870897155361]
[0.06536186491126916, 0.10351439335848617, 0.3311568364564701, 0.17590406107701376, 0.02299631133561525]
Recall: -0.7000000000000001
[792, 865, 485, 605, 4653]
[0.9591315453384419, 1.0, 0.16981132075471697, 0.6984126984126984, 0.9928453494771602]
[0.06536186491126916, 0.10351439335848617, 0.3311568364564701, 0.17590406107701376, 0.02299631133561525]
Accuracy: -1.0
[792, 865, 485, 605, 4653]
[0.9507575757575758, 0.7121387283236994, 0.1670103092783505, 0.656198347107438, 0.9920481409843112]
[0.06536186491126916, 0.10351439335848617, 0.3311568364564701, 0.17590406107701376, 0.02299631133561525]
FScore: -0.7000000000000001
[792, 865, 485, 605, 4653]
[0.9746917585983128, 0.1384083044982699, 0.2862190812720848, 0.7919999999999999, 0.9898491083676269]
[0.06536186491126916, 0.10351439335848617, 0.3311568364564701, 0.17590406107701376, 0.02299631133561525]
Matthews: -0.9
[792, 865, 485, 605, 4653]
[0.09483194472067535, 0.22899902497917174, -0.27317339091718645, -0.14805954984955347, 0.9833253587723229]
[0.06536186491126916, 0.10351439335848617, 0.3311568364564701, 0.17590406107701376, 0.02299631133561525]

Analysis for spambase (4550)
Precision: -0.9
[339, 656, 1661, 450, 1444]
[0.08571428571428572, 0.8867924528301887, 0.9939707149009475, 0.3333333333333333, 0.9955197132616488]
[0.3524020967652589, 0.11954412857702336, 0.00649166494977105, 0.1972652134025972, 0.04765360846561972]
Recall: -1.0
[339, 656, 1661, 450, 1444]
[0.20833333333333334, 0.7253086419753086, 0.9922613929492692, 0.43103448275862066, 0.9720034995625547]
[0.3524020967652589, 0.11954412857702336, 0.00649166494977105, 0.1972652134025972, 0.04765360846561972]
Accuracy: -1.0
[339, 656, 1661, 450, 1444]
[0.35988200589970504, 0.8185975609756098, 0.9903672486453944, 0.8155555555555556, 0.974376731301939]
[0.3524020967652589, 0.11954412857702336, 0.00649166494977105, 0.1972652134025972, 0.04765360846561972]
FScore: -1.0
[339, 656, 1661, 450, 1444]
[0.12145748987854252, 0.797962648556876, 0.9931153184165233, 0.37593984962406013, 0.9836210712704737]
[0.3524020967652589, 0.11954412857702336, 0.00649166494977105, 0.1972652134025972, 0.04765360846561972]
Matthews: -1.0
[339, 656, 1661, 450, 1444]
[-0.3199382446136143, 0.6469457155482534, 0.9770873027428196, 0.27286371951943134, 0.9262304126727237]
[0.3524020967652589, 0.11954412857702336, 0.00649166494977105, 0.1972652134025972, 0.04765360846561972]

Analysis for twonorm (7400)
Precision: -0.9746794344808963
[163, 2195, 1048, 3569, 425]
[0.2, 1.0, 0.9981060606060606, 1.0, 0.9148936170212766]
[0.2370575267435985, 0.0169963107834453, 0.04776276476902864, 0.0035707170458149115, 0.11205973501895239]
Recall: -0.8944271909999159
[163, 2195, 1048, 3569, 425]
[0.2328767123287671, 1.0, 1.0, 1.0, 0.9307359307359307]
[0.2370575267435985, 0.0169963107834453, 0.04776276476902864, 0.0035707170458149115, 0.11205973501895239]
Accuracy: -0.9746794344808963
[163, 2195, 1048, 3569, 425]
[0.2392638036809816, 1.0, 0.9990458015267175, 1.0, 0.9152941176470588]
[0.2370575267435985, 0.0169963107834453, 0.04776276476902864, 0.0035707170458149115, 0.11205973501895239]
FScore: -0.9746794344808963
[163, 2195, 1048, 3569, 425]
[0.21518987341772153, 1.0, 0.9990521327014218, 1.0, 0.9227467811158798]
[0.2370575267435985, 0.0169963107834453, 0.04776276476902864, 0.0035707170458149115, 0.11205973501895239]
Matthews: -0.9746794344808963
[163, 2195, 1048, 3569, 425]
[-0.5203084054176274, 1.0, 0.9980933373236632, 1.0, 0.8291617258067799]
[0.2370575267435985, 0.0169963107834453, 0.04776276476902864, 0.0035707170458149115, 0.11205973501895239]

Analysis for wdbc (560)
Precision: 0.9746794344808963
[48, 0, 37, 432, 43]
[1.0, 0.0, 1.0, 0.8279569892473119, 0.9761904761904762]
[0.10233344961993106, 0.0, 0.04606543088492088, 0.0035888687059522813, 0.015218110824877515]
Recall: 0.09999999999999983
[48, 0, 37, 432, 43]
[0.7916666666666666, 0.0, 0.8648648648648649, 0.9746835443037974, 0.9761904761904762]
[0.10233344961993106, 0.0, 0.04606543088492088, 0.0035888687059522813, 0.015218110824877515]
Accuracy: 0.0
[48, 0, 37, 432, 43]
[0.7916666666666666, 0.0, 0.8648648648648649, 0.9583333333333334, 0.9534883720930233]
[0.10233344961993106, 0.0, 0.04606543088492088, 0.0035888687059522813, 0.015218110824877515]
FScore: 0.30000000000000004
[48, 0, 37, 432, 43]
[0.8837209302325582, 0.0, 0.927536231884058, 0.8953488372093023, 0.9761904761904762]
[0.10233344961993106, 0.0, 0.04606543088492088, 0.0035888687059522813, 0.015218110824877515]
Matthews: -0.22360679774997896
[48, 0, 37, 432, 43]
[0.0, 0.0, 0.0, 0.8740625381491928, -0.023809523809523808]
[0.10233344961993106, 0.0, 0.04606543088492088, 0.0035888687059522813, 0.015218110824877515]
