MultiResolutionExperiment(3, 10, MultiResolutionTransform(50, 0.20)

Analysis for appendicitis (100)
Precision: -0.8660254037844386
[7, 78, 15]
[0.0, 1.0, 0.0]
[0.24358122220467315, 0.006040826197352705, 0.060548154920935494]
Recall: -0.8660254037844386
[7, 78, 15]
[0.0, 0.987012987012987, 0.0]
[0.24358122220467315, 0.006040826197352705, 0.060548154920935494]
Accuracy: -1.0
[7, 78, 15]
[0.14285714285714285, 0.9871794871794872, 0.5333333333333333]
[0.24358122220467315, 0.006040826197352705, 0.060548154920935494]
FScore: -0.8660254037844386
[7, 78, 15]
[0.0, 0.9934640522875817, 0.0]
[0.24358122220467315, 0.006040826197352705, 0.060548154920935494]
Matthews: -0.5
[7, 78, 15]
[0.0, 0.7025001733142089, -0.30151134457776363]
[0.24358122220467315, 0.006040826197352705, 0.060548154920935494]

Analysis for banana (5300)
Precision: -1.0
[629, 3050, 1621]
[0.03003003003003003, 0.9969894631209232, 0.9927849927849928]
[0.3023225622792331, 0.025430924308834015, 0.11671503313996705]
Recall: -1.0
[629, 3050, 1621]
[0.08333333333333333, 0.9984924623115577, 0.8452088452088452]
[0.3023225622792331, 0.025430924308834015, 0.11671503313996705]
Accuracy: -1.0
[629, 3050, 1621]
[0.31160572337042924, 0.9970491803278688, 0.919185687847008]
[0.3023225622792331, 0.025430924308834015, 0.11671503313996705]
FScore: -1.0
[629, 3050, 1621]
[0.04415011037527594, 0.9977403966859151, 0.9130723291307233]
[0.3023225622792331, 0.025430924308834015, 0.11671503313996705]
Matthews: -1.0
[629, 3050, 1621]
[-0.4339359485916922, 0.9934914443995293, 0.847963355216906]
[0.3023225622792331, 0.025430924308834015, 0.11671503313996705]

Analysis for breast-cancer-original (650)
Precision: -0.8660254037844386
[579, 17, 54]
[1.0, 0.0, 1.0]
[9.8511889473743E-4, 0.1405298806428117, 0.03949347547304968]
Recall: -1.0
[579, 17, 54]
[0.9903846153846154, 0.0, 0.14285714285714285]
[9.8511889473743E-4, 0.1405298806428117, 0.03949347547304968]
Accuracy: -1.0
[579, 17, 54]
[0.9930915371329879, 0.6470588235294118, 0.8888888888888888]
[9.8511889473743E-4, 0.1405298806428117, 0.03949347547304968]
FScore: -1.0
[579, 17, 54]
[0.9951690821256038, 0.0, 0.25]
[9.8511889473743E-4, 0.1405298806428117, 0.03949347547304968]
Matthews: -1.0
[579, 17, 54]
[0.9831901281999197, 0.0, 0.35592785240635266]
[9.8511889473743E-4, 0.1405298806428117, 0.03949347547304968]

Analysis for mammographic-masses (960)
Precision: -1.0
[133, 519, 308]
[0.28205128205128205, 0.9881305637982196, 0.6060606060606061]
[0.30588479523183115, 0.03417871396508174, 0.12145939075660908]
Recall: -1.0
[133, 519, 308]
[0.2894736842105263, 0.9823008849557522, 0.8]
[0.30588479523183115, 0.03417871396508174, 0.12145939075660908]
Accuracy: -1.0
[133, 519, 308]
[0.17293233082706766, 0.9807321772639692, 0.7662337662337663]
[0.30588479523183115, 0.03417871396508174, 0.12145939075660908]
FScore: -1.0
[133, 519, 308]
[0.28571428571428575, 0.9852071005917159, 0.689655172413793]
[0.30588479523183115, 0.03417871396508174, 0.12145939075660908]
Matthews: -1.0
[133, 519, 308]
[-0.6963664157081277, 0.9576179433219922, 0.5204164998665333]
[0.30588479523183115, 0.03417871396508174, 0.12145939075660908]

Analysis for phoneme (5400)
Precision: 1.0
[1077, 3110, 1213]
[0.5095846645367412, 0.23076923076923078, 0.9963592233009708]
[0.10701075811293384, 0.013841671214612827, 0.24736186350507788]
Recall: -1.0
[1077, 3110, 1213]
[0.8985915492957747, 0.96, 0.6813278008298755]
[0.10701075811293384, 0.013841671214612827, 0.24736186350507788]
Accuracy: -1.0
[1077, 3110, 1213]
[0.6815227483751161, 0.9739549839228295, 0.6809563066776587]
[0.10701075811293384, 0.013841671214612827, 0.24736186350507788]
FScore: 1.0
[1077, 3110, 1213]
[0.6503567787971458, 0.37209302325581395, 0.8092656481025136]
[0.10701075811293384, 0.013841671214612827, 0.24736186350507788]
Matthews: -1.0
[1077, 3110, 1213]
[0.4510458828741851, 0.4639433540296629, 0.053123480801593716]
[0.10701075811293384, 0.013841671214612827, 0.24736186350507788]

Analysis for pima (700)
Precision: -1.0
[132, 164, 404]
[0.0, 0.6271186440677966, 0.9821958456973294]
[0.204411300455368, 0.08095999713859567, 0.026344835507957923]
Recall: -1.0
[132, 164, 404]
[0.0, 0.4625, 0.8970189701897019]
[0.204411300455368, 0.08095999713859567, 0.026344835507957923]
Accuracy: -1.0
[132, 164, 404]
[0.32575757575757575, 0.6036585365853658, 0.8910891089108911]
[0.204411300455368, 0.08095999713859567, 0.026344835507957923]
FScore: -1.0
[132, 164, 404]
[0.0, 0.5323741007194245, 0.9376770538243626]
[0.204411300455368, 0.08095999713859567, 0.026344835507957923]
Matthews: -1.0
[132, 164, 404]
[-0.12356041264304309, 0.20892220476446496, 0.5487649701480625]
[0.204411300455368, 0.08095999713859567, 0.026344835507957923]

Analysis for ring (7400)
Precision: -0.5
[695, 1192, 5513]
[0.9038461538461539, 0.831858407079646, 0.9377323420074349]
[0.25565340702533823, 0.09679766187699994, 0.0268985322735337]
Recall: -1.0
[695, 1192, 5513]
[0.2785185185185185, 0.8840125391849529, 0.9931102362204725]
[0.25565340702533823, 0.09679766187699994, 0.0268985322735337]
Accuracy: -1.0
[695, 1192, 5513]
[0.27050359712230215, 0.7634228187919463, 0.9731543624161074]
[0.25565340702533823, 0.09679766187699994, 0.0268985322735337]
FScore: -1.0
[695, 1192, 5513]
[0.4258210645526614, 0.8571428571428571, 0.9646271510516252]
[0.25565340702533823, 0.09679766187699994, 0.0268985322735337]
Matthews: -1.0
[695, 1192, 5513]
[-0.263387963607336, 0.1757585738034597, 0.9440325708398326]
[0.25565340702533823, 0.09679766187699994, 0.0268985322735337]

Analysis for spambase (4550)
Precision: -1.0
[698, 1120, 2732]
[0.13865546218487396, 0.9294117647058824, 0.9946183953033269]
[0.24220842810125873, 0.08753741778156293, 0.017259824565454853]
Recall: -1.0
[698, 1120, 2732]
[0.2619047619047619, 0.8315789473684211, 0.9849806201550387]
[0.24220842810125873, 0.08753741778156293, 0.017259824565454853]
Accuracy: -1.0
[698, 1120, 2732]
[0.5730659025787965, 0.8821428571428571, 0.9846266471449487]
[0.24220842810125873, 0.08753741778156293, 0.017259824565454853]
FScore: -1.0
[698, 1120, 2732]
[0.18131868131868134, 0.8777777777777777, 0.9897760467380721]
[0.24220842810125873, 0.08753741778156293, 0.017259824565454853]
Matthews: -1.0
[698, 1120, 2732]
[-0.07828598225146349, 0.7690738811640689, 0.9589900824949933]
[0.24220842810125873, 0.08753741778156293, 0.017259824565454853]

Analysis for twonorm (7400)
Precision: -1.0
[417, 4970, 2013]
[0.6009174311926605, 1.0, 0.998003992015968]
[0.14649246465068164, 0.005432657433754576, 0.035854853038855834]
Recall: -0.8660254037844386
[417, 4970, 2013]
[0.645320197044335, 1.0, 1.0]
[0.14649246465068164, 0.005432657433754576, 0.035854853038855834]
Accuracy: -1.0
[417, 4970, 2013]
[0.6187050359712231, 1.0, 0.9990064580228515]
[0.14649246465068164, 0.005432657433754576, 0.035854853038855834]
FScore: -1.0
[417, 4970, 2013]
[0.6223277909738717, 1.0, 0.9990009990009989]
[0.14649246465068164, 0.005432657433754576, 0.035854853038855834]
Matthews: -1.0
[417, 4970, 2013]
[0.23894320641382985, 1.0, 0.9980148291179507]
[0.14649246465068164, 0.005432657433754576, 0.035854853038855834]

Analysis for wdbc (560)
Precision: 0.8660254037844386
[60, 58, 442]
[1.0, 1.0, 0.8349514563106796]
[0.0696680885992722, 0.0178524651383269, 0.0025368300439486753]
Recall: -1.0
[60, 58, 442]
[0.8166666666666667, 0.9137931034482759, 0.9772727272727273]
[0.0696680885992722, 0.0178524651383269, 0.0025368300439486753]
Accuracy: -1.0
[60, 58, 442]
[0.8166666666666667, 0.9137931034482759, 0.9570135746606335]
[0.0696680885992722, 0.0178524651383269, 0.0025368300439486753]
FScore: -0.5
[60, 58, 442]
[0.8990825688073394, 0.9549549549549551, 0.9005235602094241]
[0.0696680885992722, 0.0178524651383269, 0.0025368300439486753]
Matthews: -0.8660254037844386
[60, 58, 442]
[0.0, 0.0, 0.8777223059397559]
[0.0696680885992722, 0.0178524651383269, 0.0025368300439486753]
