MultiResolutionExperiment(4, 10, MultiResolutionTransform(20, 0.25)

Analysis for appendicitis (100)
Precision: -0.7745966692414834
[5, 8, 9, 78]
[0.0, 0.0, 0.0, 1.0]
[0.32575842117608056, 0.06610627917747594, 0.11748247676195905, 0.007230443007400309]
Recall: -0.7745966692414834
[5, 8, 9, 78]
[0.0, 0.0, 0.0, 0.987012987012987]
[0.32575842117608056, 0.06610627917747594, 0.11748247676195905, 0.007230443007400309]
Accuracy: -1.0
[5, 8, 9, 78]
[0.0, 0.625, 0.4444444444444444, 0.9871794871794872]
[0.32575842117608056, 0.06610627917747594, 0.11748247676195905, 0.007230443007400309]
FScore: -0.7745966692414834
[5, 8, 9, 78]
[0.0, 0.0, 0.0, 0.9934640522875817]
[0.32575842117608056, 0.06610627917747594, 0.11748247676195905, 0.007230443007400309]
Matthews: -0.7745966692414834
[5, 8, 9, 78]
[0.0, 0.0, 0.0, 0.7025001733142089]
[0.32575842117608056, 0.06610627917747594, 0.11748247676195905, 0.007230443007400309]

Analysis for banana (5300)
Precision: -1.0
[2469, 807, 483, 1541]
[0.997624703087886, 0.9405204460966543, 0.003215434083601286, 0.9947019867549669]
[0.03089640518679261, 0.18945787308019366, 0.3454338783540539, 0.08998195762069036]
Recall: -1.0
[2469, 807, 483, 1541]
[0.995850622406639, 0.60381861575179, 0.01818181818181818, 0.9842726081258192]
[0.03089640518679261, 0.18945787308019366, 0.3454338783540539, 0.08998195762069036]
Accuracy: -1.0
[2469, 807, 483, 1541]
[0.9955447549615228, 0.7744733581164808, 0.2463768115942029, 0.9896171317326411]
[0.03089640518679261, 0.18945787308019366, 0.3454338783540539, 0.08998195762069036]
FScore: -1.0
[2469, 807, 483, 1541]
[0.9967368733313556, 0.7354651162790697, 0.00546448087431694, 0.9894598155467722]
[0.03089640518679261, 0.18945787308019366, 0.3454338783540539, 0.08998195762069036]
Matthews: -1.0
[2469, 807, 483, 1541]
[0.989720999812992, 0.5962673716015585, -0.4684202167995236, 0.9792830038020466]
[0.03089640518679261, 0.18945787308019366, 0.3454338783540539, 0.08998195762069036]

Analysis for breast-cancer-original (650)
Precision: -0.8944271909999159
[567, 35, 17, 31]
[1.0, 1.0, 0.0, 0.0]
[0.00107916699232529, 0.02151306178578083, 0.16497114574973976, 0.06460745957998033]
Recall: -0.9486832980505139
[567, 35, 17, 31]
[0.9903614457831326, 0.5, 0.0, 0.0]
[0.00107916699232529, 0.02151306178578083, 0.16497114574973976, 0.06460745957998033]
Accuracy: -1.0
[567, 35, 17, 31]
[0.9929453262786596, 0.9428571428571428, 0.6470588235294118, 0.8709677419354839]
[0.00107916699232529, 0.02151306178578083, 0.16497114574973976, 0.06460745957998033]
FScore: -0.9486832980505139
[567, 35, 17, 31]
[0.9951573849878934, 0.6666666666666666, 0.0, 0.0]
[0.00107916699232529, 0.02151306178578083, 0.16497114574973976, 0.06460745957998033]
Matthews: -0.9486832980505139
[567, 35, 17, 31]
[0.9823276248573711, 0.6853444168423419, 0.0, 0.0]
[0.00107916699232529, 0.02151306178578083, 0.16497114574973976, 0.06460745957998033]

Analysis for mammographic-masses (960)
Precision: -1.0
[227, 122, 497, 114]
[0.7948717948717948, 0.27941176470588236, 0.990990990990991, 0.35294117647058826]
[0.1067541006560099, 0.3365595359041428, 0.039338922070390824, 0.1906475939182703]
Recall: -0.8000000000000002
[227, 122, 497, 114]
[0.775, 0.2638888888888889, 0.9880239520958084, 0.8275862068965517]
[0.1067541006560099, 0.3365595359041428, 0.039338922070390824, 0.1906475939182703]
Accuracy: -1.0
[227, 122, 497, 114]
[0.8502202643171806, 0.16393442622950818, 0.9859154929577465, 0.5701754385964912]
[0.1067541006560099, 0.3365595359041428, 0.039338922070390824, 0.1906475939182703]
FScore: -1.0
[227, 122, 497, 114]
[0.7848101265822786, 0.2714285714285714, 0.9895052473763118, 0.4948453608247423]
[0.1067541006560099, 0.3365595359041428, 0.039338922070390824, 0.1906475939182703]
Matthews: -1.0
[227, 122, 497, 114]
[0.6700997729600763, -0.7090556571649629, 0.9681087193275434, 0.2751386009289867]
[0.1067541006560099, 0.3365595359041428, 0.039338922070390824, 0.1906475939182703]

Analysis for phoneme (5400)
Precision: 1.0
[687, 992, 2973, 748]
[0.9790940766550522, 0.33402922755741127, 0.03278688524590164, 1.0]
[0.18900145202447308, 0.10875612465957286, 0.013865700579969154, 0.3140516610063816]
Recall: -1.0
[687, 992, 2973, 748]
[0.8451127819548873, 0.9411764705882353, 1.0, 0.5882352941176471]
[0.18900145202447308, 0.10875612465957286, 0.013865700579969154, 0.3140516610063816]
Accuracy: -0.8
[687, 992, 2973, 748]
[0.8326055312954876, 0.6683467741935484, 0.9801547258661285, 0.5882352941176471]
[0.18900145202447308, 0.10875612465957286, 0.013865700579969154, 0.3140516610063816]
FScore: 0.8
[687, 992, 2973, 748]
[0.9071832122679581, 0.4930662557781202, 0.06349206349206349, 0.7407407407407407]
[0.18900145202447308, 0.10875612465957286, 0.013865700579969154, 0.3140516610063816]
Matthews: -0.8
[687, 992, 2973, 748]
[0.14231583146973298, 0.4170964548886693, 0.17926456010493205, 0.0]
[0.18900145202447308, 0.10875612465957286, 0.013865700579969154, 0.3140516610063816]

Analysis for pima (700)
Precision: -0.39999999999999997
[120, 130, 97, 353]
[1.0, 0.0, 0.041666666666666664, 0.9834983498349835]
[0.09288508607700137, 0.23198925668964515, 0.087536350606026, 0.024884966931192715]
Recall: -0.8
[120, 130, 97, 353]
[0.5897435897435898, 0.0, 0.1, 0.9254658385093167]
[0.09288508607700137, 0.23198925668964515, 0.087536350606026, 0.024884966931192715]
Accuracy: -1.0
[120, 130, 97, 353]
[0.6, 0.3153846153846154, 0.6701030927835051, 0.9178470254957507]
[0.09288508607700137, 0.23198925668964515, 0.087536350606026, 0.024884966931192715]
FScore: -0.8
[120, 130, 97, 353]
[0.7419354838709677, 0.0, 0.058823529411764705, 0.9536]
[0.09288508607700137, 0.23198925668964515, 0.087536350606026, 0.024884966931192715]
Matthews: -0.8
[120, 130, 97, 353]
[0.1862546627515181, -0.12744471655207798, -0.11582688059245726, 0.6202911503918005]
[0.09288508607700137, 0.23198925668964515, 0.087536350606026, 0.024884966931192715]

Analysis for ring (7400)
Precision: -0.6000000000000001
[833, 738, 1036, 4793]
[0.056140350877192984, 0.9243697478991597, 0.9871931696905016, 0.9864371413667188]
[0.100087799555024, 0.2761695086293139, 0.09709862791690839, 0.023955040635246637]
Recall: -0.39999999999999997
[833, 738, 1036, 4793]
[1.0, 0.30598052851182195, 0.9033203125, 0.9926509186351706]
[0.100087799555024, 0.2761695086293139, 0.09709862791690839, 0.023955040635246637]
Accuracy: -1.0
[833, 738, 1036, 4793]
[0.6770708283313326, 0.2994579945799458, 0.8928571428571429, 0.9916544961402045]
[0.100087799555024, 0.2761695086293139, 0.09709862791690839, 0.023955040635246637]
FScore: -0.8
[833, 738, 1036, 4793]
[0.10631229235880399, 0.45977011494252873, 0.9433962264150944, 0.9895342752485609]
[0.100087799555024, 0.2761695086293139, 0.09709862791690839, 0.023955040635246637]
Matthews: -0.8
[833, 738, 1036, 4793]
[0.1940514142797415, -0.21731440868521928, -0.03518750278419645, 0.9826081591582682]
[0.100087799555024, 0.2761695086293139, 0.09709862791690839, 0.023955040635246637]

Analysis for spambase (4550)
Precision: -1.0
[438, 1574, 652, 1886]
[0.0979381443298969, 0.9824098504837291, 0.5625, 0.994069681245367]
[0.30697823880161, 0.06273607376023946, 0.15570028386891907, 0.009527480825627403]
Recall: -1.0
[438, 1574, 652, 1886]
[0.2261904761904762, 0.9316096747289407, 0.5080645161290323, 0.991130820399113]
[0.30697823880161, 0.06273607376023946, 0.15570028386891907, 0.009527480825627403]
Accuracy: -1.0
[438, 1574, 652, 1886]
[0.4520547945205479, 0.9351969504447268, 0.8312883435582822, 0.9893955461293743]
[0.30697823880161, 0.06273607376023946, 0.15570028386891907, 0.009527480825627403]
FScore: -1.0
[438, 1574, 652, 1886]
[0.1366906474820144, 0.9563356164383561, 0.5338983050847458, 0.9925980754996299]
[0.30697823880161, 0.06273607376023946, 0.15570028386891907, 0.009527480825627403]
Matthews: -1.0
[438, 1574, 652, 1886]
[-0.21253926733594214, 0.8354788468999609, 0.4320595073989444, 0.9739198933474057]
[0.30697823880161, 0.06273607376023946, 0.15570028386891907, 0.009527480825627403]

Analysis for twonorm (7400)
Precision: -0.9486832980505139
[282, 3609, 2518, 991]
[0.39436619718309857, 1.0, 1.0, 0.994392523364486]
[0.18747678975020818, 0.005244692416479587, 0.023097115307537722, 0.07015602053549788]
Recall: -0.9486832980505139
[282, 3609, 2518, 991]
[0.448, 1.0, 1.0, 0.994392523364486]
[0.18747678975020818, 0.005244692416479587, 0.023097115307537722, 0.07015602053549788]
Accuracy: -0.9486832980505139
[282, 3609, 2518, 991]
[0.450354609929078, 1.0, 1.0, 0.9939455095862765]
[0.18747678975020818, 0.005244692416479587, 0.023097115307537722, 0.07015602053549788]
FScore: -0.9486832980505139
[282, 3609, 2518, 991]
[0.4194756554307116, 1.0, 1.0, 0.994392523364486]
[0.18747678975020818, 0.005244692416479587, 0.023097115307537722, 0.07015602053549788]
Matthews: -0.9486832980505139
[282, 3609, 2518, 991]
[-0.09912875796808136, 1.0, 1.0, 0.9878135759960649]
[0.18747678975020818, 0.005244692416479587, 0.023097115307537722, 0.07015602053549788]

Analysis for wdbc (560)
Precision: 0.9486832980505138
[62, 0, 432, 66]
[1.0, 0.0, 0.8172043010752689, 1.0]
[0.0843818378671739, 0.0, 0.0034612031031007124, 0.02290714756625704]
Recall: 0.2000000000000001
[62, 0, 432, 66]
[0.8225806451612904, 0.0, 0.9743589743589743, 0.9242424242424242]
[0.0843818378671739, 0.0, 0.0034612031031007124, 0.02290714756625704]
Accuracy: 0.2000000000000001
[62, 0, 432, 66]
[0.8225806451612904, 0.0, 0.9560185185185185, 0.9242424242424242]
[0.0843818378671739, 0.0, 0.0034612031031007124, 0.02290714756625704]
FScore: 0.8
[62, 0, 432, 66]
[0.9026548672566371, 0.0, 0.888888888888889, 0.9606299212598425]
[0.0843818378671739, 0.0, 0.0034612031031007124, 0.02290714756625704]
Matthews: -0.25819888974716104
[62, 0, 432, 66]
[0.0, 0.0, 0.8669146203244021, 0.0]
[0.0843818378671739, 0.0, 0.0034612031031007124, 0.02290714756625704]
