MultiResolutionExperiment(4, 10, MultiResolutionTransform(30, 0.20)

Analysis for appendicitis (100)
Precision: -0.4472135954999579
[1, 15, 7, 77]
[1.0, 0.0, 0.0, 1.0]
[0.1334652950300535, 0.06252009810989373, 0.2526264229591399, 0.004643074961841769]
Recall: -0.210818510677892
[1, 15, 7, 77]
[1.0, 0.0, 0.0, 0.9868421052631579]
[0.1334652950300535, 0.06252009810989373, 0.2526264229591399, 0.004643074961841769]
Accuracy: -0.39999999999999997
[1, 15, 7, 77]
[1.0, 0.5333333333333333, 0.14285714285714285, 0.987012987012987]
[0.1334652950300535, 0.06252009810989373, 0.2526264229591399, 0.004643074961841769]
FScore: -0.210818510677892
[1, 15, 7, 77]
[1.0, 0.0, 0.0, 0.9933774834437086]
[0.1334652950300535, 0.06252009810989373, 0.2526264229591399, 0.004643074961841769]
Matthews: -0.31622776601683794
[1, 15, 7, 77]
[0.0, -0.30151134457776363, 0.0, 0.7024393586862705]
[0.1334652950300535, 0.06252009810989373, 0.2526264229591399, 0.004643074961841769]

Analysis for banana (5300)
Precision: -1.0
[2476, 1571, 474, 779]
[0.9969530773918343, 0.9963459196102314, 0.0032258064516129032, 0.9311740890688259]
[0.020586302671248388, 0.0780972723155489, 0.3351013783702496, 0.1797826759912595]
Recall: -1.0
[2476, 1571, 474, 779]
[0.9987789987789988, 0.9761336515513126, 0.01694915254237288, 0.5912596401028277]
[0.020586302671248388, 0.0780972723155489, 0.3351013783702496, 0.1797826759912595]
Accuracy: -1.0
[2476, 1571, 474, 779]
[0.997172859450727, 0.9853596435391471, 0.22573839662447256, 0.7740693196405648]
[0.020586302671248388, 0.0780972723155489, 0.3351013783702496, 0.1797826759912595]
FScore: -1.0
[2476, 1571, 474, 779]
[0.9978652028057334, 0.9861362266425557, 0.005420054200542005, 0.7232704402515724]
[0.020586302671248388, 0.0780972723155489, 0.3351013783702496, 0.1797826759912595]
Matthews: -1.0
[2476, 1571, 474, 779]
[0.9936847564915405, 0.9708593494403123, -0.5049604670791176, 0.588466414383761]
[0.020586302671248388, 0.0780972723155489, 0.3351013783702496, 0.1797826759912595]

Analysis for breast-cancer-original (650)
Precision: -0.8944271909999159
[567, 38, 16, 29]
[1.0, 1.0, 0.0, 0.0]
[8.180850727990948E-4, 0.017694422550485325, 0.15008236287857102, 0.0621082666737919]
Recall: -0.9486832980505139
[567, 38, 16, 29]
[0.9927536231884058, 0.4, 0.0, 0.0]
[8.180850727990948E-4, 0.017694422550485325, 0.15008236287857102, 0.0621082666737919]
Accuracy: -1.0
[567, 38, 16, 29]
[0.9947089947089947, 0.9210526315789473, 0.6875, 0.8275862068965517]
[8.180850727990948E-4, 0.017694422550485325, 0.15008236287857102, 0.0621082666737919]
FScore: -0.9486832980505139
[567, 38, 16, 29]
[0.9963636363636363, 0.5714285714285715, 0.0, 0.0]
[8.180850727990948E-4, 0.017694422550485325, 0.15008236287857102, 0.0621082666737919]
Matthews: -0.9486832980505139
[567, 38, 16, 29]
[0.9867432327398347, 0.6055300708194983, 0.0, 0.0]
[8.180850727990948E-4, 0.017694422550485325, 0.15008236287857102, 0.0621082666737919]

Analysis for mammographic-masses (960)
Precision: -1.0
[136, 127, 537, 160]
[0.7638888888888888, 0.273972602739726, 0.9881305637982196, 0.4153846153846154]
[0.10322464533926624, 0.3164781651495036, 0.03653552813434919, 0.15269216092083157]
Recall: -0.8000000000000002
[136, 127, 537, 160]
[0.7746478873239436, 0.273972602739726, 0.985207100591716, 0.8181818181818182]
[0.10322464533926624, 0.3164781651495036, 0.03653552813434919, 0.15269216092083157]
Accuracy: -1.0
[136, 127, 537, 160]
[0.7573529411764706, 0.16535433070866143, 0.9832402234636871, 0.725]
[0.10322464533926624, 0.3164781651495036, 0.03653552813434919, 0.15269216092083157]
FScore: -1.0
[136, 127, 537, 160]
[0.7692307692307692, 0.273972602739726, 0.9866666666666667, 0.5510204081632654]
[0.10322464533926624, 0.3164781651495036, 0.03653552813434919, 0.15269216092083157]
Matthews: -1.0
[136, 127, 537, 160]
[0.5134990094394702, -0.7075088787417555, 0.9641180746845049, 0.4275451162064752]
[0.10322464533926624, 0.3164781651495036, 0.03653552813434919, 0.15269216092083157]

Analysis for phoneme (5400)
Precision: 1.0
[666, 987, 2984, 763]
[0.9711191335740073, 0.3354564755838641, 0.2, 0.9977973568281938]
[0.16904490501300096, 0.10165122425289065, 0.01214016717963849, 0.2940327133427904]
Recall: -1.0
[666, 987, 2984, 763]
[0.8432601880877743, 0.9349112426035503, 0.9375, 0.594488188976378]
[0.16904490501300096, 0.10165122425289065, 0.01214016717963849, 0.2940327133427904]
Accuracy: -0.8
[666, 987, 2984, 763]
[0.8258258258258259, 0.6717325227963525, 0.9795576407506702, 0.5937090432503277]
[0.16904490501300096, 0.10165122425289065, 0.01214016717963849, 0.2940327133427904]
FScore: 0.8
[666, 987, 2984, 763]
[0.9026845637583893, 0.49374999999999997, 0.32967032967032966, 0.7450657894736844]
[0.16904490501300096, 0.10165122425289065, 0.01214016717963849, 0.2940327133427904]
Matthews: -1.0
[666, 987, 2984, 763]
[0.14585637956405187, 0.41652077512465463, 0.42795040245384103, -0.029886415336034096]
[0.16904490501300096, 0.10165122425289065, 0.01214016717963849, 0.2940327133427904]

Analysis for pima (700)
Precision: -0.8
[114, 116, 104, 366]
[1.0, 0.0, 0.12903225806451613, 0.9804560260586319]
[0.08601976476259217, 0.22168582866556746, 0.08941858375844483, 0.022164768247287983]
Recall: -1.0
[114, 116, 104, 366]
[0.5779816513761468, 0.0, 0.3076923076923077, 0.9204892966360856]
[0.08601976476259217, 0.22168582866556746, 0.08941858375844483, 0.022164768247287983]
Accuracy: -0.8
[114, 116, 104, 366]
[0.5964912280701754, 0.27586206896551724, 0.6538461538461539, 0.912568306010929]
[0.08601976476259217, 0.22168582866556746, 0.08941858375844483, 0.022164768247287983]
FScore: -1.0
[114, 116, 104, 366]
[0.7325581395348838, 0.0, 0.18181818181818182, 0.9495268138801262]
[0.08601976476259217, 0.22168582866556746, 0.08941858375844483, 0.022164768247287983]
Matthews: -1.0
[114, 116, 104, 366]
[0.23804383584116431, -0.14788807504477144, 0.007945270783315908, 0.6432862102473815]
[0.08601976476259217, 0.22168582866556746, 0.08941858375844483, 0.022164768247287983]

Analysis for ring (7400)
Precision: -0.39999999999999997
[860, 705, 945, 4890]
[0.1174496644295302, 0.8986175115207373, 0.9832134292565947, 0.9871794871794872]
[0.09277577014709892, 0.26321938188363764, 0.09385997785371239, 0.021367123961998153]
Recall: -0.8
[860, 705, 945, 4890]
[1.0, 0.2859237536656892, 0.8807733619763695, 0.9930555555555556]
[0.09277577014709892, 0.26321938188363764, 0.09385997785371239, 0.021367123961998153]
Accuracy: -0.8
[860, 705, 945, 4890]
[0.6941860465116279, 0.27801418439716313, 0.8677248677248677, 0.9918200408997955]
[0.09277577014709892, 0.26321938188363764, 0.09385997785371239, 0.021367123961998153]
FScore: -0.39999999999999997
[860, 705, 945, 4890]
[0.21021021021021022, 0.4338153503893215, 0.9291784702549575, 0.990108803165183]
[0.09277577014709892, 0.26321938188363764, 0.09385997785371239, 0.021367123961998153]
Matthews: -1.0
[860, 705, 945, 4890]
[0.28285709296691164, -0.2580943942356623, -0.044737080746088544, 0.9831479902105696]
[0.09277577014709892, 0.26321938188363764, 0.09385997785371239, 0.021367123961998153]

Analysis for spambase (4550)
Precision: -1.0
[420, 1535, 639, 1956]
[0.09895833333333333, 0.9788213627992634, 0.5932203389830508, 0.994269340974212]
[0.2952520103545343, 0.0583213211387031, 0.14907871036286768, 0.008484037405799493]
Recall: -1.0
[420, 1535, 639, 1956]
[0.2289156626506024, 0.9332748024582967, 0.5147058823529411, 0.9900142653352354]
[0.2952520103545343, 0.0583213211387031, 0.14907871036286768, 0.008484037405799493]
Accuracy: -1.0
[420, 1535, 639, 1956]
[0.4357142857142857, 0.9355048859934854, 0.8215962441314554, 0.9887525562372188]
[0.2952520103545343, 0.0583213211387031, 0.14907871036286768, 0.008484037405799493]
FScore: -1.0
[420, 1535, 639, 1956]
[0.13818181818181816, 0.955505617977528, 0.5511811023622046, 0.9921372408863474]
[0.2952520103545343, 0.0583213211387031, 0.14907871036286768, 0.008484037405799493]
Matthews: -1.0
[420, 1535, 639, 1956]
[-0.22736454384446667, 0.8417356102683858, 0.4422787968097156, 0.9724164773042512]
[0.2952520103545343, 0.0583213211387031, 0.14907871036286768, 0.008484037405799493]

Analysis for twonorm (7400)
Precision: -0.9486832980505139
[277, 3891, 2315, 917]
[0.39436619718309857, 1.0, 1.0, 0.9939759036144579]
[0.1754740723558427, 0.0038880530428002757, 0.019792489384748944, 0.06374222709682804]
Recall: -0.9486832980505139
[277, 3891, 2315, 917]
[0.448, 1.0, 1.0, 0.9939759036144579]
[0.1754740723558427, 0.0038880530428002757, 0.019792489384748944, 0.06374222709682804]
Accuracy: -0.9486832980505139
[277, 3891, 2315, 917]
[0.4404332129963899, 1.0, 1.0, 0.9934569247546347]
[0.1754740723558427, 0.0038880530428002757, 0.019792489384748944, 0.06374222709682804]
FScore: -0.9486832980505139
[277, 3891, 2315, 917]
[0.4194756554307116, 1.0, 1.0, 0.9939759036144579]
[0.1754740723558427, 0.0038880530428002757, 0.019792489384748944, 0.06374222709682804]
Matthews: -0.9486832980505139
[277, 3891, 2315, 917]
[-0.1172660307458603, 1.0, 1.0, 0.9868159990798516]
[0.1754740723558427, 0.0038880530428002757, 0.019792489384748944, 0.06374222709682804]

Analysis for wdbc (560)
Precision: 0.9486832980505138
[27, 49, 434, 50]
[1.0, 1.0, 0.8315789473684211, 0.9791666666666666]
[0.09847040560441327, 0.04634249280221988, 0.0027097340116138268, 0.013416803746599967]
Recall: -1.0
[27, 49, 434, 50]
[0.7407407407407407, 0.8571428571428571, 0.9753086419753086, 0.9591836734693877]
[0.09847040560441327, 0.04634249280221988, 0.0027097340116138268, 0.013416803746599967]
Accuracy: -1.0
[27, 49, 434, 50]
[0.7407407407407407, 0.8571428571428571, 0.9585253456221198, 0.94]
[0.09847040560441327, 0.04634249280221988, 0.0027097340116138268, 0.013416803746599967]
FScore: -0.4
[27, 49, 434, 50]
[0.851063829787234, 0.923076923076923, 0.8977272727272727, 0.9690721649484536]
[0.09847040560441327, 0.04634249280221988, 0.0027097340116138268, 0.013416803746599967]
Matthews: -0.31622776601683794
[27, 49, 434, 50]
[0.0, 0.0, 0.8762805176842311, -0.029160592175990215]
[0.09847040560441327, 0.04634249280221988, 0.0027097340116138268, 0.013416803746599967]
