Parameters:

m = 30
sigma = 20%
psi_def = 1

mahalanobis = true
clusters = 3
folds = 10

Analysis for appendicitis(100)
Precision
[7, 78, 15]
[0.0, 1.0, 0.0]
[0.2526264229591399, 0.0062946418857932, 0.06252009810989373]
-0.8660254037844386
Recall
[7, 78, 15]
[0.0, 0.987012987012987, 0.0]
[0.2526264229591399, 0.0062946418857932, 0.06252009810989373]
-0.8660254037844386
Accuracy
[7, 78, 15]
[0.14285714285714285, 0.9871794871794872, 0.5333333333333333]
[0.2526264229591399, 0.0062946418857932, 0.06252009810989373]
-1.0
FScore
[7, 78, 15]
[0.0, 0.9934640522875817, 0.0]
[0.2526264229591399, 0.0062946418857932, 0.06252009810989373]
-0.8660254037844386
Matthews
[7, 78, 15]
[0.0, 0.7025001733142089, -0.30151134457776363]
[0.2526264229591399, 0.0062946418857932, 0.06252009810989373]
-0.5
Analysis for banana(5300)
Precision
[627, 3054, 1619]
[0.03303303303303303, 0.9970014992503748, 0.9912408759124087]
[0.31081605717542304, 0.026884182836650703, 0.1207938826030303]
-1.0
Recall
[627, 3054, 1619]
[0.09322033898305085, 0.9984984984984985, 0.8403465346534653]
[0.31081605717542304, 0.026884182836650703, 0.1207938826030303]
-1.0
Accuracy
[627, 3054, 1619]
[0.3157894736842105, 0.9970530451866405, 0.916615194564546]
[0.31081605717542304, 0.026884182836650703, 0.1207938826030303]
-1.0
FScore
[627, 3054, 1619]
[0.048780487804878044, 0.9977494373593397, 0.9095780308104486]
[0.31081605717542304, 0.026884182836650703, 0.1207938826030303]
-1.0
Matthews
[627, 3054, 1619]
[-0.4224828839921112, 0.9934843638456272, 0.8429763866908494]
[0.31081605717542304, 0.026884182836650703, 0.1207938826030303]
-1.0
Analysis for breast-cancer-original(650)
Precision
[578, 17, 55]
[1.0, 0.0, 1.0]
[0.0010248058366437236, 0.14662195305767117, 0.04097797922240272]
-0.8660254037844386
Recall
[578, 17, 55]
[0.9903846153846154, 0.0, 0.14285714285714285]
[0.0010248058366437236, 0.14662195305767117, 0.04097797922240272]
-1.0
Accuracy
[578, 17, 55]
[0.9930795847750865, 0.6470588235294118, 0.8909090909090909]
[0.0010248058366437236, 0.14662195305767117, 0.04097797922240272]
-1.0
FScore
[578, 17, 55]
[0.9951690821256038, 0.0, 0.25]
[0.0010248058366437236, 0.14662195305767117, 0.04097797922240272]
-1.0
Matthews
[578, 17, 55]
[0.9831174527274325, 0.0, 0.3563483225498992]
[0.0010248058366437236, 0.14662195305767117, 0.04097797922240272]
-1.0
Analysis for mammographic-masses(960)
Precision
[134, 520, 306]
[0.27848101265822783, 0.9881305637982196, 0.6106870229007634]
[0.3127549432204259, 0.03532815313978261, 0.12418889239013627]
-1.0
Recall
[134, 520, 306]
[0.2894736842105263, 0.9823008849557522, 0.8]
[0.3127549432204259, 0.03532815313978261, 0.12418889239013627]
-1.0
Accuracy
[134, 520, 306]
[0.17164179104477612, 0.9807692307692307, 0.7679738562091504]
[0.3127549432204259, 0.03532815313978261, 0.12418889239013627]
-1.0
FScore
[134, 520, 306]
[0.2838709677419355, 0.9852071005917159, 0.6926406926406927]
[0.3127549432204259, 0.03532815313978261, 0.12418889239013627]
-1.0
Matthews
[134, 520, 306]
[-0.6982929647679897, 0.9577694782133155, 0.5236655204264065]
[0.3127549432204259, 0.03532815313978261, 0.12418889239013627]
-1.0
Analysis for phoneme(5400)
Precision
[1077, 3105, 1218]
[0.5064102564102564, 0.21, 0.9963855421686747]
[0.11037815505831335, 0.014270601890398369, 0.2547614058730393]
1.0
Recall
[1077, 3105, 1218]
[0.8951841359773371, 0.9545454545454546, 0.6834710743801653]
[0.11037815505831335, 0.014270601890398369, 0.2547614058730393]
-1.0
Accuracy
[1077, 3105, 1218]
[0.6796657381615598, 0.9742351046698873, 0.6830870279146142]
[0.11037815505831335, 0.014270601890398369, 0.2547614058730393]
-0.5
FScore
[1077, 3105, 1218]
[0.646878198567042, 0.34426229508196726, 0.8107843137254902]
[0.11037815505831335, 0.014270601890398369, 0.2547614058730393]
1.0
Matthews
[1077, 3105, 1218]
[0.44668390829943333, 0.4413210826885474, 0.05348071634293885]
[0.11037815505831335, 0.014270601890398369, 0.2547614058730393]
-0.5
Analysis for pima(700)
Precision
[133, 161, 406]
[0.0, 0.6181818181818182, 0.9823529411764705]
[0.21083786056899295, 0.08416787361023567, 0.027933950962076296]
-1.0
Recall
[133, 161, 406]
[0.0, 0.44155844155844154, 0.8978494623655914]
[0.21083786056899295, 0.08416787361023567, 0.027933950962076296]
-1.0
Accuracy
[133, 161, 406]
[0.3233082706766917, 0.6024844720496895, 0.8916256157635468]
[0.21083786056899295, 0.08416787361023567, 0.027933950962076296]
-1.0
FScore
[133, 161, 406]
[0.0, 0.5151515151515151, 0.9382022471910112]
[0.21083786056899295, 0.08416787361023567, 0.027933950962076296]
-1.0
Matthews
[133, 161, 406]
[-0.12378889877551659, 0.2017678765360611, 0.5415803790135673]
[0.21083786056899295, 0.08416787361023567, 0.027933950962076296]
-1.0
Analysis for ring(7400)
Precision
[703, 1179, 5518]
[0.9061032863849765, 0.83399209486166, 0.9363382899628253]
[0.2633627751830631, 0.10039206309659934, 0.028095952964083955]
-0.5
Recall
[703, 1179, 5518]
[0.28257686676427524, 0.8865546218487395, 0.9931000492853622]
[0.2633627751830631, 0.10039206309659934, 0.028095952964083955]
-1.0
Accuracy
[703, 1179, 5518]
[0.27453769559032715, 0.7659033078880407, 0.9726350126857557]
[0.2633627751830631, 0.10039206309659934, 0.028095952964083955]
-1.0
FScore
[703, 1179, 5518]
[0.4308035714285714, 0.8594704684317719, 0.9638842382205214]
[0.2633627751830631, 0.10039206309659934, 0.028095952964083955]
-1.0
Matthews
[703, 1179, 5518]
[-0.2595451299528228, 0.16562323472884544, 0.9429442565713665]
[0.2633627751830631, 0.10039206309659934, 0.028095952964083955]
-1.0
Analysis for spambase(4550)
Precision
[662, 1088, 2800]
[0.12931034482758622, 0.9157667386609071, 0.994754411063424]
[0.25493623611756494, 0.09521227291549128, 0.018938001479481284]
-1.0
Recall
[662, 1088, 2800]
[0.25, 0.8138195777351248, 0.9844266163284568]
[0.25493623611756494, 0.09521227291549128, 0.018938001479481284]
-1.0
Accuracy
[662, 1088, 2800]
[0.5589123867069486, 0.875, 0.9842857142857143]
[0.25493623611756494, 0.09521227291549128, 0.018938001479481284]
-1.0
FScore
[662, 1088, 2800]
[0.17045454545454547, 0.8617886178861789, 0.9895635673624289]
[0.25493623611756494, 0.09521227291549128, 0.018938001479481284]
-1.0
Matthews
[662, 1088, 2800]
[-0.09906823024450959, 0.752761574336106, 0.9579886903079297]
[0.25493623611756494, 0.09521227291549128, 0.018938001479481284]
-1.0
Analysis for twonorm(7400)
Precision
[426, 4927, 2047]
[0.6098654708520179, 1.0, 0.9980372914622179]
[0.14967893337642568, 0.005790913748671418, 0.036986277453604346]
-1.0
Recall
[426, 4927, 2047]
[0.6538461538461539, 1.0, 1.0]
[0.14967893337642568, 0.005790913748671418, 0.036986277453604346]
-0.8660254037844386
Accuracy
[426, 4927, 2047]
[0.6267605633802817, 1.0, 0.9990229604298974]
[0.14967893337642568, 0.005790913748671418, 0.036986277453604346]
-1.0
FScore
[426, 4927, 2047]
[0.6310904872389792, 1.0, 0.9990176817288801]
[0.14967893337642568, 0.005790913748671418, 0.036986277453604346]
-1.0
Matthews
[426, 4927, 2047]
[0.25497453912851603, 1.0, 0.9980477718896734]
[0.14967893337642568, 0.005790913748671418, 0.036986277453604346]
-1.0
Analysis for wdbc(560)
Precision
[61, 64, 435]
[1.0, 0.9830508474576272, 0.8333333333333334]
[0.07292710754646073, 0.017927616718689816, 0.00271362486590363]
1.0
Recall
[61, 64, 435]
[0.819672131147541, 0.9206349206349206, 0.975609756097561]
[0.07292710754646073, 0.017927616718689816, 0.00271362486590363]
-1.0
Accuracy
[61, 64, 435]
[0.819672131147541, 0.90625, 0.9586206896551724]
[0.07292710754646073, 0.017927616718689816, 0.00271362486590363]
-1.0
FScore
[61, 64, 435]
[0.9009009009009009, 0.9508196721311476, 0.8988764044943819]
[0.07292710754646073, 0.017927616718689816, 0.00271362486590363]
0.5
Matthews
[61, 64, 435]
[0.0, -0.036676570677971795, 0.8773529771454619]
[0.07292710754646073, 0.017927616718689816, 0.00271362486590363]
-0.5
