MultiResolutionExperiment(4, 10, MultiResolutionTransform(10, 0.20)

Analysis for appendicitis (100)
Precision: -0.4472135954999579
[1, 16, 6, 77]
[1.0, 0.0, 0.0, 1.0]
[0.14568525317173342, 0.0880670006456926, 0.3147036833124492, 0.005653345201413074]
Recall: -0.210818510677892
[1, 16, 6, 77]
[1.0, 0.0, 0.0, 0.9868421052631579]
[0.14568525317173342, 0.0880670006456926, 0.3147036833124492, 0.005653345201413074]
Accuracy: -0.39999999999999997
[1, 16, 6, 77]
[1.0, 0.5625, 0.0, 0.987012987012987]
[0.14568525317173342, 0.0880670006456926, 0.3147036833124492, 0.005653345201413074]
FScore: -0.210818510677892
[1, 16, 6, 77]
[1.0, 0.0, 0.0, 0.9933774834437086]
[0.14568525317173342, 0.0880670006456926, 0.3147036833124492, 0.005653345201413074]
Matthews: -0.31622776601683794
[1, 16, 6, 77]
[0.0, -0.2773500981126145, 0.0, 0.7024393586862705]
[0.14568525317173342, 0.0880670006456926, 0.3147036833124492, 0.005653345201413074]

Analysis for banana (5300)
Precision: -1.0
[2351, 878, 493, 1578]
[0.9974457215836526, 0.9478827361563518, 0.00641025641025641, 0.9952038369304557]
[0.025545938752151696, 0.19303881269858067, 0.3657580750133601, 0.08536933135852441]
Recall: -1.0
[2351, 878, 493, 1578]
[0.9980830670926517, 0.6423841059602649, 0.031746031746031744, 0.9845788849347569]
[0.025545938752151696, 0.19303881269858067, 0.3657580750133601, 0.08536933135852441]
Accuracy: -1.0
[2351, 878, 493, 1578]
[0.9970225435984688, 0.7972665148063781, 0.24746450304259635, 0.9892268694550064]
[0.025545938752151696, 0.19303881269858067, 0.3657580750133601, 0.08536933135852441]
FScore: -1.0
[2351, 878, 493, 1578]
[0.997764292558288, 0.7657894736842106, 0.010666666666666668, 0.9898628503279666]
[0.025545938752151696, 0.19303881269858067, 0.3657580750133601, 0.08536933135852441]
Matthews: -1.0
[2351, 878, 493, 1578]
[0.9933089870948625, 0.6337571895514297, -0.4773349465261599, 0.9784334608101287]
[0.025545938752151696, 0.19303881269858067, 0.3657580750133601, 0.08536933135852441]

Analysis for breast-cancer-original (650)
Precision: -0.8944271909999159
[567, 41, 17, 25]
[1.0, 1.0, 0.0, 0.0]
[0.001093220259459611, 0.02810794753425, 0.17860858645201305, 0.08094318094267816]
Recall: -0.9486832980505139
[567, 41, 17, 25]
[0.9927536231884058, 0.3333333333333333, 0.0, 0.0]
[0.001093220259459611, 0.02810794753425, 0.17860858645201305, 0.08094318094267816]
Accuracy: -1.0
[567, 41, 17, 25]
[0.9947089947089947, 0.9024390243902439, 0.6470588235294118, 0.88]
[0.001093220259459611, 0.02810794753425, 0.17860858645201305, 0.08094318094267816]
FScore: -0.9486832980505139
[567, 41, 17, 25]
[0.9963636363636363, 0.5, 0.0, 0.0]
[0.001093220259459611, 0.02810794753425, 0.17860858645201305, 0.08094318094267816]
Matthews: -0.9486832980505139
[567, 41, 17, 25]
[0.9867432327398347, 0.5469417694282447, 0.0, 0.0]
[0.001093220259459611, 0.02810794753425, 0.17860858645201305, 0.08094318094267816]

Analysis for mammographic-masses (960)
Precision: -1.0
[143, 124, 538, 155]
[0.75, 0.3, 0.9881656804733728, 0.36507936507936506]
[0.12251371462029532, 0.3550096033338795, 0.04244830134828788, 0.17494478436763566]
Recall: -0.8000000000000002
[143, 124, 538, 155]
[0.76, 0.28378378378378377, 0.9881656804733728, 0.8214285714285714]
[0.12251371462029532, 0.3550096033338795, 0.04244830134828788, 0.17494478436763566]
Accuracy: -1.0
[143, 124, 538, 155]
[0.7412587412587412, 0.1774193548387097, 0.9851301115241635, 0.7096774193548387]
[0.12251371462029532, 0.3550096033338795, 0.04244830134828788, 0.17494478436763566]
FScore: -1.0
[143, 124, 538, 155]
[0.7549668874172186, 0.29166666666666663, 0.9881656804733728, 0.5054945054945055]
[0.12251371462029532, 0.3550096033338795, 0.04244830134828788, 0.17494478436763566]
Matthews: -1.0
[143, 124, 538, 155]
[0.48096561127318904, -0.6888094500356818, 0.9681656804733728, 0.3967058896901886]
[0.12251371462029532, 0.3550096033338795, 0.04244830134828788, 0.17494478436763566]

Analysis for phoneme (5400)
Precision: 1.0
[714, 1005, 2979, 702]
[0.9763912310286678, 0.3537832310838446, 0.07692307692307693, 1.0]
[0.20822960196095758, 0.1183689122469745, 0.01479980043065979, 0.346509110779916]
Recall: -0.39999999999999997
[714, 1005, 2979, 702]
[0.8391304347826087, 0.9251336898395722, 0.8333333333333334, 0.5797720797720798]
[0.20822960196095758, 0.1183689122469745, 0.01479980043065979, 0.346509110779916]
Accuracy: -0.8
[714, 1005, 2979, 702]
[0.8249299719887955, 0.6716417910447762, 0.9795233299765022, 0.5797720797720798]
[0.20822960196095758, 0.1183689122469745, 0.01479980043065979, 0.346509110779916]
FScore: 0.8
[714, 1005, 2979, 702]
[0.9025720966484801, 0.5118343195266272, 0.14084507042253522, 0.7339945897204689]
[0.20822960196095758, 0.1183689122469745, 0.01479980043065979, 0.346509110779916]
Matthews: -0.8
[714, 1005, 2979, 702]
[0.12288694660731694, 0.4195332758169071, 0.24954174132521614, 0.0]
[0.20822960196095758, 0.1183689122469745, 0.01479980043065979, 0.346509110779916]

Analysis for pima (700)
Precision: -0.39999999999999997
[109, 131, 98, 362]
[1.0, 0.0, 0.1111111111111111, 0.9805825242718447]
[0.10556658599755557, 0.25410369775828595, 0.09422951251679759, 0.02720495958752634]
Recall: -0.8
[109, 131, 98, 362]
[0.5849056603773585, 0.0, 0.1875, 0.926605504587156]
[0.10556658599755557, 0.25410369775828595, 0.09422951251679759, 0.02720495958752634]
Accuracy: -1.0
[109, 131, 98, 362]
[0.5963302752293578, 0.33587786259541985, 0.6224489795918368, 0.9171270718232044]
[0.10556658599755557, 0.25410369775828595, 0.09422951251679759, 0.02720495958752634]
FScore: -0.8
[109, 131, 98, 362]
[0.738095238095238, 0.0, 0.13953488372093023, 0.9528301886792453]
[0.10556658599755557, 0.25410369775828595, 0.09422951251679759, 0.02720495958752634]
Matthews: -0.8
[109, 131, 98, 362]
[0.19322112683108425, -0.12124708120550656, -0.08701640010683596, 0.6313053066940744]
[0.10556658599755557, 0.25410369775828595, 0.09422951251679759, 0.02720495958752634]

Analysis for ring (7400)
Precision: 0.0
[992, 722, 860, 4826]
[0.9875986471251409, 0.9078947368421053, 0.09797297297297297, 0.9867751780264497]
[0.10991386463174492, 0.3040640361760748, 0.10801525708412275, 0.02594258440094944]
Recall: -0.8
[992, 722, 860, 4826]
[0.8929663608562691, 0.2957142857142857, 1.0, 0.9928352098259979]
[0.10991386463174492, 0.3040640361760748, 0.10801525708412275, 0.02594258440094944]
Accuracy: -0.8
[992, 722, 860, 4826]
[0.8830645161290323, 0.2880886426592798, 0.6895348837209302, 0.9917115623704932]
[0.10991386463174492, 0.3040640361760748, 0.10801525708412275, 0.02594258440094944]
FScore: -0.39999999999999997
[992, 722, 860, 4826]
[0.9379014989293362, 0.4461206896551723, 0.17846153846153845, 0.9897959183673469]
[0.10991386463174492, 0.3040640361760748, 0.10801525708412275, 0.02594258440094944]
Matthews: -1.0
[992, 722, 860, 4826]
[-0.036432978583993594, -0.24361476114585476, 0.2578648718341858, 0.9828307188806221]
[0.10991386463174492, 0.3040640361760748, 0.10801525708412275, 0.02594258440094944]

Analysis for spambase (4550)
Precision: -1.0
[428, 1553, 654, 1915]
[0.10204081632653061, 0.9821109123434705, 0.5752212389380531, 0.9941391941391942]
[0.3383444837419659, 0.06889168696753338, 0.17163088351565706, 0.010349931252273858]
Recall: -1.0
[428, 1553, 654, 1915]
[0.23529411764705882, 0.9328802039082413, 0.5118110236220472, 0.9897884755652808]
[0.3383444837419659, 0.06889168696753338, 0.17163088351565706, 0.010349931252273858]
Accuracy: -1.0
[428, 1553, 654, 1915]
[0.4369158878504673, 0.9362524146812621, 0.8318042813455657, 0.9885117493472585]
[0.3383444837419659, 0.06889168696753338, 0.17163088351565706, 0.010349931252273858]
FScore: -1.0
[428, 1553, 654, 1915]
[0.1423487544483986, 0.9568627450980391, 0.5416666666666666, 0.9919590643274854]
[0.3383444837419659, 0.06889168696753338, 0.17163088351565706, 0.010349931252273858]
Matthews: -1.0
[428, 1553, 654, 1915]
[-0.22246232298443933, 0.8391616807077625, 0.4402224692126105, 0.9718783561971176]
[0.3383444837419659, 0.06889168696753338, 0.17163088351565706, 0.010349931252273858]

Analysis for twonorm (7400)
Precision: -0.9486832980505139
[261, 3832, 2395, 912]
[0.37593984962406013, 1.0, 1.0, 0.9879275653923542]
[0.21190108506542563, 0.005719291744592327, 0.026228691054015395, 0.08017069212912871]
Recall: -0.9486832980505139
[261, 3832, 2395, 912]
[0.423728813559322, 1.0, 1.0, 0.9919191919191919]
[0.21190108506542563, 0.005719291744592327, 0.026228691054015395, 0.08017069212912871]
Accuracy: -0.9486832980505139
[261, 3832, 2395, 912]
[0.421455938697318, 1.0, 1.0, 0.9890350877192983]
[0.21190108506542563, 0.005719291744592327, 0.026228691054015395, 0.08017069212912871]
FScore: -0.9486832980505139
[261, 3832, 2395, 912]
[0.398406374501992, 1.0, 1.0, 0.9899193548387096]
[0.21190108506542563, 0.005719291744592327, 0.026228691054015395, 0.08017069212912871]
Matthews: -0.9486832980505139
[261, 3832, 2395, 912]
[-0.15599893128989079, 1.0, 1.0, 0.9779097834403699]
[0.21190108506542563, 0.005719291744592327, 0.026228691054015395, 0.08017069212912871]

Analysis for wdbc (560)
Precision: 0.9486832980505138
[59, 0, 436, 65]
[1.0, 0.0, 0.8247422680412371, 1.0]
[0.09950230761321015, 0.0, 0.004184241086410881, 0.031287078278183854]
Recall: 0.2000000000000001
[59, 0, 436, 65]
[0.8305084745762712, 0.0, 0.975609756097561, 0.9076923076923077]
[0.09950230761321015, 0.0, 0.004184241086410881, 0.031287078278183854]
Accuracy: 0.2000000000000001
[59, 0, 436, 65]
[0.8305084745762712, 0.0, 0.9564220183486238, 0.9076923076923077]
[0.09950230761321015, 0.0, 0.004184241086410881, 0.031287078278183854]
FScore: 0.8
[59, 0, 436, 65]
[0.9074074074074074, 0.0, 0.8938547486033519, 0.9516129032258065]
[0.09950230761321015, 0.0, 0.004184241086410881, 0.031287078278183854]
Matthews: -0.25819888974716104
[59, 0, 436, 65]
[0.0, 0.0, 0.871520421593564, 0.0]
[0.09950230761321015, 0.0, 0.004184241086410881, 0.031287078278183854]
