MultiResolutionExperiment(4, 10, MultiResolutionTransform(40, 0.20)

Analysis for appendicitis (100)
Precision: -0.4472135954999579
[1, 15, 7, 77]
[1.0, 0.0, 0.0, 1.0]
[0.12755090099792016, 0.060490075475725186, 0.25047075050982803, 0.0046317003569467975]
Recall: -0.210818510677892
[1, 15, 7, 77]
[1.0, 0.0, 0.0, 0.9868421052631579]
[0.12755090099792016, 0.060490075475725186, 0.25047075050982803, 0.0046317003569467975]
Accuracy: -0.39999999999999997
[1, 15, 7, 77]
[1.0, 0.5333333333333333, 0.14285714285714285, 0.987012987012987]
[0.12755090099792016, 0.060490075475725186, 0.25047075050982803, 0.0046317003569467975]
FScore: -0.210818510677892
[1, 15, 7, 77]
[1.0, 0.0, 0.0, 0.9933774834437086]
[0.12755090099792016, 0.060490075475725186, 0.25047075050982803, 0.0046317003569467975]
Matthews: -0.31622776601683794
[1, 15, 7, 77]
[0.0, -0.30151134457776363, 0.0, 0.7024393586862705]
[0.12755090099792016, 0.060490075475725186, 0.25047075050982803, 0.0046317003569467975]

Analysis for banana (5300)
Precision: -1.0
[2481, 1564, 473, 782]
[0.9969586374695864, 0.9963144963144963, 0.0032258064516129032, 0.9322709163346613]
[0.019912016886987353, 0.07626885448089765, 0.32959281789444533, 0.176651377365521]
Recall: -1.0
[2481, 1564, 473, 782]
[0.9987812309567337, 0.9759326113116726, 0.017543859649122806, 0.5924050632911393]
[0.019912016886987353, 0.07626885448089765, 0.32959281789444533, 0.176651377365521]
Accuracy: -1.0
[2481, 1564, 473, 782]
[0.9971785570334543, 0.9852941176470589, 0.22832980972515857, 0.7723785166240409]
[0.019912016886987353, 0.07626885448089765, 0.32959281789444533, 0.176651377365521]
FScore: -1.0
[2481, 1564, 473, 782]
[0.9978691019786909, 0.9860182370820669, 0.005449591280653951, 0.7244582043343653]
[0.019912016886987353, 0.07626885448089765, 0.32959281789444533, 0.176651377365521]
Matthews: -1.0
[2481, 1564, 473, 782]
[0.9936986196250693, 0.9707432170432726, -0.4968141411940497, 0.5873928528086025]
[0.019912016886987353, 0.07626885448089765, 0.32959281789444533, 0.176651377365521]

Analysis for breast-cancer-original (650)
Precision: -0.8944271909999159
[567, 38, 16, 29]
[1.0, 1.0, 0.0, 0.0]
[7.840744410657183E-4, 0.016621945652425876, 0.14600209363959601, 0.06084928645837339]
Recall: -0.9486832980505139
[567, 38, 16, 29]
[0.9927536231884058, 0.4, 0.0, 0.0]
[7.840744410657183E-4, 0.016621945652425876, 0.14600209363959601, 0.06084928645837339]
Accuracy: -1.0
[567, 38, 16, 29]
[0.9947089947089947, 0.9210526315789473, 0.6875, 0.8275862068965517]
[7.840744410657183E-4, 0.016621945652425876, 0.14600209363959601, 0.06084928645837339]
FScore: -0.9486832980505139
[567, 38, 16, 29]
[0.9963636363636363, 0.5714285714285715, 0.0, 0.0]
[7.840744410657183E-4, 0.016621945652425876, 0.14600209363959601, 0.06084928645837339]
Matthews: -0.9486832980505139
[567, 38, 16, 29]
[0.9867432327398347, 0.6055300708194983, 0.0, 0.0]
[7.840744410657183E-4, 0.016621945652425876, 0.14600209363959601, 0.06084928645837339]

Analysis for mammographic-masses (960)
Precision: -1.0
[183, 127, 512, 138]
[0.7848101265822784, 0.3013698630136986, 0.990990990990991, 0.3387096774193548]
[0.0940438735643603, 0.3133426096314734, 0.03443568906393013, 0.16399865165234545]
Recall: -0.8000000000000002
[183, 127, 512, 138]
[0.7848101265822784, 0.29333333333333333, 0.9850746268656716, 0.8076923076923077]
[0.0940438735643603, 0.3133426096314734, 0.03443568906393013, 0.16399865165234545]
Accuracy: -1.0
[183, 127, 512, 138]
[0.8142076502732241, 0.18110236220472442, 0.984375, 0.6666666666666666]
[0.0940438735643603, 0.3133426096314734, 0.03443568906393013, 0.16399865165234545]
FScore: -1.0
[183, 127, 512, 138]
[0.7848101265822784, 0.29729729729729726, 0.9880239520958084, 0.4772727272727273]
[0.0940438735643603, 0.3133426096314734, 0.03443568906393013, 0.16399865165234545]
Matthews: -1.0
[183, 127, 512, 138]
[0.62134858812074, -0.6837639510810591, 0.9655884279488087, 0.3471703620751113]
[0.0940438735643603, 0.3133426096314734, 0.03443568906393013, 0.16399865165234545]

Analysis for phoneme (5400)
Precision: 1.0
[667, 987, 2986, 760]
[0.9712746858168761, 0.3347457627118644, 0.20270270270270271, 0.9977827050997783]
[0.1654123390118057, 0.09968713923372201, 0.011857833814409606, 0.28865428934147247]
Recall: -1.0
[667, 987, 2986, 760]
[0.8466353677621283, 0.9239766081871345, 0.9375, 0.5928853754940712]
[0.1654123390118057, 0.09968713923372201, 0.011857833814409606, 0.28865428934147247]
Accuracy: -0.8
[667, 987, 2986, 760]
[0.8290854572713643, 0.668693009118541, 0.9799062290689886, 0.5921052631578947]
[0.1654123390118057, 0.09968713923372201, 0.011857833814409606, 0.28865428934147247]
FScore: 0.8
[667, 987, 2986, 760]
[0.9046822742474916, 0.49144634525660963, 0.33333333333333337, 0.7438016528925621]
[0.1654123390118057, 0.09968713923372201, 0.011857833814409606, 0.28865428934147247]
Matthews: -1.0
[667, 987, 2986, 760]
[0.14871838457303113, 0.4085040855280499, 0.4309198393640434, -0.030044852815793263]
[0.1654123390118057, 0.09968713923372201, 0.011857833814409606, 0.28865428934147247]

Analysis for pima (700)
Precision: -0.8
[120, 112, 102, 366]
[1.0, 0.0, 0.09090909090909091, 0.9770491803278688]
[0.08282642273651343, 0.2191742976491297, 0.09011146901356441, 0.021400836747062696]
Recall: -1.0
[120, 112, 102, 366]
[0.5826086956521739, 0.0, 0.3, 0.9197530864197531]
[0.08282642273651343, 0.2191742976491297, 0.09011146901356441, 0.021400836747062696]
Accuracy: -0.8
[120, 112, 102, 366]
[0.6, 0.2857142857142857, 0.6372549019607843, 0.9098360655737705]
[0.08282642273651343, 0.2191742976491297, 0.09011146901356441, 0.021400836747062696]
FScore: -1.0
[120, 112, 102, 366]
[0.7362637362637362, 0.0, 0.13953488372093023, 0.9475357710651828]
[0.08282642273651343, 0.2191742976491297, 0.09011146901356441, 0.021400836747062696]
Matthews: -1.0
[120, 112, 102, 366]
[0.23444207066029787, -0.14685714680267203, -0.01658195807383639, 0.6440611887195307]
[0.08282642273651343, 0.2191742976491297, 0.09011146901356441, 0.021400836747062696]

Analysis for ring (7400)
Precision: -0.39999999999999997
[577, 763, 1519, 4541]
[0.8805970149253731, 0.9385113268608414, 0.7094907407407407, 0.9886428165814878]
[0.2748610686465775, 0.12380886902450185, 0.06885059735055453, 0.01982159309529969]
Recall: -1.0
[577, 763, 1519, 4541]
[0.2103386809269162, 0.8011049723756906, 0.9792332268370607, 0.9931545921277809]
[0.2748610686465775, 0.12380886902450185, 0.06885059735055453, 0.01982159309529969]
Accuracy: -1.0
[577, 763, 1519, 4541]
[0.2045060658578856, 0.7614678899082569, 0.826201448321264, 0.9929530940321515]
[0.2748610686465775, 0.12380886902450185, 0.06885059735055453, 0.01982159309529969]
FScore: -0.8
[577, 763, 1519, 4541]
[0.33956834532374097, 0.864381520119225, 0.8228187919463087, 0.9908935685828115]
[0.2748610686465775, 0.12380886902450185, 0.06885059735055453, 0.01982159309529969]
Matthews: -1.0
[577, 763, 1519, 4541]
[-0.30706337895505154, -0.09725380975524638, 0.6938877450362312, 0.9851532829786888]
[0.2748610686465775, 0.12380886902450185, 0.06885059735055453, 0.01982159309529969]

Analysis for spambase (4550)
Precision: -1.0
[416, 1535, 653, 1946]
[0.1, 0.9797794117647058, 0.5887096774193549, 0.9942446043165467]
[0.290355233609733, 0.05618986616168451, 0.14624506003817042, 0.008134948163653219]
Recall: -1.0
[416, 1535, 653, 1946]
[0.2289156626506024, 0.9383802816901409, 0.503448275862069, 0.9899713467048711]
[0.290355233609733, 0.05618986616168451, 0.14624506003817042, 0.008134948163653219]
Accuracy: -1.0
[416, 1535, 653, 1946]
[0.43509615384615385, 0.9400651465798046, 0.8116385911179173, 0.9886947584789312]
[0.290355233609733, 0.05618986616168451, 0.14624506003817042, 0.008134948163653219]
FScore: -1.0
[416, 1535, 653, 1946]
[0.1391941391941392, 0.9586330935251799, 0.5427509293680297, 0.9921033740129217]
[0.290355233609733, 0.05618986616168451, 0.14624506003817042, 0.008134948163653219]
Matthews: -1.0
[416, 1535, 653, 1946]
[-0.2283293598598356, 0.8526824643363846, 0.42711127269297794, 0.9722401177562202]
[0.290355233609733, 0.05618986616168451, 0.14624506003817042, 0.008134948163653219]

Analysis for twonorm (7400)
Precision: -0.9486832980505139
[259, 3970, 2300, 871]
[0.35384615384615387, 1.0, 1.0, 0.9894957983193278]
[0.1771381367401479, 0.0037931634959383707, 0.019902058265987076, 0.06482314092131354]
Recall: -0.9486832980505139
[259, 3970, 2300, 871]
[0.4, 1.0, 1.0, 0.9936708860759493]
[0.1771381367401479, 0.0037931634959383707, 0.019902058265987076, 0.06482314092131354]
Accuracy: -0.9486832980505139
[259, 3970, 2300, 871]
[0.4092664092664093, 1.0, 1.0, 0.9908151549942594]
[0.1771381367401479, 0.0037931634959383707, 0.019902058265987076, 0.06482314092131354]
FScore: -0.9486832980505139
[259, 3970, 2300, 871]
[0.3755102040816327, 1.0, 1.0, 0.9915789473684211]
[0.1771381367401479, 0.0037931634959383707, 0.019902058265987076, 0.06482314092131354]
Matthews: -0.9486832980505139
[259, 3970, 2300, 871]
[-0.18218183397935453, 1.0, 1.0, 0.9814885580602248]
[0.1771381367401479, 0.0037931634959383707, 0.019902058265987076, 0.06482314092131354]

Analysis for wdbc (560)
Precision: 1.0
[60, 0, 438, 62]
[1.0, 0.0, 0.8383838383838383, 0.9824561403508771]
[0.07062374829681774, 0.0, 0.0025941600197813856, 0.017859612464821185]
Recall: 0.2000000000000001
[60, 0, 438, 62]
[0.8166666666666667, 0.0, 0.9764705882352941, 0.9180327868852459]
[0.07062374829681774, 0.0, 0.0025941600197813856, 0.017859612464821185]
Accuracy: 0.2000000000000001
[60, 0, 438, 62]
[0.8166666666666667, 0.0, 0.958904109589041, 0.9032258064516129]
[0.07062374829681774, 0.0, 0.0025941600197813856, 0.017859612464821185]
FScore: 0.39999999999999997
[60, 0, 438, 62]
[0.8990825688073394, 0.0, 0.9021739130434783, 0.9491525423728813]
[0.07062374829681774, 0.0, 0.0025941600197813856, 0.017859612464821185]
Matthews: -0.31622776601683794
[60, 0, 438, 62]
[0.0, 0.0, 0.8804335747384419, -0.0379212510700133]
[0.07062374829681774, 0.0, 0.0025941600197813856, 0.017859612464821185]
