MultiResolutionExperiment(3, 10, MultiResolutionTransform(10, 0.15)

Analysis for appendicitis (100)
Precision: -0.8660254037844386
[9, 78, 13]
[0.0, 1.0, 0.0]
[0.24048836601591755, 0.0066219117820429645, 0.054874575756846206]
Recall: -0.8660254037844386
[9, 78, 13]
[0.0, 0.987012987012987, 0.0]
[0.24048836601591755, 0.0066219117820429645, 0.054874575756846206]
Accuracy: -1.0
[9, 78, 13]
[0.1111111111111111, 0.9871794871794872, 0.6153846153846154]
[0.24048836601591755, 0.0066219117820429645, 0.054874575756846206]
FScore: -0.8660254037844386
[9, 78, 13]
[0.0, 0.9934640522875817, 0.0]
[0.24048836601591755, 0.0066219117820429645, 0.054874575756846206]
Matthews: -0.5
[9, 78, 13]
[0.0, 0.7025001733142089, -0.23354968324845687]
[0.24048836601591755, 0.0066219117820429645, 0.054874575756846206]

Analysis for banana (5300)
Precision: -1.0
[625, 3147, 1528]
[0.03293413173652695, 0.9970059880239521, 0.9926578560939795]
[0.341595877884881, 0.025092003143774657, 0.13225855653607094]
Recall: -1.0
[625, 3147, 1528]
[0.08870967741935484, 0.9994997498749375, 0.8439450686641697]
[0.341595877884881, 0.025092003143774657, 0.13225855653607094]
Accuracy: -1.0
[625, 3147, 1528]
[0.3024, 0.9977756593581188, 0.9149214659685864]
[0.341595877884881, 0.025092003143774657, 0.13225855653607094]
FScore: -1.0
[625, 3147, 1528]
[0.048034934497816595, 0.9982513115163628, 0.912280701754386]
[0.341595877884881, 0.025092003143774657, 0.13225855653607094]
Matthews: -1.0
[625, 3147, 1528]
[-0.4445140303440732, 0.995201749691173, 0.8410632892027469]
[0.341595877884881, 0.025092003143774657, 0.13225855653607094]

Analysis for breast-cancer-original (650)
Precision: -0.8660254037844386
[586, 14, 50]
[1.0, 0.0, 1.0]
[0.00128549081814844, 0.18241559471966137, 0.05143701471013519]
Recall: -1.0
[586, 14, 50]
[0.9879807692307693, 0.0, 0.2222222222222222]
[0.00128549081814844, 0.18241559471966137, 0.05143701471013519]
Accuracy: -1.0
[586, 14, 50]
[0.9914675767918089, 0.7142857142857143, 0.86]
[0.00128549081814844, 0.18241559471966137, 0.05143701471013519]
FScore: -1.0
[586, 14, 50]
[0.9939540507859734, 0.0, 0.3636363636363636]
[0.00128549081814844, 0.18241559471966137, 0.05143701471013519]
Matthews: -1.0
[586, 14, 50]
[0.9796697133487119, 0.0, 0.43567742059328113]
[0.00128549081814844, 0.18241559471966137, 0.05143701471013519]

Analysis for mammographic-masses (960)
Precision: -1.0
[141, 511, 308]
[0.32142857142857145, 0.9910714285714286, 0.5905511811023622]
[0.34269015508065265, 0.03735105566844534, 0.13515623678069388]
Recall: -1.0
[141, 511, 308]
[0.3253012048192771, 0.9823008849557522, 0.8064516129032258]
[0.34269015508065265, 0.03735105566844534, 0.13515623678069388]
Accuracy: -1.0
[141, 511, 308]
[0.19858156028368795, 0.9823874755381604, 0.7727272727272727]
[0.34269015508065265, 0.03735105566844534, 0.13515623678069388]
FScore: -1.0
[141, 511, 308]
[0.32335329341317365, 0.9866666666666667, 0.6818181818181817]
[0.34269015508065265, 0.03735105566844534, 0.13515623678069388]
Matthews: -1.0
[141, 511, 308]
[-0.6592400756042803, 0.9608138898518749, 0.5265669788334215]
[0.34269015508065265, 0.03735105566844534, 0.13515623678069388]

Analysis for phoneme (5400)
Precision: 1.0
[1133, 3218, 1049]
[0.592436974789916, 0.3860759493670886, 0.9970674486803519]
[0.1342668145709008, 0.01711564250853749, 0.29966137125423714]
Recall: -1.0
[1133, 3218, 1049]
[0.8794178794178794, 0.9838709677419355, 0.6525911708253359]
[0.1342668145709008, 0.01711564250853749, 0.29966137125423714]
Accuracy: -1.0
[1133, 3218, 1049]
[0.6919682259488085, 0.9695463020509634, 0.6530028598665396]
[0.1342668145709008, 0.01711564250853749, 0.29966137125423714]
FScore: 1.0
[1133, 3218, 1049]
[0.7079497907949791, 0.5545454545454546, 0.788863109048724]
[0.1342668145709008, 0.01711564250853749, 0.29966137125423714]
Matthews: -1.0
[1133, 3218, 1049]
[0.4434322346102333, 0.6063590930481932, 0.06262936525189967]
[0.1342668145709008, 0.01711564250853749, 0.29966137125423714]

Analysis for pima (700)
Precision: -1.0
[125, 163, 412]
[0.0, 0.6101694915254238, 0.9793510324483776]
[0.2448992517842449, 0.09816706456911117, 0.030723929872573875]
Recall: -1.0
[125, 163, 412]
[0.0, 0.47368421052631576, 0.8924731182795699]
[0.2448992517842449, 0.09816706456911117, 0.030723929872573875]
Accuracy: -1.0
[125, 163, 412]
[0.296, 0.6134969325153374, 0.8859223300970874]
[0.2448992517842449, 0.09816706456911117, 0.030723929872573875]
FScore: -1.0
[125, 163, 412]
[0.0, 0.5333333333333333, 0.9338959212376933]
[0.2448992517842449, 0.09816706456911117, 0.030723929872573875]
Matthews: -1.0
[125, 163, 412]
[-0.18935612789877265, 0.2172836220433375, 0.5563470894319225]
[0.2448992517842449, 0.09816706456911117, 0.030723929872573875]

Analysis for ring (7400)
Precision: -0.5
[681, 1184, 5535]
[0.9030612244897959, 0.8265204386839482, 0.9393939393939394]
[0.2995758688241249, 0.11649535598444344, 0.03132786601402086]
Recall: -1.0
[681, 1184, 5535]
[0.26777609682299547, 0.8800424628450106, 0.992721979621543]
[0.2995758688241249, 0.11649535598444344, 0.03132786601402086]
Accuracy: -1.0
[681, 1184, 5535]
[0.26138032305433184, 0.7576013513513513, 0.9734417344173442]
[0.2995758688241249, 0.11649535598444344, 0.03132786601402086]
FScore: -1.0
[681, 1184, 5535]
[0.41306884480746786, 0.8524421593830334, 0.9653220099079972]
[0.2995758688241249, 0.11649535598444344, 0.03132786601402086]
Matthews: -1.0
[681, 1184, 5535]
[-0.2544156099273892, 0.18045191537933356, 0.9447736820657937]
[0.2995758688241249, 0.11649535598444344, 0.03132786601402086]

Analysis for spambase (4550)
Precision: -1.0
[640, 1073, 2837]
[0.12389380530973451, 0.903370786516854, 0.9948137670909948]
[0.291096276237124, 0.11091940353526004, 0.02147724162916813]
Recall: -1.0
[640, 1073, 2837]
[0.2413793103448276, 0.8023952095808383, 0.9846010265982268]
[0.291096276237124, 0.11091940353526004, 0.02147724162916813]
Accuracy: -1.0
[640, 1073, 2837]
[0.553125, 0.8676607642124884, 0.9844906591469863]
[0.291096276237124, 0.11091940353526004, 0.02147724162916813]
FScore: -1.0
[640, 1073, 2837]
[0.16374269005847952, 0.849894291754757, 0.9896810506566603]
[0.291096276237124, 0.11091940353526004, 0.02147724162916813]
Matthews: -1.0
[640, 1073, 2837]
[-0.11000684648508029, 0.7364157932894706, 0.958685340424895]
[0.291096276237124, 0.11091940353526004, 0.02147724162916813]

Analysis for twonorm (7400)
Precision: -1.0
[391, 5118, 1891]
[0.5756097560975609, 1.0, 0.9978969505783386]
[0.17651362199541332, 0.006624914063345168, 0.0441294535430841]
Recall: -1.0
[391, 5118, 1891]
[0.6243386243386243, 1.0, 0.9989473684210526]
[0.17651362199541332, 0.006624914063345168, 0.0441294535430841]
Accuracy: -1.0
[391, 5118, 1891]
[0.5959079283887468, 1.0, 0.9984135378106822]
[0.17651362199541332, 0.006624914063345168, 0.0441294535430841]
FScore: -1.0
[391, 5118, 1891]
[0.598984771573604, 1.0, 0.9984218832193582]
[0.17651362199541332, 0.006624914063345168, 0.0441294535430841]
Matthews: -1.0
[391, 5118, 1891]
[0.19376740217606556, 1.0, 0.9968275453343759]
[0.17651362199541332, 0.006624914063345168, 0.0441294535430841]

Analysis for wdbc (560)
Precision: 0.8660254037844386
[52, 63, 445]
[1.0, 1.0, 0.8380952380952381]
[0.09935678465947531, 0.032047030126485986, 0.0036756873498394326]
Recall: -1.0
[52, 63, 445]
[0.8076923076923077, 0.9206349206349206, 0.967032967032967]
[0.09935678465947531, 0.032047030126485986, 0.0036756873498394326]
Accuracy: -1.0
[52, 63, 445]
[0.8076923076923077, 0.9206349206349206, 0.9550561797752809]
[0.09935678465947531, 0.032047030126485986, 0.0036756873498394326]
FScore: -0.5
[52, 63, 445]
[0.8936170212765957, 0.9586776859504132, 0.8979591836734694]
[0.09935678465947531, 0.032047030126485986, 0.0036756873498394326]
Matthews: -0.8660254037844386
[52, 63, 445]
[0.0, 0.0, 0.8729887160234575]
[0.09935678465947531, 0.032047030126485986, 0.0036756873498394326]
