MultiResolutionExperiment(3, 10, MultiResolutionTransform(30, 0.25)

Analysis for appendicitis (100)
Precision: -0.8660254037844386
[7, 78, 15]
[0.0, 1.0, 0.0]
[0.2718866297495237, 0.006817173986640511, 0.07672494445173182]
Recall: -0.8660254037844386
[7, 78, 15]
[0.0, 0.987012987012987, 0.0]
[0.2718866297495237, 0.006817173986640511, 0.07672494445173182]
Accuracy: -1.0
[7, 78, 15]
[0.14285714285714285, 0.9871794871794872, 0.5333333333333333]
[0.2718866297495237, 0.006817173986640511, 0.07672494445173182]
FScore: -0.8660254037844386
[7, 78, 15]
[0.0, 0.9934640522875817, 0.0]
[0.2718866297495237, 0.006817173986640511, 0.07672494445173182]
Matthews: -0.5
[7, 78, 15]
[0.0, 0.7025001733142089, -0.30151134457776363]
[0.2718866297495237, 0.006817173986640511, 0.07672494445173182]

Analysis for banana (5300)
Precision: -1.0
[610, 3036, 1654]
[0.030120481927710843, 0.9970457902511078, 0.9908536585365854]
[0.3156172716491752, 0.035368995146996186, 0.12916541079413632]
Recall: -1.0
[610, 3036, 1654]
[0.09523809523809523, 0.9960649286768323, 0.8269720101781171]
[0.3156172716491752, 0.035368995146996186, 0.12916541079413632]
Accuracy: -1.0
[610, 3036, 1654]
[0.3163934426229508, 0.9953886693017128, 0.9141475211608222]
[0.3156172716491752, 0.035368995146996186, 0.12916541079413632]
FScore: -1.0
[610, 3036, 1654]
[0.045766590389016024, 0.9965551181102362, 0.9015256588072122]
[0.3156172716491752, 0.035368995146996186, 0.12916541079413632]
Matthews: -1.0
[610, 3036, 1654]
[-0.41110911249972154, 0.9895841074118753, 0.8371424123333804]
[0.3156172716491752, 0.035368995146996186, 0.12916541079413632]

Analysis for breast-cancer-original (650)
Precision: -0.8660254037844386
[572, 17, 61]
[1.0, 0.0, 1.0]
[0.0011641679089513773, 0.15613712113510783, 0.04165454122291707]
Recall: -1.0
[572, 17, 61]
[0.9879807692307693, 0.0, 0.2857142857142857]
[0.0011641679089513773, 0.15613712113510783, 0.04165454122291707]
Accuracy: -1.0
[572, 17, 61]
[0.9912587412587412, 0.6470588235294118, 0.9180327868852459]
[0.0011641679089513773, 0.15613712113510783, 0.04165454122291707]
FScore: -1.0
[572, 17, 61]
[0.9939540507859734, 0.0, 0.4444444444444445]
[0.0011641679089513773, 0.15613712113510783, 0.04165454122291707]
Matthews: -1.0
[572, 17, 61]
[0.9784161367465086, 0.0, 0.5113718907544225]
[0.0011641679089513773, 0.15613712113510783, 0.04165454122291707]

Analysis for mammographic-masses (960)
Precision: -1.0
[134, 514, 312]
[0.2911392405063291, 0.991044776119403, 0.6015037593984962]
[0.3165452536634084, 0.037691420044038346, 0.12922686602182112]
Recall: -1.0
[134, 514, 312]
[0.2987012987012987, 0.9793510324483776, 0.8080808080808081]
[0.3165452536634084, 0.037691420044038346, 0.12922686602182112]
Accuracy: -1.0
[134, 514, 312]
[0.1791044776119403, 0.980544747081712, 0.7692307692307693]
[0.3165452536634084, 0.037691420044038346, 0.12922686602182112]
FScore: -1.0
[134, 514, 312]
[0.2948717948717949, 0.9851632047477745, 0.6896551724137931]
[0.3165452536634084, 0.037691420044038346, 0.12922686602182112]
Matthews: -1.0
[134, 514, 312]
[-0.6872081708968428, 0.9570596287642373, 0.5263378032546281]
[0.3165452536634084, 0.037691420044038346, 0.12922686602182112]

Analysis for phoneme (5400)
Precision: 1.0
[1054, 3090, 1256]
[0.49421487603305786, 0.05813953488372093, 0.996523754345307]
[0.11297493195284193, 0.015380203876374883, 0.2604378605673326]
Recall: -1.0
[1054, 3090, 1256]
[0.9006024096385542, 1.0, 0.6891025641025641]
[0.11297493195284193, 0.015380203876374883, 0.2604378605673326]
Accuracy: -0.5
[1054, 3090, 1256]
[0.6783681214421252, 0.9737864077669903, 0.6886942675159236]
[0.11297493195284193, 0.015380203876374883, 0.2604378605673326]
FScore: 1.0
[1054, 3090, 1256]
[0.6382070437566701, 0.10989010989010987, 0.8147797252486972]
[0.11297493195284193, 0.015380203876374883, 0.2604378605673326]
Matthews: -0.5
[1054, 3090, 1256]
[0.447872641566973, 0.23793490440202994, 0.053891726217365224]
[0.11297493195284193, 0.015380203876374883, 0.2604378605673326]

Analysis for pima (700)
Precision: -1.0
[130, 159, 411]
[0.0, 0.5208333333333334, 0.985632183908046]
[0.22266850706486718, 0.08960733531542071, 0.031315442565939065]
Recall: -1.0
[130, 159, 411]
[0.0, 0.36764705882352944, 0.9002624671916011]
[0.22266850706486718, 0.08960733531542071, 0.031315442565939065]
Accuracy: -1.0
[130, 159, 411]
[0.3153846153846154, 0.5849056603773585, 0.8953771289537713]
[0.22266850706486718, 0.08960733531542071, 0.031315442565939065]
FScore: -1.0
[130, 159, 411]
[0.0, 0.43103448275862066, 0.9410150891632374]
[0.22266850706486718, 0.08960733531542071, 0.031315442565939065]
Matthews: -1.0
[130, 159, 411]
[-0.12744471655207798, 0.1238261414680054, 0.5296879034912726]
[0.22266850706486718, 0.08960733531542071, 0.031315442565939065]

Analysis for ring (7400)
Precision: -0.5
[717, 1234, 5449]
[0.9147982062780269, 0.8580705009276438, 0.9263005780346821]
[0.267846202600846, 0.10139893297866431, 0.029867751032645634]
Recall: -1.0
[717, 1234, 5449]
[0.2922636103151863, 0.8989310009718173, 0.9927723283427982]
[0.267846202600846, 0.10139893297866431, 0.029867751032645634]
Accuracy: -1.0
[717, 1234, 5449]
[0.28451882845188287, 0.7917341977309562, 0.9693521747109561]
[0.267846202600846, 0.10139893297866431, 0.029867751032645634]
FScore: -1.0
[717, 1234, 5449]
[0.44299674267100975, 0.8780256288561937, 0.9583852479441815]
[0.267846202600846, 0.10139893297866431, 0.029867751032645634]
Matthews: -1.0
[717, 1234, 5449]
[-0.24556141774199683, 0.17089828131539014, 0.935580880057181]
[0.267846202600846, 0.10139893297866431, 0.029867751032645634]

Analysis for spambase (4550)
Precision: -1.0
[694, 1095, 2761]
[0.13191489361702127, 0.9225941422594143, 0.9947089947089947]
[0.2553060491033788, 0.09611857639063467, 0.020061608698951343]
Recall: -1.0
[694, 1095, 2761]
[0.256198347107438, 0.8166666666666667, 0.9852310624106717]
[0.2553060491033788, 0.09611857639063467, 0.020061608698951343]
Accuracy: -1.0
[694, 1095, 2761]
[0.5763688760806917, 0.8757990867579909, 0.9847881202462876]
[0.2553060491033788, 0.09611857639063467, 0.020061608698951343]
FScore: -1.0
[694, 1095, 2761]
[0.1741573033707865, 0.8664047151277013, 0.9899473432264241]
[0.2553060491033788, 0.09611857639063467, 0.020061608698951343]
Matthews: -1.0
[694, 1095, 2761]
[-0.08003106186004633, 0.7560457989636218, 0.958885738424048]
[0.2553060491033788, 0.09611857639063467, 0.020061608698951343]

Analysis for twonorm (7400)
Precision: -1.0
[455, 4750, 2195]
[0.639344262295082, 1.0, 0.9990774907749077]
[0.15148849697820022, 0.007000390964048459, 0.03910666951830577]
Recall: -0.8660254037844386
[455, 4750, 2195]
[0.6842105263157895, 1.0, 1.0]
[0.15148849697820022, 0.007000390964048459, 0.03910666951830577]
Accuracy: -1.0
[455, 4750, 2195]
[0.6483516483516484, 1.0, 0.9995444191343964]
[0.15148849697820022, 0.007000390964048459, 0.03910666951830577]
FScore: -1.0
[455, 4750, 2195]
[0.6610169491525425, 1.0, 0.9995385325334565]
[0.15148849697820022, 0.007000390964048459, 0.03910666951830577]
Matthews: -1.0
[455, 4750, 2195]
[0.29732764951445856, 1.0, 0.9990891050321763]
[0.15148849697820022, 0.007000390964048459, 0.03910666951830577]

Analysis for wdbc (560)
Precision: 0.8660254037844386
[61, 64, 435]
[1.0, 1.0, 0.8229166666666666]
[0.07872980983774856, 0.021640968518943152, 0.003121269453626922]
Recall: -1.0
[61, 64, 435]
[0.819672131147541, 0.921875, 0.9753086419753086]
[0.07872980983774856, 0.021640968518943152, 0.003121269453626922]
Accuracy: -1.0
[61, 64, 435]
[0.819672131147541, 0.921875, 0.9563218390804598]
[0.07872980983774856, 0.021640968518943152, 0.003121269453626922]
FScore: 0.5
[61, 64, 435]
[0.9009009009009009, 0.959349593495935, 0.8926553672316384]
[0.07872980983774856, 0.021640968518943152, 0.003121269453626922]
Matthews: -0.8660254037844386
[61, 64, 435]
[0.0, 0.0, 0.8704070458814553]
[0.07872980983774856, 0.021640968518943152, 0.003121269453626922]
