MultiResolutionExperiment(3, 10, MultiResolutionTransform(30, 0.10)

Analysis for appendicitis (100)
Precision: -1.0
[7, 79, 14]
[0.0, 1.0, 0.2]
[0.20627872740874595, 0.003482680220718218, 0.03656445844649986]
Recall: -1.0
[7, 79, 14]
[0.0, 0.9615384615384616, 0.5]
[0.20627872740874595, 0.003482680220718218, 0.03656445844649986]
Accuracy: -1.0
[7, 79, 14]
[0.14285714285714285, 0.9620253164556962, 0.6428571428571429]
[0.20627872740874595, 0.003482680220718218, 0.03656445844649986]
FScore: -1.0
[7, 79, 14]
[0.0, 0.9803921568627451, 0.28571428571428575]
[0.20627872740874595, 0.003482680220718218, 0.03656445844649986]
Matthews: -1.0
[7, 79, 14]
[0.0, 0.49029033784546006, 0.12171612389003691]
[0.20627872740874595, 0.003482680220718218, 0.03656445844649986]

Analysis for banana (5300)
Precision: -1.0
[596, 3396, 1308]
[0.038922155688622756, 0.9970887918486172, 0.9887820512820513]
[0.30466152308646355, 0.014716703727533642, 0.1162324854280526]
Recall: -1.0
[596, 3396, 1308]
[0.09923664122137404, 0.9990277102576568, 0.8383152173913043]
[0.30466152308646355, 0.014716703727533642, 0.1162324854280526]
Accuracy: -1.0
[596, 3396, 1308]
[0.2634228187919463, 0.9976442873969376, 0.9036697247706422]
[0.30466152308646355, 0.014716703727533642, 0.1162324854280526]
FScore: -1.0
[596, 3396, 1308]
[0.05591397849462366, 0.9980573093734822, 0.9073529411764706]
[0.30466152308646355, 0.014716703727533642, 0.1162324854280526]
Matthews: -1.0
[596, 3396, 1308]
[-0.49316116949886324, 0.9950685725204602, 0.8204220906808294]
[0.30466152308646355, 0.014716703727533642, 0.1162324854280526]

Analysis for breast-cancer-original (650)
Precision: -0.8660254037844386
[581, 51, 18]
[1.0, 1.0, 0.0]
[6.130899967774061E-4, 0.030054423773539073, 0.1179944610108951]
Recall: -1.0
[581, 51, 18]
[0.9927536231884058, 0.25, 0.0]
[6.130899967774061E-4, 0.030054423773539073, 0.1179944610108951]
Accuracy: -1.0
[581, 51, 18]
[0.9948364888123924, 0.8823529411764706, 0.6111111111111112]
[6.130899967774061E-4, 0.030054423773539073, 0.1179944610108951]
FScore: -1.0
[581, 51, 18]
[0.9963636363636363, 0.4, 0.0]
[6.130899967774061E-4, 0.030054423773539073, 0.1179944610108951]
Matthews: -1.0
[581, 51, 18]
[0.987539589891326, 0.46838846602157147, 0.0]
[6.130899967774061E-4, 0.030054423773539073, 0.1179944610108951]

Analysis for mammographic-masses (960)
Precision: -1.0
[138, 529, 293]
[0.2839506172839506, 0.9824046920821115, 0.616]
[0.3011502830528998, 0.030071294512341196, 0.11398859509962796]
Recall: -1.0
[138, 529, 293]
[0.2948717948717949, 0.9824046920821115, 0.8020833333333334]
[0.3011502830528998, 0.030071294512341196, 0.11398859509962796]
Accuracy: -1.0
[138, 529, 293]
[0.18115942028985507, 0.9773156899810964, 0.7713310580204779]
[0.3011502830528998, 0.030071294512341196, 0.11398859509962796]
FScore: -1.0
[138, 529, 293]
[0.2893081761006289, 0.9824046920821115, 0.6968325791855204]
[0.3011502830528998, 0.030071294512341196, 0.11398859509962796]
Matthews: -1.0
[138, 529, 293]
[-0.6763627380134021, 0.9504897984650902, 0.529939956376602]
[0.3011502830528998, 0.030071294512341196, 0.11398859509962796]

Analysis for phoneme (5400)
Precision: 1.0
[1156, 3252, 992]
[0.6033287101248266, 0.4925373134328358, 0.9968354430379747]
[0.10412009903050391, 0.012008121525293864, 0.24327933644439714]
Recall: -1.0
[1156, 3252, 992]
[0.8752515090543259, 0.9611650485436893, 0.6395939086294417]
[0.10412009903050391, 0.012008121525293864, 0.24327933644439714]
Accuracy: -1.0
[1156, 3252, 992]
[0.698961937716263, 0.9674046740467405, 0.6401209677419355]
[0.10412009903050391, 0.012008121525293864, 0.24327933644439714]
FScore: 1.0
[1156, 3252, 992]
[0.7142857142857142, 0.6513157894736842, 0.7792207792207794]
[0.10412009903050391, 0.012008121525293864, 0.24327933644439714]
Matthews: -1.0
[1156, 3252, 992]
[0.45092447212863623, 0.6754539910108733, 0.06160456588837753]
[0.10412009903050391, 0.012008121525293864, 0.24327933644439714]

Analysis for pima (700)
Precision: -1.0
[114, 163, 423]
[0.0, 0.5967741935483871, 0.9706744868035191]
[0.19612231711353084, 0.07734586545059892, 0.021146323247862264]
Recall: -1.0
[114, 163, 423]
[0.0, 0.4625, 0.8994565217391305]
[0.19612231711353084, 0.07734586545059892, 0.021146323247862264]
Accuracy: -1.0
[114, 163, 423]
[0.2719298245614035, 0.5828220858895705, 0.8888888888888888]
[0.19612231711353084, 0.07734586545059892, 0.021146323247862264]
FScore: -1.0
[114, 163, 423]
[0.0, 0.5211267605633804, 0.9337094499294782]
[0.19612231711353084, 0.07734586545059892, 0.021146323247862264]
Matthews: -1.0
[114, 163, 423]
[-0.20935894733965593, 0.16609207068028384, 0.6105577823938113]
[0.19612231711353084, 0.07734586545059892, 0.021146323247862264]

Analysis for ring (7400)
Precision: -0.5
[672, 1214, 5514]
[0.8854166666666666, 0.7834728033472803, 0.9569313593539704]
[0.2464327137771529, 0.09117643643862658, 0.022646660770560597]
Recall: -1.0
[672, 1214, 5514]
[0.26194144838212635, 0.8668981481481481, 0.9916317991631799]
[0.2464327137771529, 0.09117643643862658, 0.022646660770560597]
Accuracy: -1.0
[672, 1214, 5514]
[0.2544642857142857, 0.7347611202635914, 0.9793253536452666]
[0.2464327137771529, 0.09117643643862658, 0.022646660770560597]
FScore: -1.0
[672, 1214, 5514]
[0.40428061831153383, 0.823076923076923, 0.973972602739726]
[0.2464327137771529, 0.09117643643862658, 0.022646660770560597]
Matthews: -1.0
[672, 1214, 5514]
[-0.279535834391916, 0.3050181874528239, 0.9572512086825717]
[0.2464327137771529, 0.09117643643862658, 0.022646660770560597]

Analysis for spambase (4550)
Precision: -1.0
[549, 968, 3033]
[0.13302752293577982, 0.8583333333333333, 0.994579945799458]
[0.25789303411021935, 0.10054964086906183, 0.017357462236391494]
Recall: -1.0
[549, 968, 3033]
[0.25663716814159293, 0.7555012224938875, 0.9839142091152815]
[0.25789303411021935, 0.10054964086906183, 0.017357462236391494]
Accuracy: -1.0
[549, 968, 3033]
[0.5027322404371585, 0.84400826446281, 0.9841740850642928]
[0.25789303411021935, 0.10054964086906183, 0.017357462236391494]
FScore: -1.0
[549, 968, 3033]
[0.17522658610271902, 0.8036410923276982, 0.9892183288409704]
[0.25789303411021935, 0.10054964086906183, 0.017357462236391494]
Matthews: -1.0
[549, 968, 3033]
[-0.14613121794208778, 0.6789020408870329, 0.9596787611073408]
[0.25789303411021935, 0.10054964086906183, 0.017357462236391494]

Analysis for twonorm (7400)
Precision: -1.0
[343, 5543, 1514]
[0.5168539325842697, 1.0, 0.9961587708066582]
[0.14636959832404575, 0.00368643070354012, 0.03485841481783597]
Recall: -1.0
[343, 5543, 1514]
[0.5679012345679012, 1.0, 0.9974358974358974]
[0.14636959832404575, 0.00368643070354012, 0.03485841481783597]
Accuracy: -1.0
[343, 5543, 1514]
[0.5451895043731778, 1.0, 0.9966974900924703]
[0.14636959832404575, 0.00368643070354012, 0.03485841481783597]
FScore: -1.0
[343, 5543, 1514]
[0.5411764705882354, 1.0, 0.9967969250480462]
[0.14636959832404575, 0.00368643070354012, 0.03485841481783597]
Matthews: -1.0
[343, 5543, 1514]
[0.09268727968472441, 1.0, 0.9933894800739027]
[0.14636959832404575, 0.00368643070354012, 0.03485841481783597]

Analysis for wdbc (560)
Precision: 0.8660254037844386
[48, 58, 454]
[1.0, 1.0, 0.8508771929824561]
[0.06742595641689873, 0.01886762009461761, 0.0019891947115713224]
Recall: -1.0
[48, 58, 454]
[0.7916666666666666, 0.9137931034482759, 0.97]
[0.06742595641689873, 0.01886762009461761, 0.0019891947115713224]
Accuracy: -1.0
[48, 58, 454]
[0.7916666666666666, 0.9137931034482759, 0.9559471365638766]
[0.06742595641689873, 0.01886762009461761, 0.0019891947115713224]
FScore: -0.5
[48, 58, 454]
[0.8837209302325582, 0.9549549549549551, 0.9065420560747663]
[0.06742595641689873, 0.01886762009461761, 0.0019891947115713224]
Matthews: -0.8660254037844386
[48, 58, 454]
[0.0, 0.0, 0.8811097822353658]
[0.06742595641689873, 0.01886762009461761, 0.0019891947115713224]
