MultiResolutionExperiment(5, 10, MultiResolutionTransform(20, 0.10)

Analysis for appendicitis (100)
Precision: -0.7905694150420949
[4, 12, 7, 6, 71]
[0.0, 0.0, 1.0, 0.25, 1.0]
[0.2978911358269753, 0.02511298344901286, 0.01883027838168155, 0.10233635774676504, 0.0021880587647464854]
Recall: -0.31622776601683794
[4, 12, 7, 6, 71]
[0.0, 0.0, 1.0, 1.0, 0.9714285714285714]
[0.2978911358269753, 0.02511298344901286, 0.01883027838168155, 0.10233635774676504, 0.0021880587647464854]
Accuracy: -0.9
[4, 12, 7, 6, 71]
[0.0, 0.5833333333333334, 1.0, 0.5, 0.971830985915493]
[0.2978911358269753, 0.02511298344901286, 0.01883027838168155, 0.10233635774676504, 0.0021880587647464854]
FScore: -0.7181848464596079
[4, 12, 7, 6, 71]
[0.0, 0.0, 1.0, 0.4, 0.9855072463768115]
[0.2978911358269753, 0.02511298344901286, 0.01883027838168155, 0.10233635774676504, 0.0021880587647464854]
Matthews: -0.35909242322980384
[4, 12, 7, 6, 71]
[0.0, -0.25819888974716115, 0.0, 0.31622776601683794, 0.5690426379538917]
[0.2978911358269753, 0.02511298344901286, 0.01883027838168155, 0.10233635774676504, 0.0021880587647464854]

Analysis for banana (5300)
Precision: -0.8
[1314, 384, 465, 2625, 512]
[0.9972936400541272, 0.7555555555555555, 0.0, 0.9963122311001844, 0.973421926910299]
[0.05665621890413501, 0.13791650281454612, 0.33701443896984473, 0.008496259250356485, 0.18085548144237829]
Recall: -1.0
[1314, 384, 465, 2625, 512]
[0.9892617449664429, 0.7555555555555555, 0.0, 0.9993834771886559, 0.6554809843400448]
[0.05665621890413501, 0.13791650281454612, 0.33701443896984473, 0.008496259250356485, 0.18085548144237829]
Accuracy: -1.0
[1314, 384, 465, 2625, 512]
[0.9923896499238964, 0.9427083333333334, 0.2, 0.9973333333333333, 0.68359375]
[0.05665621890413501, 0.13791650281454612, 0.33701443896984473, 0.008496259250356485, 0.18085548144237829]
FScore: -0.9
[1314, 384, 465, 2625, 512]
[0.9932614555256065, 0.7555555555555555, 0.0, 0.9978454909202831, 0.7834224598930483]
[0.05665621890413501, 0.13791650281454612, 0.33701443896984473, 0.008496259250356485, 0.18085548144237829]
Matthews: -1.0
[1314, 384, 465, 2625, 512]
[0.9845629906851869, 0.7231071779744346, -0.5619107321328504, 0.9943553671944163, 0.36010348477546444]
[0.05665621890413501, 0.13791650281454612, 0.33701443896984473, 0.008496259250356485, 0.18085548144237829]

Analysis for breast-cancer-original (650)
Precision: -0.5773502691896258
[11, 573, 11, 33, 22]
[1.0, 1.0, 0.0, 1.0, 0.0]
[0.0827547893800584, 4.695254233310701E-4, 0.14649093170857708, 0.01168772323200175, 0.045212977531367445]
Recall: -0.6155870112510924
[11, 573, 11, 33, 22]
[0.5, 0.9927360774818402, 0.0, 0.4, 0.0]
[0.0827547893800584, 4.695254233310701E-4, 0.14649093170857708, 0.01168772323200175, 0.045212977531367445]
Accuracy: -0.8207826816681232
[11, 573, 11, 33, 22]
[0.9090909090909091, 0.9947643979057592, 0.6363636363636364, 0.9090909090909091, 0.7727272727272727]
[0.0827547893800584, 4.695254233310701E-4, 0.14649093170857708, 0.01168772323200175, 0.045212977531367445]
FScore: -0.6155870112510924
[11, 573, 11, 33, 22]
[0.6666666666666666, 0.9963547995139732, 0.0, 0.5714285714285715, 0.0]
[0.0827547893800584, 4.695254233310701E-4, 0.14649093170857708, 0.01168772323200175, 0.045212977531367445]
Matthews: -0.6155870112510924
[11, 573, 11, 33, 22]
[0.6708203932499369, 0.9871498677160767, 0.0, 0.6010743070375286, 0.0]
[0.0827547893800584, 4.695254233310701E-4, 0.14649093170857708, 0.01168772323200175, 0.045212977531367445]

Analysis for mammographic-masses (960)
Precision: -0.9
[56, 92, 213, 497, 102]
[0.11538461538461539, 0.43636363636363634, 0.8051948051948052, 0.990990990990991, 0.2857142857142857]
[0.3958299333632872, 0.2187085635889418, 0.07862511515674378, 0.029714374053321217, 0.18048385220802082]
Recall: -1.0
[56, 92, 213, 497, 102]
[0.09090909090909091, 0.43636363636363634, 0.8493150684931506, 0.9880239520958084, 0.8]
[0.3958299333632872, 0.2187085635889418, 0.07862511515674378, 0.029714374053321217, 0.18048385220802082]
Accuracy: -1.0
[56, 92, 213, 497, 102]
[0.05357142857142857, 0.32608695652173914, 0.8779342723004695, 0.9859154929577465, 0.5686274509803921]
[0.3958299333632872, 0.2187085635889418, 0.07862511515674378, 0.029714374053321217, 0.18048385220802082]
FScore: -0.9
[56, 92, 213, 497, 102]
[0.1016949152542373, 0.43636363636363634, 0.8266666666666668, 0.9895052473763118, 0.4210526315789473]
[0.3958299333632872, 0.2187085635889418, 0.07862511515674378, 0.029714374053321217, 0.18048385220802082]
Matthews: -1.0
[56, 92, 213, 497, 102]
[-0.8967696494617802, -0.4014742014742015, 0.7331879529817914, 0.9681087193275434, 0.24910079157436515]
[0.3958299333632872, 0.2187085635889418, 0.07862511515674378, 0.029714374053321217, 0.18048385220802082]

Analysis for phoneme (5400)
Precision: 0.9
[889, 465, 3051, 417, 578]
[0.2513089005235602, 0.9226804123711341, 0.5314685314685315, 1.0, 0.9837209302325581]
[0.09541826367660275, 0.1122139917253549, 0.009465123899073101, 0.312239784455948, 0.21015780305670015]
Recall: -1.0
[889, 465, 3051, 417, 578]
[0.897196261682243, 0.8626506024096385, 0.95, 0.5059952038369304, 0.7473498233215548]
[0.09541826367660275, 0.1122139917253549, 0.009465123899073101, 0.312239784455948, 0.21015780305670015]
Accuracy: -0.7000000000000001
[889, 465, 3051, 417, 578]
[0.6659167604049494, 0.8129032258064516, 0.9767289413307112, 0.5059952038369304, 0.740484429065744]
[0.09541826367660275, 0.1122139917253549, 0.009465123899073101, 0.312239784455948, 0.21015780305670015]
FScore: 0.09999999999999983
[889, 465, 3051, 417, 578]
[0.39263803680981596, 0.8916562889165629, 0.6816143497757846, 0.6719745222929936, 0.8493975903614458]
[0.09541826367660275, 0.1122139917253549, 0.009465123899073101, 0.312239784455948, 0.21015780305670015]
Matthews: -1.0
[889, 465, 3051, 417, 578]
[0.3493302566534641, 0.21889015378044924, 0.7011662160972375, 0.0, 0.053582289529358715]
[0.09541826367660275, 0.1122139917253549, 0.009465123899073101, 0.312239784455948, 0.21015780305670015]

Analysis for pima (700)
Precision: -0.7000000000000001
[83, 67, 114, 371, 65]
[0.19230769230769232, 0.02631578947368421, 1.0, 0.9700996677740864, 0.0]
[0.062189970349760294, 0.1455431743395068, 0.08177064225666189, 0.016921437419202972, 0.2387466505568049]
Recall: -0.7000000000000001
[83, 67, 114, 371, 65]
[0.2631578947368421, 0.3333333333333333, 0.6481481481481481, 0.9125, 0.0]
[0.062189970349760294, 0.1455431743395068, 0.08177064225666189, 0.016921437419202972, 0.2387466505568049]
Accuracy: -0.9
[83, 67, 114, 371, 65]
[0.5783132530120482, 0.417910447761194, 0.6666666666666666, 0.9002695417789758, 0.24615384615384617]
[0.062189970349760294, 0.1455431743395068, 0.08177064225666189, 0.016921437419202972, 0.2387466505568049]
FScore: -0.9
[83, 67, 114, 371, 65]
[0.2222222222222222, 0.048780487804878044, 0.7865168539325843, 0.9404186795491144, 0.0]
[0.062189970349760294, 0.1455431743395068, 0.08177064225666189, 0.016921437419202972, 0.2387466505568049]
Matthews: -0.5
[83, 67, 114, 371, 65]
[-0.05884860901146254, -0.1021777761704261, 0.2972941950052816, 0.6477732034585987, 0.0]
[0.062189970349760294, 0.1455431743395068, 0.08177064225666189, 0.016921437419202972, 0.2387466505568049]

Analysis for ring (7400)
Precision: -0.7000000000000001
[727, 885, 466, 574, 4748]
[0.9779735682819384, 0.1124031007751938, 0.85, 0.8836633663366337, 0.9887410440122825]
[0.05276644396036306, 0.0879821222979507, 0.28769844462320665, 0.14905224683906398, 0.01774875295858164]
Recall: -0.7000000000000001
[727, 885, 466, 574, 4748]
[0.9393511988716502, 1.0, 0.14977973568281938, 0.6787072243346007, 0.9928057553956835]
[0.05276644396036306, 0.0879821222979507, 0.28769844462320665, 0.14905224683906398, 0.01774875295858164]
Accuracy: -1.0
[727, 885, 466, 574, 4748]
[0.9202200825309491, 0.7412429378531074, 0.1459227467811159, 0.6236933797909407, 0.9924178601516428]
[0.05276644396036306, 0.0879821222979507, 0.28769844462320665, 0.14905224683906398, 0.01774875295858164]
FScore: -0.7000000000000001
[727, 885, 466, 574, 4748]
[0.9582733812949641, 0.20209059233449478, 0.2546816479400749, 0.7677419354838709, 0.9907692307692308]
[0.05276644396036306, 0.0879821222979507, 0.28769844462320665, 0.14905224683906398, 0.01774875295858164]
Matthews: -0.9
[727, 885, 466, 574, 4748]
[0.06766840729535287, 0.28693665690733405, -0.3571176831908175, -0.18217308140605906, 0.9843420735236155]
[0.05276644396036306, 0.0879821222979507, 0.28769844462320665, 0.14905224683906398, 0.01774875295858164]

Analysis for spambase (4550)
Precision: -1.0
[314, 1387, 581, 399, 1869]
[0.09202453987730061, 0.9883833494675702, 0.8686868686868687, 0.30952380952380953, 0.9939117199391172]
[0.31590009156420074, 0.04355034076792155, 0.10710103523317716, 0.17975359456482173, 0.005439105390086902]
Recall: -1.0
[314, 1387, 581, 399, 1869]
[0.20833333333333334, 0.9677725118483412, 0.6798418972332015, 0.41935483870967744, 0.9908952959028832]
[0.31590009156420074, 0.04355034076792155, 0.10710103523317716, 0.17975359456482173, 0.005439105390086902]
Accuracy: -1.0
[314, 1387, 581, 399, 1869]
[0.3471337579617834, 0.9668348954578226, 0.8158347676419966, 0.7644110275689223, 0.9892990904226859]
[0.31590009156420074, 0.04355034076792155, 0.10710103523317716, 0.17975359456482173, 0.005439105390086902]
FScore: -1.0
[314, 1387, 581, 399, 1869]
[0.1276595744680851, 0.9779693486590039, 0.762749445676275, 0.3561643835616438, 0.9924012158054711]
[0.31590009156420074, 0.04355034076792155, 0.10710103523317716, 0.17975359456482173, 0.005439105390086902]
Matthews: -1.0
[314, 1387, 581, 399, 1869]
[-0.3392750618984429, 0.9117714342467474, 0.6282484722927824, 0.21970942461024154, 0.9743310269287023]
[0.31590009156420074, 0.04355034076792155, 0.10710103523317716, 0.17975359456482173, 0.005439105390086902]

Analysis for twonorm (7400)
Precision: -1.0
[145, 1933, 860, 4122, 340]
[0.12658227848101267, 0.9989429175475687, 0.9977477477477478, 1.0, 0.9032258064516129]
[0.20533312934095496, 0.01270726742112388, 0.04016554230142971, 0.0019584076118356634, 0.09931023587784449]
Recall: -0.8944271909999159
[145, 1933, 860, 4122, 340]
[0.15625, 1.0, 1.0, 1.0, 0.9032258064516129]
[0.20533312934095496, 0.01270726742112388, 0.04016554230142971, 0.0019584076118356634, 0.09931023587784449]
Accuracy: -1.0
[145, 1933, 860, 4122, 340]
[0.15172413793103448, 0.999482669425763, 0.9988372093023256, 1.0, 0.8941176470588236]
[0.20533312934095496, 0.01270726742112388, 0.04016554230142971, 0.0019584076118356634, 0.09931023587784449]
FScore: -1.0
[145, 1933, 860, 4122, 340]
[0.13986013986013987, 0.9994711792702274, 0.9988726042841037, 1.0, 0.9032258064516129]
[0.20533312934095496, 0.01270726742112388, 0.04016554230142971, 0.0019584076118356634, 0.09931023587784449]
Matthews: -1.0
[145, 1933, 860, 4122, 340]
[-0.6935978089323587, 0.9989653856466155, 0.9976748304420199, 1.0, 0.7863426895684961]
[0.20533312934095496, 0.01270726742112388, 0.04016554230142971, 0.0019584076118356634, 0.09931023587784449]

Analysis for wdbc (560)
Precision: 0.8944271909999159
[41, 21, 36, 30, 432]
[1.0, 1.0, 1.0, 0.9642857142857143, 0.8297872340425532]
[0.0472542111910782, 0.10063049571069593, 0.018871492980502762, 0.004599853542684527, 0.002201144723564676]
Recall: -0.9
[41, 21, 36, 30, 432]
[0.9024390243902439, 0.6666666666666666, 0.8888888888888888, 0.9642857142857143, 0.975]
[0.0472542111910782, 0.10063049571069593, 0.018871492980502762, 0.004599853542684527, 0.002201144723564676]
Accuracy: -0.9
[41, 21, 36, 30, 432]
[0.9024390243902439, 0.6666666666666666, 0.8888888888888888, 0.9333333333333333, 0.9583333333333334]
[0.0472542111910782, 0.10063049571069593, 0.018871492980502762, 0.004599853542684527, 0.002201144723564676]
FScore: -0.30000000000000004
[41, 21, 36, 30, 432]
[0.9487179487179488, 0.8, 0.9411764705882353, 0.9642857142857143, 0.896551724137931]
[0.0472542111910782, 0.10063049571069593, 0.018871492980502762, 0.004599853542684527, 0.002201144723564676]
Matthews: -0.8944271909999159
[41, 21, 36, 30, 432]
[0.0, 0.0, 0.0, 0.4642857142857143, 0.8751140969509593]
[0.0472542111910782, 0.10063049571069593, 0.018871492980502762, 0.004599853542684527, 0.002201144723564676]
