MultiResolutionExperiment(3, 10, MultiResolutionTransform(50, 0.15))

Analysis for appendicitis (100)
Precision: -1.0
[7, 77, 16]
[0.0, 1.0, 0.2]
[0.22965170916479175, 0.003969152097106022, 0.04994077414398908]
Recall: -1.0
[7, 77, 16]
[0.0, 0.9868421052631579, 0.25]
[0.22965170916479175, 0.003969152097106022, 0.04994077414398908]
Accuracy: -1.0
[7, 77, 16]
[0.14285714285714285, 0.987012987012987, 0.5625]
[0.22965170916479175, 0.003969152097106022, 0.04994077414398908]
FScore: -1.0
[7, 77, 16]
[0.0, 0.9933774834437086, 0.22222222222222224]
[0.22965170916479175, 0.003969152097106022, 0.04994077414398908]
Matthews: -0.5
[7, 77, 16]
[0.0, 0.7024393586862705, -0.0778498944161523]
[0.22965170916479175, 0.003969152097106022, 0.04994077414398908]

Analysis for banana (5300)
Precision: -1.0
[620, 3189, 1491]
[0.03003003003003003, 0.9970149253731343, 0.992603550295858]
[0.2991453143405196, 0.019149516503183975, 0.11324101486786904]
Recall: -1.0
[620, 3189, 1491]
[0.08130081300813008, 0.9985052316890882, 0.845088161209068]
[0.2991453143405196, 0.019149516503183975, 0.11324101486786904]
Accuracy: -1.0
[620, 3189, 1491]
[0.2967741935483871, 0.9971777986829727, 0.9141515761234071]
[0.2991453143405196, 0.019149516503183975, 0.11324101486786904]
FScore: -1.0
[620, 3189, 1491]
[0.043859649122807015, 0.9977595220313668, 0.9129251700680273]
[0.2991453143405196, 0.019149516503183975, 0.11324101486786904]
Matthews: -1.0
[620, 3189, 1491]
[-0.4547507859201822, 0.9939496064691083, 0.8397968183636892]
[0.2991453143405196, 0.019149516503183975, 0.11324101486786904]

Analysis for breast-cancer-original (650)
Precision: -0.8660254037844386
[582, 53, 15]
[1.0, 1.0, 0.0]
[7.650116093044816E-4, 0.036888557484724825, 0.1350274827041032]
Recall: -1.0
[582, 53, 15]
[0.9927710843373494, 0.1111111111111111, 0.0]
[7.650116093044816E-4, 0.036888557484724825, 0.1350274827041032]
Accuracy: -1.0
[582, 53, 15]
[0.9948453608247423, 0.8490566037735849, 0.6666666666666666]
[7.650116093044816E-4, 0.036888557484724825, 0.1350274827041032]
FScore: -1.0
[582, 53, 15]
[0.9963724304715841, 0.19999999999999998, 0.0]
[7.650116093044816E-4, 0.036888557484724825, 0.1350274827041032]
Matthews: -1.0
[582, 53, 15]
[0.9875482745738302, 0.30662207033593325, 0.0]
[7.650116093044816E-4, 0.036888557484724825, 0.1350274827041032]

Analysis for mammographic-masses (960)
Precision: -1.0
[133, 527, 300]
[0.2692307692307692, 0.9882005899705014, 0.6076923076923076]
[0.3030994732500445, 0.03195552825208556, 0.11771482969757267]
Recall: -1.0
[133, 527, 300]
[0.28, 0.97953216374269, 0.8061224489795918]
[0.3030994732500445, 0.03195552825208556, 0.11771482969757267]
Accuracy: -1.0
[133, 527, 300]
[0.16541353383458646, 0.9791271347248577, 0.7666666666666667]
[0.3030994732500445, 0.03195552825208556, 0.11771482969757267]
FScore: -1.0
[133, 527, 300]
[0.27450980392156865, 0.9838472834067548, 0.6929824561403508]
[0.3030994732500445, 0.03195552825208556, 0.11771482969757267]
Matthews: -1.0
[133, 527, 300]
[-0.7076559525579788, 0.9544322296399657, 0.5239932526915698]
[0.3030994732500445, 0.03195552825208556, 0.11771482969757267]

Analysis for phoneme (5400)
Precision: 1.0
[1134, 3226, 1040]
[0.5926966292134831, 0.41317365269461076, 0.997037037037037]
[0.11063576424193555, 0.013700783015273723, 0.24999607219821812]
Recall: -1.0
[1134, 3226, 1040]
[0.8755186721991701, 0.9857142857142858, 0.6515004840271055]
[0.11063576424193555, 0.013700783015273723, 0.24999607219821812]
Accuracy: -1.0
[1134, 3226, 1040]
[0.691358024691358, 0.9693118412895226, 0.6519230769230769]
[0.11063576424193555, 0.013700783015273723, 0.24999607219821812]
FScore: 1.0
[1134, 3226, 1040]
[0.7068676716917922, 0.5822784810126581, 0.788056206088993]
[0.11063576424193555, 0.013700783015273723, 0.24999607219821812]
Matthews: -1.0
[1134, 3226, 1040]
[0.4405139235987313, 0.6277971290173076, 0.06266545206042744]
[0.11063576424193555, 0.013700783015273723, 0.24999607219821812]

Analysis for pima (700)
Precision: -1.0
[130, 167, 403]
[0.0, 0.6557377049180327, 0.9791044776119403]
[0.19343737358367286, 0.07584061701084611, 0.02291644078488109]
Recall: -1.0
[130, 167, 403]
[0.0, 0.46511627906976744, 0.9035812672176309]
[0.19343737358367286, 0.07584061701084611, 0.02291644078488109]
Accuracy: -1.0
[130, 167, 403]
[0.3153846153846154, 0.5988023952095808, 0.8957816377171216]
[0.19343737358367286, 0.07584061701084611, 0.02291644078488109]
FScore: -1.0
[130, 167, 403]
[0.0, 0.5442176870748299, 0.9398280802292263]
[0.19343737358367286, 0.07584061701084611, 0.02291644078488109]
Matthews: -1.0
[130, 167, 403]
[-0.12744471655207798, 0.21366803996731684, 0.5816804251716653]
[0.19343737358367286, 0.07584061701084611, 0.02291644078488109]

Analysis for ring (7400)
Precision: -0.5
[682, 1199, 5519]
[0.898989898989899, 0.8125, 0.9455875628715135]
[0.24872163603556702, 0.09318381877144032, 0.024565413609024606]
Recall: -1.0
[682, 1199, 5519]
[0.2688821752265861, 0.8779956427015251, 0.9923224568138196]
[0.24872163603556702, 0.09318381877144032, 0.024565413609024606]
Accuracy: -1.0
[682, 1199, 5519]
[0.26099706744868034, 0.7514595496246872, 0.9755390469287915]
[0.24872163603556702, 0.09318381877144032, 0.024565413609024606]
FScore: -1.0
[682, 1199, 5519]
[0.41395348837209306, 0.8439790575916231, 0.9683914774057598]
[0.24872163603556702, 0.09318381877144032, 0.024565413609024606]
Matthews: -1.0
[682, 1199, 5519]
[-0.2717540898140226, 0.2421786600024871, 0.949194778762548]
[0.24872163603556702, 0.09318381877144032, 0.024565413609024606]

Analysis for spambase (4550)
Precision: -1.0
[589, 1014, 2947]
[0.12612612612612611, 0.8782383419689119, 0.99496336996337]
[0.25198817069447116, 0.09739516168241026, 0.018012723997632735]
Recall: -1.0
[589, 1014, 2947]
[0.24347826086956523, 0.773972602739726, 0.9845944721341187]
[0.25198817069447116, 0.09739516168241026, 0.018012723997632735]
Accuracy: -1.0
[589, 1014, 2947]
[0.5229202037351444, 0.8560157790927022, 0.9847302341364099]
[0.25198817069447116, 0.09739516168241026, 0.018012723997632735]
FScore: -1.0
[589, 1014, 2947]
[0.16617210682492584, 0.8228155339805826, 0.98975176497381]
[0.25198817069447116, 0.09739516168241026, 0.018012723997632735]
Matthews: -1.0
[589, 1014, 2947]
[-0.13562030808899259, 0.7063442914069504, 0.960017380896253]
[0.25198817069447116, 0.09739516168241026, 0.018012723997632735]

Analysis for twonorm (7400)
Precision: -1.0
[377, 5274, 1749]
[0.5628140703517588, 1.0, 0.9977502812148481]
[0.14569420221883383, 0.004518396500757159, 0.03513258222761916]
Recall: -1.0
[377, 5274, 1749]
[0.6120218579234973, 1.0, 0.9988738738738738]
[0.14569420221883383, 0.004518396500757159, 0.03513258222761916]
Accuracy: -1.0
[377, 5274, 1749]
[0.5809018567639257, 1.0, 0.9982847341337907]
[0.14569420221883383, 0.004518396500757159, 0.03513258222761916]
FScore: -1.0
[377, 5274, 1749]
[0.5863874345549739, 1.0, 0.9983117613956105]
[0.14569420221883383, 0.004518396500757159, 0.03513258222761916]
Matthews: -1.0
[377, 5274, 1749]
[0.1637528535942879, 1.0, 0.9965692418426162]
[0.14569420221883383, 0.004518396500757159, 0.03513258222761916]

Analysis for wdbc (560)
Precision: 0.8660254037844386
[58, 51, 451]
[1.0, 1.0, 0.8468468468468469]
[0.06481603876148614, 0.017210843224518057, 0.0022019709368588094]
Recall: -1.0
[58, 51, 451]
[0.8103448275862069, 0.9215686274509803, 0.9690721649484536]
[0.06481603876148614, 0.017210843224518057, 0.0022019709368588094]
Accuracy: -1.0
[58, 51, 451]
[0.8103448275862069, 0.9215686274509803, 0.9556541019955654]
[0.06481603876148614, 0.017210843224518057, 0.0022019709368588094]
FScore: -0.5
[58, 51, 451]
[0.8952380952380952, 0.9591836734693878, 0.903846153846154]
[0.06481603876148614, 0.017210843224518057, 0.0022019709368588094]
Matthews: -0.8660254037844386
[58, 51, 451]
[0.0, 0.0, 0.8785562092929292]
[0.06481603876148614, 0.017210843224518057, 0.0022019709368588094]
