MultiResolutionExperiment(5, 10, MultiResolutionTransform(20, 0.20)

Analysis for appendicitis (100)
Precision: -0.288675134594813
[10, 5, 77, 7, 1]
[0.0, 0.0, 1.0, 0.0, 1.0]
[0.05607276233848616, 0.31104366389164667, 0.0049447908025958475, 0.10918478184285038, 0.13519190034470918]
Recall: -0.11180339887498948
[10, 5, 77, 7, 1]
[0.0, 0.0, 0.9868421052631579, 0.0, 1.0]
[0.05607276233848616, 0.31104366389164667, 0.0049447908025958475, 0.10918478184285038, 0.13519190034470918]
Accuracy: -0.39999999999999997
[10, 5, 77, 7, 1]
[0.7, 0.0, 0.987012987012987, 0.2857142857142857, 1.0]
[0.05607276233848616, 0.31104366389164667, 0.0049447908025958475, 0.10918478184285038, 0.13519190034470918]
FScore: -0.11180339887498948
[10, 5, 77, 7, 1]
[0.0, 0.0, 0.9933774834437086, 0.0, 1.0]
[0.05607276233848616, 0.31104366389164667, 0.0049447908025958475, 0.10918478184285038, 0.13519190034470918]
Matthews: -0.7071067811865476
[10, 5, 77, 7, 1]
[0.0, 0.0, 0.7024393586862705, 0.0, 0.0]
[0.05607276233848616, 0.31104366389164667, 0.0049447908025958475, 0.10918478184285038, 0.13519190034470918]

Analysis for banana (5300)
Precision: -0.9
[1477, 489, 584, 2262, 488]
[0.9948586118251928, 0.75, 0.9922077922077922, 0.9973351099267155, 0.006349206349206349]
[0.06757658411268821, 0.1612518683802553, 0.1713329243428174, 0.02007047480372211, 0.34284444835649563]
Recall: -1.0
[1477, 489, 584, 2262, 488]
[0.993581514762516, 0.8333333333333334, 0.6958105646630237, 0.9986657771847899, 0.03278688524590164]
[0.06757658411268821, 0.1612518683802553, 0.1713329243428174, 0.02007047480372211, 0.34284444835649563]
Accuracy: -1.0
[1477, 489, 584, 2262, 488]
[0.993906567366283, 0.967280163599182, 0.708904109589041, 0.9973474801061007, 0.23770491803278687]
[0.06757658411268821, 0.1612518683802553, 0.1713329243428174, 0.02007047480372211, 0.34284444835649563]
FScore: -0.9
[1477, 489, 584, 2262, 488]
[0.9942196531791907, 0.7894736842105262, 0.8179871520342612, 0.998, 0.010638297872340425]
[0.06757658411268821, 0.1612518683802553, 0.1713329243428174, 0.02007047480372211, 0.34284444835649563]
Matthews: -1.0
[1477, 489, 584, 2262, 488]
[0.987778193197269, 0.7730477609759073, 0.3055354927410125, 0.9940649439222271, -0.48410976160594216]
[0.06757658411268821, 0.1612518683802553, 0.1713329243428174, 0.02007047480372211, 0.34284444835649563]

Analysis for breast-cancer-original (650)
Precision: -0.5773502691896258
[11, 561, 14, 40, 24]
[1.0, 1.0, 0.0, 1.0, 0.0]
[0.08421860783081264, 6.943850027848578E-4, 0.16966598821556958, 0.017026149067071786, 0.05520769711279475]
Recall: -0.8207826816681233
[11, 561, 14, 40, 24]
[0.3333333333333333, 0.9927184466019418, 0.0, 0.5, 0.0]
[0.08421860783081264, 6.943850027848578E-4, 0.16966598821556958, 0.017026149067071786, 0.05520769711279475]
Accuracy: -1.0
[11, 561, 14, 40, 24]
[0.8181818181818182, 0.9946524064171123, 0.7142857142857143, 0.925, 0.8333333333333334]
[0.08421860783081264, 6.943850027848578E-4, 0.16966598821556958, 0.017026149067071786, 0.05520769711279475]
FScore: -0.8207826816681233
[11, 561, 14, 40, 24]
[0.5, 0.9963459196102314, 0.0, 0.6666666666666666, 0.0]
[0.08421860783081264, 6.943850027848578E-4, 0.16966598821556958, 0.017026149067071786, 0.05520769711279475]
Matthews: -0.8207826816681233
[11, 561, 14, 40, 24]
[0.5163977794943222, 0.9864711447206032, 0.0, 0.677834389404565, 0.0]
[0.08421860783081264, 6.943850027848578E-4, 0.16966598821556958, 0.017026149067071786, 0.05520769711279475]

Analysis for mammographic-masses (960)
Precision: -0.9
[99, 95, 250, 419, 97]
[0.2711864406779661, 0.32653061224489793, 0.8421052631578947, 0.9938461538461538, 0.5614035087719298]
[0.19342577051575352, 0.3592209972091745, 0.07877611851400942, 0.032241889556809816, 0.16678536924304344]
Recall: -0.9
[99, 95, 250, 419, 97]
[0.7619047619047619, 0.25806451612903225, 0.8888888888888888, 0.9938461538461538, 0.6037735849056604]
[0.19342577051575352, 0.3592209972091745, 0.07877611851400942, 0.032241889556809816, 0.16678536924304344]
Accuracy: -1.0
[99, 95, 250, 419, 97]
[0.5151515151515151, 0.16842105263157894, 0.94, 0.9904534606205251, 0.5257731958762887]
[0.19342577051575352, 0.3592209972091745, 0.07877611851400942, 0.032241889556809816, 0.16678536924304344]
FScore: -1.0
[99, 95, 250, 419, 97]
[0.4, 0.28828828828828834, 0.8648648648648649, 0.9938461538461538, 0.5818181818181818]
[0.19342577051575352, 0.3592209972091745, 0.07877611851400942, 0.032241889556809816, 0.16678536924304344]
Matthews: -0.9
[99, 95, 250, 419, 97]
[0.17547132071047766, -0.7068739888242924, 0.8268395100744576, 0.9725695581014729, 0.035995349590466116]
[0.19342577051575352, 0.3592209972091745, 0.07877611851400942, 0.032241889556809816, 0.16678536924304344]

Analysis for phoneme (5400)
Precision: 0.9
[659, 666, 2743, 593, 739]
[0.9834558823529411, 0.5806451612903226, 0.0, 0.2088607594936709, 0.997716894977169]
[0.1792670120726063, 0.059387752452441926, 0.010059971552172918, 0.13531222678882768, 0.3072764267591008]
Recall: 0.0
[659, 666, 2743, 593, 739]
[0.8359375, 0.9545454545454546, 0.0, 0.88, 0.592140921409214]
[0.1792670120726063, 0.059387752452441926, 0.010059971552172918, 0.13531222678882768, 0.3072764267591008]
Accuracy: -0.7000000000000001
[659, 666, 2743, 593, 739]
[0.8270106221547799, 0.8543543543543544, 0.985781990521327, 0.5632377740303541, 0.591339648173207]
[0.1792670120726063, 0.059387752452441926, 0.010059971552172918, 0.13531222678882768, 0.3072764267591008]
FScore: 0.8
[659, 666, 2743, 593, 739]
[0.9037162162162161, 0.7220630372492838, 0.0, 0.3375959079283887, 0.7431972789115645]
[0.1792670120726063, 0.059387752452441926, 0.010059971552172918, 0.13531222678882768, 0.3072764267591008]
Matthews: -0.39999999999999997
[659, 666, 2743, 593, 739]
[0.15970950191551922, 0.6669519522649329, 0.0, 0.26473544927004483, -0.030515325836993245]
[0.1792670120726063, 0.059387752452441926, 0.010059971552172918, 0.13531222678882768, 0.3072764267591008]

Analysis for pima (700)
Precision: -0.7000000000000001
[76, 82, 120, 353, 69]
[0.05, 0.025, 1.0, 0.9802631578947368, 0.0]
[0.06599526368209112, 0.1615914686947017, 0.08937290889917658, 0.022957052222555074, 0.2650060879269285]
Recall: -0.7000000000000001
[76, 82, 120, 353, 69]
[0.09090909090909091, 0.3333333333333333, 0.591304347826087, 0.9283489096573209, 0.0]
[0.06599526368209112, 0.1615914686947017, 0.08937290889917658, 0.022957052222555074, 0.2650060879269285]
Accuracy: -1.0
[76, 82, 120, 353, 69]
[0.618421052631579, 0.5, 0.6083333333333333, 0.9178470254957507, 0.2463768115942029]
[0.06599526368209112, 0.1615914686947017, 0.08937290889917658, 0.022957052222555074, 0.2650060879269285]
FScore: -0.9
[76, 82, 120, 353, 69]
[0.06451612903225806, 0.046511627906976744, 0.7431693989071038, 0.9536, 0.0]
[0.06599526368209112, 0.1615914686947017, 0.08937290889917658, 0.022957052222555074, 0.2650060879269285]
Matthews: -0.30000000000000004
[76, 82, 120, 353, 69]
[-0.1609164562563627, -0.06022194567270964, 0.23844535493686997, 0.6152084891560855, 0.0]
[0.06599526368209112, 0.1615914686947017, 0.08937290889917658, 0.022957052222555074, 0.2650060879269285]

Analysis for ring (7400)
Precision: -0.6
[804, 881, 491, 610, 4614]
[0.9961240310077519, 0.03076923076923077, 0.9111111111111111, 0.9159090909090909, 0.9862107004964148]
[0.06129337833170194, 0.09416442537985442, 0.3041497480909557, 0.16224841795721962, 0.021462511402863562]
Recall: -0.7000000000000001
[804, 881, 491, 610, 4614]
[0.96375, 1.0, 0.16977225672877846, 0.7045454545454546, 0.9927817878956136]
[0.06129337833170194, 0.09416442537985442, 0.3041497480909557, 0.16224841795721962, 0.021462511402863562]
Accuracy: -1.0
[804, 881, 491, 610, 4614]
[0.9601990049751243, 0.713961407491487, 0.1670061099796334, 0.6622950819672131, 0.9917641959254443]
[0.06129337833170194, 0.09416442537985442, 0.3041497480909557, 0.16224841795721962, 0.021462511402863562]
FScore: -0.7000000000000001
[804, 881, 491, 610, 4614]
[0.9796696315120711, 0.059701492537313446, 0.2862129144851658, 0.7964426877470355, 0.9894853348090757]
[0.06129337833170194, 0.09416442537985442, 0.3041497480909557, 0.16224841795721962, 0.021462511402863562]
Matthews: -0.9
[804, 881, 491, 610, 4614]
[0.07935056161053289, 0.1479438777359709, -0.2716579128685719, -0.14508257479517786, 0.9827313023853398]
[0.06129337833170194, 0.09416442537985442, 0.3041497480909557, 0.16224841795721962, 0.021462511402863562]

Analysis for spambase (4550)
Precision: -0.9
[336, 639, 1463, 460, 1652]
[0.09467455621301775, 0.869198312236287, 0.9965126416739319, 0.2875, 0.993960310612597]
[0.32390038633306917, 0.10886916075836832, 0.045387139851810095, 0.18389147421997531, 0.006251901880060776]
Recall: -1.0
[336, 639, 1463, 460, 1652]
[0.2077922077922078, 0.7079037800687286, 0.9694656488549618, 0.4339622641509434, 0.993103448275862]
[0.32390038633306917, 0.10886916075836832, 0.045387139851810095, 0.18389147421997531, 0.006251901880060776]
Accuracy: -1.0
[336, 639, 1463, 460, 1652]
[0.3630952380952381, 0.8184663536776213, 0.9726589200273411, 0.8108695652173913, 0.9909200968523002]
[0.32390038633306917, 0.10886916075836832, 0.045387139851810095, 0.18389147421997531, 0.006251901880060776]
FScore: -1.0
[336, 639, 1463, 460, 1652]
[0.13008130081300812, 0.7803030303030303, 0.9828030954428203, 0.3458646616541353, 0.9935316946959896]
[0.32390038633306917, 0.10886916075836832, 0.045387139851810095, 0.18389147421997531, 0.006251901880060776]
Matthews: -1.0
[336, 639, 1463, 460, 1652]
[-0.32190369225255655, 0.6379925224069627, 0.9182638487165002, 0.24758100792876023, 0.9783043012092496]
[0.32390038633306917, 0.10886916075836832, 0.045387139851810095, 0.18389147421997531, 0.006251901880060776]

Analysis for twonorm (7400)
Precision: -0.9746794344808963
[162, 2352, 1218, 3205, 463]
[0.15294117647058825, 1.0, 0.99836867862969, 1.0, 0.9372549019607843]
[0.21689134628844284, 0.014722188392147012, 0.042054120356932956, 0.003306120988680326, 0.10235300234841485]
Recall: -0.8944271909999159
[162, 2352, 1218, 3205, 463]
[0.18840579710144928, 1.0, 1.0, 1.0, 0.9372549019607843]
[0.21689134628844284, 0.014722188392147012, 0.042054120356932956, 0.003306120988680326, 0.10235300234841485]
Accuracy: -0.9746794344808963
[162, 2352, 1218, 3205, 463]
[0.20987654320987653, 1.0, 0.9991789819376026, 1.0, 0.9308855291576674]
[0.21689134628844284, 0.014722188392147012, 0.042054120356932956, 0.003306120988680326, 0.10235300234841485]
FScore: -0.9746794344808963
[162, 2352, 1218, 3205, 463]
[0.16883116883116886, 1.0, 0.9991836734693879, 1.0, 0.9372549019607843]
[0.21689134628844284, 0.014722188392147012, 0.042054120356932956, 0.003306120988680326, 0.10235300234841485]
Matthews: -0.9746794344808963
[162, 2352, 1218, 3205, 463]
[-0.5800313678041763, 1.0, 0.9983592567621358, 1.0, 0.8603318250377074]
[0.21689134628844284, 0.014722188392147012, 0.042054120356932956, 0.003306120988680326, 0.10235300234841485]

Analysis for wdbc (560)
Precision: 1.0
[61, 0, 0, 435, 64]
[1.0, 0.0, 0.0, 0.8333333333333334, 0.9830508474576272]
[0.07867868762786237, 0.0, 0.0, 0.0030511610501056385, 0.021043043926645195]
Recall: 0.5789473684210527
[61, 0, 0, 435, 64]
[0.819672131147541, 0.0, 0.0, 0.975609756097561, 0.9206349206349206]
[0.07867868762786237, 0.0, 0.0, 0.0030511610501056385, 0.021043043926645195]
Accuracy: 0.5789473684210527
[61, 0, 0, 435, 64]
[0.819672131147541, 0.0, 0.0, 0.9586206896551724, 0.90625]
[0.07867868762786237, 0.0, 0.0, 0.0030511610501056385, 0.021043043926645195]
FScore: 0.8947368421052632
[61, 0, 0, 435, 64]
[0.9009009009009009, 0.0, 0.0, 0.8988764044943819, 0.9508196721311476]
[0.07867868762786237, 0.0, 0.0, 0.0030511610501056385, 0.021043043926645195]
Matthews: -0.22941573387056177
[61, 0, 0, 435, 64]
[0.0, 0.0, 0.0, 0.8773529771454619, -0.036676570677971795]
[0.07867868762786237, 0.0, 0.0, 0.0030511610501056385, 0.021043043926645195]
