MultiResolutionExperiment(true, 5, 5, 10, MultiResolutionTransform(30, 0.10, 1))

Analysis for appendicitis (100)
Precision: -0.4743416490252569
[4, 9, 7, 9, 71]
[0.0, 0.0, 1.0, 0.16666666666666666, 1.0]
[0.2796888910306938, 0.01745471527796949, 0.017630615455476725, 0.07652971258329153, 0.0020134580913591183]
Recall: -0.0
[4, 9, 7, 9, 71]
[0.0, 0.0, 1.0, 1.0, 0.9714285714285714]
[0.2796888910306938, 0.01745471527796949, 0.017630615455476725, 0.07652971258329153, 0.0020134580913591183]
Accuracy: -0.7000000000000001
[4, 9, 7, 9, 71]
[0.0, 0.6666666666666666, 1.0, 0.4444444444444444, 0.971830985915493]
[0.2796888910306938, 0.01745471527796949, 0.017630615455476725, 0.07652971258329153, 0.0020134580913591183]
FScore: -0.35909242322980384
[4, 9, 7, 9, 71]
[0.0, 0.0, 1.0, 0.2857142857142857, 0.9855072463768115]
[0.2796888910306938, 0.01745471527796949, 0.017630615455476725, 0.07652971258329153, 0.0020134580913591183]
Matthews: -0.2051956704170307
[4, 9, 7, 9, 71]
[0.0, -0.1889822365046136, 0.0, 0.25, 0.5690426379538917]
[0.2796888910306938, 0.01745471527796949, 0.017630615455476725, 0.07652971258329153, 0.0020134580913591183]

Analysis for banana (5300)
Precision: -0.9
[1285, 830, 335, 2405, 445]
[0.9986225895316805, 0.9930232558139535, 0.0, 0.9959486833220796, 0.4603174603174603]
[0.04155383808906232, 0.11817430285118055, 0.3518468549723796, 0.006585922241797343, 0.22112155469648156]
Recall: -1.0
[1285, 830, 335, 2405, 445]
[0.9945130315500685, 0.8489065606361829, 0.0, 0.9993224932249323, 0.3258426966292135]
[0.04155383808906232, 0.11817430285118055, 0.3518468549723796, 0.006585922241797343, 0.22112155469648156]
Accuracy: -1.0
[1285, 830, 335, 2405, 445]
[0.9961089494163424, 0.9048192771084337, 0.12238805970149254, 0.9970893970893971, 0.5775280898876405]
[0.04155383808906232, 0.11817430285118055, 0.3518468549723796, 0.006585922241797343, 0.22112155469648156]
FScore: -1.0
[1285, 830, 335, 2405, 445]
[0.9965635738831615, 0.915326902465166, 0.0, 0.9976327358809605, 0.381578947368421]
[0.04155383808906232, 0.11817430285118055, 0.3518468549723796, 0.006585922241797343, 0.22112155469648156]
Matthews: -1.0
[1285, 830, 335, 2405, 445]
[0.9920905163460946, 0.8211726519866193, -0.6439023508227374, 0.9938646795947166, 0.0773797562498219]
[0.04155383808906232, 0.11817430285118055, 0.3518468549723796, 0.006585922241797343, 0.22112155469648156]

Analysis for breast-cancer-original (650)
Precision: -0.5773502691896258
[12, 575, 11, 30, 22]
[1.0, 1.0, 0.0, 1.0, 0.0]
[0.07863088800281672, 4.668896276950899E-4, 0.14020430855993427, 0.01109703991077251, 0.04207683706060675]
Recall: -0.6155870112510924
[12, 575, 11, 30, 22]
[0.5, 0.9927360774818402, 0.0, 0.4, 0.0]
[0.07863088800281672, 4.668896276950899E-4, 0.14020430855993427, 0.01109703991077251, 0.04207683706060675]
Accuracy: -0.7000000000000001
[12, 575, 11, 30, 22]
[0.9166666666666666, 0.9947826086956522, 0.6363636363636364, 0.9, 0.7727272727272727]
[0.07863088800281672, 4.668896276950899E-4, 0.14020430855993427, 0.01109703991077251, 0.04207683706060675]
FScore: -0.6155870112510924
[12, 575, 11, 30, 22]
[0.6666666666666666, 0.9963547995139732, 0.0, 0.5714285714285715, 0.0]
[0.07863088800281672, 4.668896276950899E-4, 0.14020430855993427, 0.01109703991077251, 0.04207683706060675]
Matthews: -0.6155870112510924
[12, 575, 11, 30, 22]
[0.674199862463242, 0.9872620374644889, 0.0, 0.5976143046671968, 0.0]
[0.07863088800281672, 4.668896276950899E-4, 0.14020430855993427, 0.01109703991077251, 0.04207683706060675]

Analysis for mammographic-masses (960)
Precision: -0.9
[58, 91, 213, 496, 102]
[0.11538461538461539, 0.44642857142857145, 0.8133333333333334, 0.990990990990991, 0.2807017543859649]
[0.3897065067610296, 0.20985087682938328, 0.07601615673176823, 0.02914323829552957, 0.18156095549467424]
Recall: -1.0
[58, 91, 213, 496, 102]
[0.08571428571428572, 0.46296296296296297, 0.8472222222222222, 0.9880239520958084, 0.8]
[0.3897065067610296, 0.20985087682938328, 0.07601615673176823, 0.02914323829552957, 0.18156095549467424]
Accuracy: -1.0
[58, 91, 213, 496, 102]
[0.05172413793103448, 0.34065934065934067, 0.8826291079812206, 0.9858870967741935, 0.5588235294117647]
[0.3897065067610296, 0.20985087682938328, 0.07601615673176823, 0.02914323829552957, 0.18156095549467424]
FScore: -0.9
[58, 91, 213, 496, 102]
[0.09836065573770493, 0.45454545454545453, 0.8299319727891157, 0.9895052473763118, 0.41558441558441556]
[0.3897065067610296, 0.20985087682938328, 0.07601615673176823, 0.02914323829552957, 0.18156095549467424]
Matthews: -1.0
[58, 91, 213, 496, 102]
[-0.899328198596713, -0.37849142098039124, 0.7407427686099628, 0.9679770689482494, 0.23988301242297838]
[0.3897065067610296, 0.20985087682938328, 0.07601615673176823, 0.02914323829552957, 0.18156095549467424]

Analysis for phoneme (5400)
Precision: 0.7000000000000001
[413, 682, 2989, 700, 616]
[0.11155378486055777, 0.6955017301038062, 0.46226415094339623, 0.9611992945326279, 1.0]
[0.1317078821750384, 0.05965933071054441, 0.008819900042628321, 0.15265800637443863, 0.27993513451291374]
Recall: -1.0
[413, 682, 2989, 700, 616]
[0.8235294117647058, 0.9054054054054054, 0.98, 0.8220211161387632, 0.5535714285714286]
[0.1317078821750384, 0.05965933071054441, 0.008819900042628321, 0.15265800637443863, 0.27993513451291374]
Accuracy: -0.7000000000000001
[413, 682, 2989, 700, 616]
[0.44552058111380144, 0.8401759530791789, 0.9805955168952827, 0.8, 0.5535714285714286]
[0.1317078821750384, 0.05965933071054441, 0.008819900042628321, 0.15265800637443863, 0.27993513451291374]
FScore: 0.30000000000000004
[413, 682, 2989, 700, 616]
[0.19649122807017544, 0.786692759295499, 0.6282051282051282, 0.8861788617886178, 0.7126436781609196]
[0.1317078821750384, 0.05965933071054441, 0.008819900042628321, 0.15265800637443863, 0.27993513451291374]
Matthews: -0.9
[413, 682, 2989, 700, 616]
[0.13236988665538935, 0.677126612411834, 0.6661233803126081, 0.12971236724016372, 0.0]
[0.1317078821750384, 0.05965933071054441, 0.008819900042628321, 0.15265800637443863, 0.27993513451291374]

Analysis for pima (700)
Precision: -0.7999999999999999
[92, 82, 145, 345, 36]
[0.05714285714285714, 0.0, 0.975609756097561, 0.9649122807017544, 0.7333333333333333]
[0.08493317995070716, 0.21466538988851286, 0.05631046597836928, 0.0147706306706783, 0.14535875774070006]
Recall: -0.9
[92, 82, 145, 345, 36]
[0.2222222222222222, 0.0, 0.6504065040650406, 0.9228187919463087, 0.55]
[0.08493317995070716, 0.21466538988851286, 0.05631046597836928, 0.0147706306706783, 0.14535875774070006]
Accuracy: -0.9
[92, 82, 145, 345, 36]
[0.5652173913043478, 0.18292682926829268, 0.6896551724137931, 0.9043478260869565, 0.6388888888888888]
[0.08493317995070716, 0.21466538988851286, 0.05631046597836928, 0.0147706306706783, 0.14535875774070006]
FScore: -0.9
[92, 82, 145, 345, 36]
[0.0909090909090909, 0.0, 0.7804878048780487, 0.9433962264150942, 0.6285714285714286]
[0.08493317995070716, 0.21466538988851286, 0.05631046597836928, 0.0147706306706783, 0.14535875774070006]
Matthews: -0.7000000000000001
[92, 82, 145, 345, 36]
[-0.10730983935875239, 0.0, 0.4049344984427196, 0.6426132429884892, 0.30237157840738177]
[0.08493317995070716, 0.21466538988851286, 0.05631046597836928, 0.0147706306706783, 0.14535875774070006]

Analysis for ring (7400)
Precision: -0.7000000000000001
[718, 878, 454, 580, 4770]
[0.9791044776119403, 0.12547528517110265, 0.8441558441558441, 0.8858560794044665, 0.9882892057026477]
[0.04988272387683035, 0.0851151162782649, 0.27856893345111294, 0.143345823896583, 0.01698258354316694]
Recall: -0.7000000000000001
[718, 878, 454, 580, 4770]
[0.9358059914407989, 1.0, 0.14705882352941177, 0.6697936210131332, 0.992838874680307]
[0.04988272387683035, 0.0851151162782649, 0.27856893345111294, 0.143345823896583, 0.01698258354316694]
Accuracy: -1.0
[718, 878, 454, 580, 4770]
[0.9178272980501393, 0.7380410022779044, 0.14317180616740088, 0.6172413793103448, 0.9922431865828092]
[0.04988272387683035, 0.0851151162782649, 0.27856893345111294, 0.143345823896583, 0.01698258354316694]
FScore: -0.7000000000000001
[718, 878, 454, 580, 4770]
[0.9569657184536834, 0.22297297297297294, 0.2504816955684008, 0.7628205128205129, 0.9905588160244961]
[0.04988272387683035, 0.0851151162782649, 0.27856893345111294, 0.143345823896583, 0.01698258354316694]
Matthews: -0.9
[718, 878, 454, 580, 4770]
[0.0683462394391911, 0.30219571302499343, -0.364590040499984, -0.18307673429732532, 0.9839838904340946]
[0.04988272387683035, 0.0851151162782649, 0.27856893345111294, 0.143345823896583, 0.01698258354316694]

Analysis for spambase (4550)
Precision: -1.0
[301, 1398, 563, 405, 1883]
[0.08227848101265822, 0.9874274661508704, 0.8571428571428571, 0.313953488372093, 0.9939622641509434]
[0.3079609437608395, 0.042247327625817434, 0.10514844783520412, 0.17504339148410608, 0.005157383577030788]
Recall: -1.0
[301, 1398, 563, 405, 1883]
[0.18571428571428572, 0.9668560606060606, 0.6721991701244814, 0.42857142857142855, 0.9902255639097745]
[0.3079609437608395, 0.042247327625817434, 0.10514844783520412, 0.17504339148410608, 0.005157383577030788]
Accuracy: -1.0
[301, 1398, 563, 405, 1883]
[0.3289036544850498, 0.9656652360515021, 0.8117229129662522, 0.7654320987654321, 0.9888475836431226]
[0.3079609437608395, 0.042247327625817434, 0.10514844783520412, 0.17504339148410608, 0.005157383577030788]
FScore: -1.0
[301, 1398, 563, 405, 1883]
[0.11403508771929824, 0.9770334928229665, 0.7534883720930234, 0.36241610738255037, 0.992090395480226]
[0.3079609437608395, 0.042247327625817434, 0.10514844783520412, 0.17504339148410608, 0.005157383577030788]
Matthews: -1.0
[301, 1398, 563, 405, 1883]
[-0.37391441647476503, 0.9098650885376762, 0.6164590198488787, 0.22692120915777764, 0.973208562242483]
[0.3079609437608395, 0.042247327625817434, 0.10514844783520412, 0.17504339148410608, 0.005157383577030788]

Analysis for twonorm (7400)
Precision: -1.0
[139, 1910, 842, 4175, 334]
[0.12, 0.9989258861439313, 0.9977116704805492, 1.0, 0.8839779005524862]
[0.20001635325430914, 0.012124474470457077, 0.03894006514403684, 0.0017963988270519797, 0.09630771962254848]
Recall: -0.8944271909999159
[139, 1910, 842, 4175, 334]
[0.14285714285714285, 1.0, 1.0, 1.0, 0.898876404494382]
[0.20001635325430914, 0.012124474470457077, 0.03894006514403684, 0.0017963988270519797, 0.09630771962254848]
Accuracy: -1.0
[139, 1910, 842, 4175, 334]
[0.1366906474820144, 0.9994764397905759, 0.998812351543943, 1.0, 0.8832335329341318]
[0.20001635325430914, 0.012124474470457077, 0.03894006514403684, 0.0017963988270519797, 0.09630771962254848]
FScore: -1.0
[139, 1910, 842, 4175, 334]
[0.13043478260869565, 0.999462654486835, 0.9988545246277205, 1.0, 0.8913649025069637]
[0.20001635325430914, 0.012124474470457077, 0.03894006514403684, 0.0017963988270519797, 0.09630771962254848]
Matthews: -1.0
[139, 1910, 842, 4175, 334]
[-0.724656387330746, 0.9989527386294174, 0.9976243043215023, 1.0, 0.7652952310477983]
[0.20001635325430914, 0.012124474470457077, 0.03894006514403684, 0.0017963988270519797, 0.09630771962254848]

Analysis for wdbc (560)
Precision: 0.8944271909999159
[43, 22, 0, 43, 452]
[1.0, 1.0, 0.0, 1.0, 0.8482142857142857]
[0.04059510821261794, 0.09150610596404962, 0.0, 0.013501029465078805, 0.001979190312394447]
Recall: 0.0
[43, 22, 0, 43, 452]
[0.8837209302325582, 0.7272727272727273, 0.0, 0.9069767441860465, 0.9693877551020408]
[0.04059510821261794, 0.09150610596404962, 0.0, 0.013501029465078805, 0.001979190312394447]
Accuracy: 0.0
[43, 22, 0, 43, 452]
[0.8837209302325582, 0.7272727272727273, 0.0, 0.9069767441860465, 0.9557522123893806]
[0.04059510821261794, 0.09150610596404962, 0.0, 0.013501029465078805, 0.001979190312394447]
FScore: 0.30000000000000004
[43, 22, 0, 43, 452]
[0.9382716049382717, 0.8421052631578948, 0.0, 0.951219512195122, 0.9047619047619048]
[0.04059510821261794, 0.09150610596404962, 0.0, 0.013501029465078805, 0.001979190312394447]
Matthews: -0.3535533905932738
[43, 22, 0, 43, 452]
[0.0, 0.0, 0.0, 0.0, 0.8794233311212273]
[0.04059510821261794, 0.09150610596404962, 0.0, 0.013501029465078805, 0.001979190312394447]
