MultiResolutionExperiment(3, 10, MultiResolutionTransform(10, 0.10)

Analysis for appendicitis (100)
Precision: -1.0
[7, 78, 15]
[0.0, 1.0, 0.2]
[0.2527052821425844, 0.004474756933745836, 0.04905340279877363]
Recall: -1.0
[7, 78, 15]
[0.0, 0.974025974025974, 0.3333333333333333]
[0.2527052821425844, 0.004474756933745836, 0.04905340279877363]
Accuracy: -1.0
[7, 78, 15]
[0.14285714285714285, 0.9743589743589743, 0.6]
[0.2527052821425844, 0.004474756933745836, 0.04905340279877363]
FScore: -1.0
[7, 78, 15]
[0.0, 0.9868421052631579, 0.25]
[0.2527052821425844, 0.004474756933745836, 0.04905340279877363]
Matthews: -0.8660254037844386
[7, 78, 15]
[0.0, 0.5698028822981897, 0.0]
[0.2527052821425844, 0.004474756933745836, 0.04905340279877363]

Analysis for banana (5300)
Precision: -1.0
[616, 3363, 1321]
[0.044642857142857144, 0.9970660146699266, 0.9890282131661442]
[0.33914856253038417, 0.017945122172239737, 0.13069380625265875]
Recall: -1.0
[616, 3363, 1321]
[0.11029411764705882, 0.9990200881920627, 0.8447121820615796]
[0.33914856253038417, 0.017945122172239737, 0.13069380625265875]
Accuracy: -1.0
[616, 3363, 1321]
[0.2824675324675325, 0.9976211715730003, 0.906888720666162]
[0.33914856253038417, 0.017945122172239737, 0.13069380625265875]
FScore: -1.0
[616, 3363, 1321]
[0.0635593220338983, 0.9980420949583946, 0.9111913357400722]
[0.33914856253038417, 0.017945122172239737, 0.13069380625265875]
Matthews: -1.0
[616, 3363, 1321]
[-0.4651899121990552, 0.9950148940949376, 0.8258262774451721]
[0.33914856253038417, 0.017945122172239737, 0.13069380625265875]

Analysis for breast-cancer-original (650)
Precision: -0.8660254037844386
[581, 21, 48]
[1.0, 0.0, 1.0]
[7.778345098705324E-4, 0.1426521097828591, 0.03580851834509235]
Recall: -1.0
[581, 21, 48]
[0.9927710843373494, 0.0, 0.14285714285714285]
[7.778345098705324E-4, 0.1426521097828591, 0.03580851834509235]
Accuracy: -1.0
[581, 21, 48]
[0.9948364888123924, 0.6666666666666666, 0.875]
[7.778345098705324E-4, 0.1426521097828591, 0.03580851834509235]
FScore: -1.0
[581, 21, 48]
[0.9963724304715841, 0.0, 0.25]
[7.778345098705324E-4, 0.1426521097828591, 0.03580851834509235]
Matthews: -1.0
[581, 21, 48]
[0.9874957868234592, 0.0, 0.3530156664940999]
[7.778345098705324E-4, 0.1426521097828591, 0.03580851834509235]

Analysis for mammographic-masses (960)
Precision: -1.0
[132, 531, 297]
[0.2727272727272727, 0.9853801169590644, 0.6015625]
[0.338166191709682, 0.03500488121135393, 0.13167458900885742]
Recall: -1.0
[132, 531, 297]
[0.28, 0.9825072886297376, 0.7938144329896907]
[0.338166191709682, 0.03500488121135393, 0.13167458900885742]
Accuracy: -1.0
[132, 531, 297]
[0.16666666666666666, 0.9792843691148776, 0.7609427609427609]
[0.338166191709682, 0.03500488121135393, 0.13167458900885742]
FScore: -1.0
[132, 531, 297]
[0.27631578947368424, 0.9839416058394161, 0.6844444444444445]
[0.338166191709682, 0.03500488121135393, 0.13167458900885742]
Matthews: -1.0
[132, 531, 297]
[-0.7057657282398281, 0.9547721355162571, 0.5102602626991212]
[0.338166191709682, 0.03500488121135393, 0.13167458900885742]

Analysis for phoneme (5400)
Precision: 1.0
[1148, 3250, 1002]
[0.6027972027972028, 0.46938775510204084, 0.9968895800933126]
[0.12318579081568616, 0.014526924123971996, 0.2821618588130587]
Recall: -1.0
[1148, 3250, 1002]
[0.8724696356275303, 0.9583333333333334, 0.6442211055276382]
[0.12318579081568616, 0.014526924123971996, 0.2821618588130587]
Accuracy: -1.0
[1148, 3250, 1002]
[0.6977351916376306, 0.9667692307692307, 0.6447105788423154]
[0.12318579081568616, 0.014526924123971996, 0.2821618588130587]
FScore: 1.0
[1148, 3250, 1002]
[0.7129859387923905, 0.6301369863013699, 0.7826617826617827]
[0.12318579081568616, 0.014526924123971996, 0.2821618588130587]
Matthews: -1.0
[1148, 3250, 1002]
[0.44765810843422765, 0.6581339856253517, 0.06227378618761987]
[0.12318579081568616, 0.014526924123971996, 0.2821618588130587]

Analysis for pima (700)
Precision: -1.0
[125, 163, 412]
[0.0, 0.6612903225806451, 0.9732142857142857]
[0.22477842653001182, 0.08942090497601808, 0.025452544030874144]
Recall: -1.0
[125, 163, 412]
[0.0, 0.47674418604651164, 0.9033149171270718]
[0.22477842653001182, 0.08942090497601808, 0.025452544030874144]
Accuracy: -1.0
[125, 163, 412]
[0.296, 0.5950920245398773, 0.8932038834951457]
[0.22477842653001182, 0.08942090497601808, 0.025452544030874144]
FScore: -1.0
[125, 163, 412]
[0.0, 0.5540540540540541, 0.9369627507163323]
[0.22477842653001182, 0.08942090497601808, 0.025452544030874144]
Matthews: -1.0
[125, 163, 412]
[-0.18935612789877265, 0.2097993938851861, 0.6089621141567119]
[0.22477842653001182, 0.08942090497601808, 0.025452544030874144]

Analysis for ring (7400)
Precision: -0.5
[688, 1225, 5487]
[0.9014778325123153, 0.7885597548518897, 0.9553530751708428]
[0.2859382782861011, 0.10825025733107681, 0.0271721746987711]
Recall: -1.0
[688, 1225, 5487]
[0.27436281859070466, 0.8742921857304643, 0.9919583727530747]
[0.2859382782861011, 0.10825025733107681, 0.0271721746987711]
Accuracy: -1.0
[688, 1225, 5487]
[0.26744186046511625, 0.7404081632653061, 0.9790413705121196]
[0.2859382782861011, 0.10825025733107681, 0.0271721746987711]
FScore: -1.0
[688, 1225, 5487]
[0.4206896551724138, 0.8292158968850697, 0.9733116732420515]
[0.2859382782861011, 0.10825025733107681, 0.0271721746987711]
Matthews: -1.0
[688, 1225, 5487]
[-0.25573783568995434, 0.3012545726322152, 0.9565254523335985]
[0.2859382782861011, 0.10825025733107681, 0.0271721746987711]

Analysis for spambase (4550)
Precision: -1.0
[577, 988, 2985]
[0.1415929203539823, 0.8756613756613757, 0.9949725776965265]
[0.29224301406250647, 0.11450215735286882, 0.020546353087179964]
Recall: -1.0
[577, 988, 2985]
[0.2689075630252101, 0.7679814385150812, 0.9850678733031675]
[0.29224301406250647, 0.11450215735286882, 0.020546353087179964]
Accuracy: -1.0
[577, 988, 2985]
[0.512998266897747, 0.8512145748987854, 0.9852596314907873]
[0.29224301406250647, 0.11450215735286882, 0.020546353087179964]
FScore: -1.0
[577, 988, 2985]
[0.1855072463768116, 0.8182941903584673, 0.9899954524783994]
[0.29224301406250647, 0.11450215735286882, 0.020546353087179964]
Matthews: -1.0
[577, 988, 2985]
[-0.12820754293421646, 0.6975221372933228, 0.9621819039835195]
[0.29224301406250647, 0.11450215735286882, 0.020546353087179964]

Analysis for twonorm (7400)
Precision: -1.0
[358, 5452, 1590]
[0.5245901639344263, 1.0, 0.997539975399754]
[0.16975335052564305, 0.005064524021533352, 0.041921802571177974]
Recall: -1.0
[358, 5452, 1590]
[0.5783132530120482, 1.0, 0.997539975399754]
[0.16975335052564305, 0.005064524021533352, 0.041921802571177974]
Accuracy: -1.0
[358, 5452, 1590]
[0.5614525139664804, 1.0, 0.9974842767295597]
[0.16975335052564305, 0.005064524021533352, 0.041921802571177974]
FScore: -1.0
[358, 5452, 1590]
[0.5501432664756447, 1.0, 0.997539975399754]
[0.16975335052564305, 0.005064524021533352, 0.041921802571177974]
Matthews: -1.0
[358, 5452, 1590]
[0.1248888504448476, 1.0, 0.9949659728257514]
[0.16975335052564305, 0.005064524021533352, 0.041921802571177974]

Analysis for wdbc (560)
Precision: 1.0
[71, 53, 436]
[1.0, 0.9795918367346939, 0.8350515463917526]
[0.07711820747647961, 0.016431970931652596, 0.003018265675002703]
Recall: -1.0
[71, 53, 436]
[0.8309859154929577, 0.9230769230769231, 0.9759036144578314]
[0.07711820747647961, 0.016431970931652596, 0.003018265675002703]
Accuracy: -1.0
[71, 53, 436]
[0.8309859154929577, 0.9056603773584906, 0.9587155963302753]
[0.07711820747647961, 0.016431970931652596, 0.003018265675002703]
FScore: 0.5
[71, 53, 436]
[0.9076923076923077, 0.9504950495049506, 0.9]
[0.07711820747647961, 0.016431970931652596, 0.003018265675002703]
Matthews: -0.5
[71, 53, 436]
[0.0, -0.03962144258751637, 0.8784021435447158]
[0.07711820747647961, 0.016431970931652596, 0.003018265675002703]
