MultiResolutionExperiment(5, 10, MultiResolutionTransform(30, 0.20)

Analysis for appendicitis (100)
Precision: -0.5773502691896258
[4, 13, 77, 5, 1]
[0.0, 0.0, 1.0, 0.0, 1.0]
[0.3179915450082515, 0.05677555286935927, 0.004643074961841769, 0.13922761300554176, 0.1334652950300535]
Recall: -0.4472135954999579
[4, 13, 77, 5, 1]
[0.0, 0.0, 0.9868421052631579, 0.0, 1.0]
[0.3179915450082515, 0.05677555286935927, 0.004643074961841769, 0.13922761300554176, 0.1334652950300535]
Accuracy: -0.7000000000000001
[4, 13, 77, 5, 1]
[0.0, 0.6153846153846154, 0.987012987012987, 0.2, 1.0]
[0.3179915450082515, 0.05677555286935927, 0.004643074961841769, 0.13922761300554176, 0.1334652950300535]
FScore: -0.4472135954999579
[4, 13, 77, 5, 1]
[0.0, 0.0, 0.9933774834437086, 0.0, 1.0]
[0.3179915450082515, 0.05677555286935927, 0.004643074961841769, 0.13922761300554176, 0.1334652950300535]
Matthews: -0.22360679774997896
[4, 13, 77, 5, 1]
[0.0, -0.23354968324845687, 0.7024393586862705, 0.0, 0.0]
[0.3179915450082515, 0.05677555286935927, 0.004643074961841769, 0.13922761300554176, 0.1334652950300535]

Analysis for banana (5300)
Precision: -0.7000000000000001
[564, 1436, 469, 2331, 500]
[1.0, 0.9944598337950139, 0.006430868167202572, 0.9974126778783958, 0.6304347826086957]
[0.16056408060270191, 0.0660860708595971, 0.33631608041372135, 0.01932089406619922, 0.16864854633955362]
Recall: -1.0
[564, 1436, 469, 2331, 500]
[0.720292504570384, 0.9944598337950139, 0.03225806451612903, 0.9993519118600129, 0.58]
[0.16056408060270191, 0.0660860708595971, 0.33631608041372135, 0.01932089406619922, 0.16864854633955362]
Accuracy: -0.9
[564, 1436, 469, 2331, 500]
[0.7287234042553191, 0.9944289693593314, 0.21321961620469082, 0.9978549978549979, 0.924]
[0.16056408060270191, 0.0660860708595971, 0.33631608041372135, 0.01932089406619922, 0.16864854633955362]
FScore: -1.0
[564, 1436, 469, 2331, 500]
[0.8374070138150904, 0.9944598337950139, 0.010723860589812333, 0.9983813531887341, 0.6041666666666666]
[0.16056408060270191, 0.0660860708595971, 0.33631608041372135, 0.01932089406619922, 0.16864854633955362]
Matthews: -0.9
[564, 1436, 469, 2331, 500]
[0.2683826567739398, 0.9888575928986553, -0.5209454561974053, 0.9952068451818484, 0.5628099014847769]
[0.16056408060270191, 0.0660860708595971, 0.33631608041372135, 0.01932089406619922, 0.16864854633955362]

Analysis for breast-cancer-original (650)
Precision: -0.5773502691896258
[10, 562, 14, 43, 21]
[1.0, 1.0, 0.0, 1.0, 0.0]
[0.07887246657714493, 6.47385839307994E-4, 0.16097345511550004, 0.017030749186760393, 0.057152082794399574]
Recall: -0.7378647873726218
[10, 562, 14, 43, 21]
[0.5, 0.9927184466019418, 0.0, 0.5, 0.0]
[0.07887246657714493, 6.47385839307994E-4, 0.16097345511550004, 0.017030749186760393, 0.057152082794399574]
Accuracy: -0.9
[10, 562, 14, 43, 21]
[0.9, 0.994661921708185, 0.7142857142857143, 0.9302325581395349, 0.7619047619047619]
[0.07887246657714493, 6.47385839307994E-4, 0.16097345511550004, 0.017030749186760393, 0.057152082794399574]
FScore: -0.7378647873726218
[10, 562, 14, 43, 21]
[0.6666666666666666, 0.9963459196102314, 0.0, 0.6666666666666666, 0.0]
[0.07887246657714493, 6.47385839307994E-4, 0.16097345511550004, 0.017030749186760393, 0.057152082794399574]
Matthews: -0.8207826816681233
[10, 562, 14, 43, 21]
[0.6666666666666666, 0.9865360505432691, 0.0, 0.6800735254367721, 0.0]
[0.07887246657714493, 6.47385839307994E-4, 0.16097345511550004, 0.017030749186760393, 0.057152082794399574]

Analysis for mammographic-masses (960)
Precision: -0.9
[101, 96, 91, 421, 251]
[0.288135593220339, 0.32, 0.5370370370370371, 0.9938271604938271, 0.85]
[0.18134136438593443, 0.34390444556408867, 0.1635011199869452, 0.030938372562257357, 0.07588701892809359]
Recall: -0.9
[101, 96, 91, 421, 251]
[0.7727272727272727, 0.25806451612903225, 0.6041666666666666, 0.9938271604938271, 0.864406779661017]
[0.18134136438593443, 0.34390444556408867, 0.1635011199869452, 0.030938372562257357, 0.07588701892809359]
Accuracy: -0.9
[101, 96, 91, 421, 251]
[0.5346534653465347, 0.16666666666666666, 0.5164835164835165, 0.9904988123515439, 0.9322709163346613]
[0.18134136438593443, 0.34390444556408867, 0.1635011199869452, 0.030938372562257357, 0.07588701892809359]
FScore: -1.0
[101, 96, 91, 421, 251]
[0.4197530864197531, 0.2857142857142857, 0.5686274509803922, 0.9938271604938271, 0.8571428571428572]
[0.18134136438593443, 0.34390444556408867, 0.1635011199869452, 0.030938372562257357, 0.07588701892809359]
Matthews: -0.9
[101, 96, 91, 421, 251]
[0.20190100739836606, -0.7102929881621091, 0.023144364986382126, 0.9732086037927963, 0.8128098448777864]
[0.18134136438593443, 0.34390444556408867, 0.1635011199869452, 0.030938372562257357, 0.07588701892809359]

Analysis for phoneme (5400)
Precision: 0.9
[636, 665, 2741, 586, 772]
[0.9830188679245283, 0.5852534562211982, 0.0, 0.17973856209150327, 0.9978354978354979]
[0.16828653557709697, 0.05662144281671484, 0.009562625354070924, 0.1301698182062071, 0.2931511898398409]
Recall: 0.0
[636, 665, 2741, 586, 772]
[0.8444084278768234, 0.9548872180451128, 0.0, 0.859375, 0.5979247730220493]
[0.16828653557709697, 0.05662144281671484, 0.009562625354070924, 0.1301698182062071, 0.2931511898398409]
Accuracy: -0.7000000000000001
[636, 665, 2741, 586, 772]
[0.8349056603773585, 0.8556390977443609, 0.9857716161984678, 0.5563139931740614, 0.5971502590673575]
[0.16828653557709697, 0.05662144281671484, 0.009562625354070924, 0.1301698182062071, 0.2931511898398409]
FScore: 0.8
[636, 665, 2741, 586, 772]
[0.908456843940715, 0.7257142857142858, 0.0, 0.2972972972972973, 0.7477696674776967]
[0.16828653557709697, 0.05662144281671484, 0.009562625354070924, 0.1301698182062071, 0.2931511898398409]
Matthews: -0.39999999999999997
[636, 665, 2741, 586, 772]
[0.169347766062948, 0.6703126450642135, 0.0, 0.23636774397565116, -0.029500723704452968]
[0.16828653557709697, 0.05662144281671484, 0.009562625354070924, 0.1301698182062071, 0.2931511898398409]

Analysis for pima (700)
Precision: -0.7000000000000001
[91, 88, 78, 330, 113]
[0.02702702702702703, 0.0, 0.56, 0.9898648648648649, 1.0]
[0.1268646170306635, 0.23953559994251047, 0.037607599304985376, 0.022101985914697257, 0.08922819606333397]
Recall: -1.0
[91, 88, 78, 330, 113]
[0.2, 0.0, 0.5833333333333334, 0.9361022364217252, 0.5555555555555556]
[0.1268646170306635, 0.23953559994251047, 0.037607599304985376, 0.022101985914697257, 0.08922819606333397]
Accuracy: -1.0
[91, 88, 78, 330, 113]
[0.5604395604395604, 0.25, 0.7307692307692307, 0.9303030303030303, 0.5752212389380531]
[0.1268646170306635, 0.23953559994251047, 0.037607599304985376, 0.022101985914697257, 0.08922819606333397]
FScore: -0.9
[91, 88, 78, 330, 113]
[0.047619047619047616, 0.0, 0.5714285714285714, 0.9622331691297208, 0.7142857142857143]
[0.1268646170306635, 0.23953559994251047, 0.037607599304985376, 0.022101985914697257, 0.08922819606333397]
Matthews: -0.9
[91, 88, 78, 330, 113]
[-0.1014135262573939, 0.0, 0.37545220812641666, 0.5523500093121371, 0.22893427324781504]
[0.1268646170306635, 0.23953559994251047, 0.037607599304985376, 0.022101985914697257, 0.08922819606333397]

Analysis for ring (7400)
Precision: -0.6
[792, 889, 508, 597, 4614]
[0.9934383202099738, 0.04150943396226415, 0.8958333333333334, 0.9246575342465754, 0.9873348017621145]
[0.057304815216779936, 0.090439568991245, 0.2907058966502121, 0.15260108888105817, 0.02036673293350518]
Recall: -0.7000000000000001
[792, 889, 508, 597, 4614]
[0.9631043256997456, 1.0, 0.17269076305220885, 0.7193605683836589, 0.9928017718715393]
[0.057304815216779936, 0.090439568991245, 0.2907058966502121, 0.15260108888105817, 0.02036673293350518]
Accuracy: -1.0
[792, 889, 508, 597, 4614]
[0.9570707070707071, 0.7142857142857143, 0.16929133858267717, 0.6800670016750419, 0.9921976592977894]
[0.057304815216779936, 0.090439568991245, 0.2907058966502121, 0.15260108888105817, 0.02036673293350518]
FScore: -0.7000000000000001
[792, 889, 508, 597, 4614]
[0.9780361757105944, 0.07971014492753623, 0.2895622895622896, 0.8091908091908092, 0.9900607399226946]
[0.057304815216779936, 0.090439568991245, 0.2907058966502121, 0.15260108888105817, 0.02036673293350518]
Matthews: -0.9
[792, 889, 508, 597, 4614]
[0.058942209388559035, 0.1717585806129731, -0.2935609741014546, -0.1317120483135517, 0.9836492877370768]
[0.057304815216779936, 0.090439568991245, 0.2907058966502121, 0.15260108888105817, 0.02036673293350518]

Analysis for spambase (4550)
Precision: -0.9
[351, 689, 1431, 460, 1619]
[0.0893854748603352, 0.8932384341637011, 0.9964476021314387, 0.35135135135135137, 0.9938162544169611]
[0.30936213369915955, 0.10139752833453254, 0.04097919943790494, 0.17221167778280116, 0.005606876626189897]
Recall: -1.0
[351, 689, 1431, 460, 1619]
[0.20512820512820512, 0.7339181286549707, 0.9731136166522116, 0.4727272727272727, 0.9938162544169611]
[0.30936213369915955, 0.10139752833453254, 0.04097919943790494, 0.17221167778280116, 0.005606876626189897]
Accuracy: -0.9
[351, 689, 1431, 460, 1619]
[0.358974358974359, 0.8243831640058055, 0.9755415793151643, 0.8326086956521739, 0.9913526868437307]
[0.30936213369915955, 0.10139752833453254, 0.04097919943790494, 0.17221167778280116, 0.005606876626189897]
FScore: -1.0
[351, 689, 1431, 460, 1619]
[0.1245136186770428, 0.8057784911717496, 0.9846423870118473, 0.4031007751937985, 0.9938162544169611]
[0.30936213369915955, 0.10139752833453254, 0.04097919943790494, 0.17221167778280116, 0.005606876626189897]
Matthews: -1.0
[351, 689, 1431, 460, 1619]
[-0.3259560276856868, 0.6587329206175884, 0.9262155046549162, 0.3127941590296844, 0.9794425377845176]
[0.30936213369915955, 0.10139752833453254, 0.04097919943790494, 0.17221167778280116, 0.005606876626189897]

Analysis for twonorm (7400)
Precision: -0.9746794344808963
[175, 2325, 1202, 3246, 452]
[0.17045454545454544, 1.0, 0.9983416252072969, 1.0, 0.9404761904761905]
[0.20240525815454216, 0.013717295038080371, 0.03962740752118519, 0.0030032847713496523, 0.09582196959456245]
Recall: -0.8944271909999159
[175, 2325, 1202, 3246, 452]
[0.20270270270270271, 1.0, 1.0, 1.0, 0.948]
[0.20240525815454216, 0.013717295038080371, 0.03962740752118519, 0.0030032847713496523, 0.09582196959456245]
Accuracy: -0.9746794344808963
[175, 2325, 1202, 3246, 452]
[0.24571428571428572, 1.0, 0.9991680532445923, 1.0, 0.9380530973451328]
[0.20240525815454216, 0.013717295038080371, 0.03962740752118519, 0.0030032847713496523, 0.09582196959456245]
FScore: -0.9746794344808963
[175, 2325, 1202, 3246, 452]
[0.18518518518518517, 1.0, 0.9991701244813278, 1.0, 0.9442231075697212]
[0.20240525815454216, 0.013717295038080371, 0.03962740752118519, 0.0030032847713496523, 0.09582196959456245]
Matthews: -0.9746794344808963
[175, 2325, 1202, 3246, 452]
[-0.5138507934745091, 1.0, 0.9983374792617064, 1.0, 0.8746089528284918]
[0.20240525815454216, 0.013717295038080371, 0.03962740752118519, 0.0030032847713496523, 0.09582196959456245]

Analysis for wdbc (560)
Precision: 0.9
[61, 0, 62, 239, 198]
[1.0, 0.0, 0.9824561403508771, 0.5714285714285714, 0.9428571428571428]
[0.07292710754646073, 0.0, 0.018328568108324342, 0.00466300162989319, 3.887155272911403E-4]
Recall: 0.0
[61, 0, 62, 239, 198]
[0.819672131147541, 0.0, 0.9180327868852459, 0.9411764705882353, 0.9850746268656716]
[0.07292710754646073, 0.0, 0.018328568108324342, 0.00466300162989319, 3.887155272911403E-4]
Accuracy: 0.0
[61, 0, 62, 239, 198]
[0.819672131147541, 0.0, 0.9032258064516129, 0.9456066945606695, 0.9747474747474747]
[0.07292710754646073, 0.0, 0.018328568108324342, 0.00466300162989319, 3.887155272911403E-4]
FScore: 0.30000000000000004
[61, 0, 62, 239, 198]
[0.9009009009009009, 0.0, 0.9491525423728813, 0.7111111111111111, 0.9635036496350364]
[0.07292710754646073, 0.0, 0.018328568108324342, 0.00466300162989319, 3.887155272911403E-4]
Matthews: -0.41039134083406165
[61, 0, 62, 239, 198]
[0.0, 0.0, -0.0379212510700133, 0.7090294235925947, 0.9447421718140662]
[0.07292710754646073, 0.0, 0.018328568108324342, 0.00466300162989319, 3.887155272911403E-4]
