MultiResolutionExperiment(5, 10, MultiResolutionTransform(50, 0.30)

Analysis for appendicitis (100)
Precision: -0.3535533905932738
[5, 0, 78, 9, 8]
[0.0, 0.0, 1.0, 0.0, 0.0]
[0.31043770349943095, 0.0, 0.006912323075605285, 0.1162998539681367, 0.06721796590025947]
Recall: -0.3535533905932738
[5, 0, 78, 9, 8]
[0.0, 0.0, 0.987012987012987, 0.0, 0.0]
[0.31043770349943095, 0.0, 0.006912323075605285, 0.1162998539681367, 0.06721796590025947]
Accuracy: -0.2051956704170307
[5, 0, 78, 9, 8]
[0.0, 0.0, 0.9871794871794872, 0.4444444444444444, 0.625]
[0.31043770349943095, 0.0, 0.006912323075605285, 0.1162998539681367, 0.06721796590025947]
FScore: -0.3535533905932738
[5, 0, 78, 9, 8]
[0.0, 0.0, 0.9934640522875817, 0.0, 0.0]
[0.31043770349943095, 0.0, 0.006912323075605285, 0.1162998539681367, 0.06721796590025947]
Matthews: -0.3535533905932738
[5, 0, 78, 9, 8]
[0.0, 0.0, 0.7025001733142089, 0.0, 0.0]
[0.31043770349943095, 0.0, 0.006912323075605285, 0.1162998539681367, 0.06721796590025947]

Analysis for banana (5300)
Precision: -0.9
[632, 1640, 530, 1820, 678]
[0.985781990521327, 0.9969758064516129, 0.009345794392523364, 0.9975903614457832, 0.8974358974358975]
[0.163294066074768, 0.06917758129051231, 0.3211845941202446, 0.028373513625839127, 0.1424664871941261]
Recall: -1.0
[632, 1640, 530, 1820, 678]
[0.7074829931972789, 0.9969758064516129, 0.04838709677419355, 0.9983922829581994, 0.9210526315789473]
[0.163294066074768, 0.06917758129051231, 0.3211845941202446, 0.028373513625839127, 0.1424664871941261]
Accuracy: -1.0
[632, 1640, 530, 1820, 678]
[0.7183544303797469, 0.9963414634146341, 0.28867924528301886, 0.9972527472527473, 0.9896755162241888]
[0.163294066074768, 0.06917758129051231, 0.3211845941202446, 0.028373513625839127, 0.1424664871941261]
FScore: -1.0
[632, 1640, 530, 1820, 678]
[0.8237623762376238, 0.9969758064516129, 0.015665796344647518, 0.9979911611088791, 0.9090909090909091]
[0.163294066074768, 0.06917758129051231, 0.3211845941202446, 0.028373513625839127, 0.1424664871941261]
Matthews: -1.0
[632, 1640, 530, 1820, 678]
[0.30858585028825564, 0.9923461768219832, -0.41504133288553496, 0.9936479167291401, 0.9037045272721562]
[0.163294066074768, 0.06917758129051231, 0.3211845941202446, 0.028373513625839127, 0.1424664871941261]

Analysis for breast-cancer-original (650)
Precision: -0.5773502691896258
[10, 566, 16, 33, 25]
[1.0, 1.0, 0.0, 1.0, 0.0]
[0.08075986505664753, 9.751558099156756E-4, 0.15996107692970662, 0.0207362308869228, 0.05803295636718397]
Recall: -0.7378647873726218
[10, 566, 16, 33, 25]
[0.5, 0.9903381642512077, 0.0, 0.5, 0.0]
[0.08075986505664753, 9.751558099156756E-4, 0.15996107692970662, 0.0207362308869228, 0.05803295636718397]
Accuracy: -0.9
[10, 566, 16, 33, 25]
[0.9, 0.9929328621908127, 0.6875, 0.9393939393939394, 0.84]
[0.08075986505664753, 9.751558099156756E-4, 0.15996107692970662, 0.0207362308869228, 0.05803295636718397]
FScore: -0.7378647873726218
[10, 566, 16, 33, 25]
[0.6666666666666666, 0.9951456310679612, 0.0, 0.6666666666666666, 0.0]
[0.08075986505664753, 9.751558099156756E-4, 0.15996107692970662, 0.0207362308869228, 0.05803295636718397]
Matthews: -0.8207826816681233
[10, 566, 16, 33, 25]
[0.6666666666666666, 0.9823160784535476, 0.0, 0.6839166144230384, 0.0]
[0.08075986505664753, 9.751558099156756E-4, 0.15996107692970662, 0.0207362308869228, 0.05803295636718397]

Analysis for mammographic-masses (960)
Precision: -0.9
[106, 97, 97, 398, 262]
[0.31746031746031744, 0.3333333333333333, 0.5789473684210527, 0.9968847352024922, 0.8181818181818182]
[0.17991108820446877, 0.3434580830559744, 0.1705685840816793, 0.034050767418523906, 0.07853763016550729]
Recall: -0.7000000000000001
[106, 97, 97, 398, 262]
[0.8695652173913043, 0.2698412698412698, 0.6111111111111112, 0.9907120743034056, 0.8653846153846154]
[0.17991108820446877, 0.3434580830559744, 0.1705685840816793, 0.034050767418523906, 0.07853763016550729]
Accuracy: -0.9
[106, 97, 97, 398, 262]
[0.5660377358490566, 0.17525773195876287, 0.5360824742268041, 0.9899497487437185, 0.9351145038167938]
[0.17991108820446877, 0.3434580830559744, 0.1705685840816793, 0.034050767418523906, 0.07853763016550729]
FScore: -1.0
[106, 97, 97, 398, 262]
[0.46511627906976744, 0.2982456140350877, 0.5945945945945946, 0.9937888198757764, 0.8411214953271028]
[0.17991108820446877, 0.3434580830559744, 0.1705685840816793, 0.034050767418523906, 0.07853763016550729]
Matthews: -0.9
[106, 97, 97, 398, 262]
[0.2950632036487435, -0.6976908246297114, 0.053457245894105804, 0.9676023233632036, 0.8008913852653357]
[0.17991108820446877, 0.3434580830559744, 0.1705685840816793, 0.034050767418523906, 0.07853763016550729]

Analysis for phoneme (5400)
Precision: 0.7000000000000001
[341, 796, 2968, 576, 719]
[0.9647887323943662, 0.006289308176100629, 0.03333333333333333, 1.0, 0.9897435897435898]
[0.09712793359394924, 0.11137115913011356, 0.013367132499942272, 0.31363686067218827, 0.21057423282116344]
Recall: -0.8207826816681233
[341, 796, 2968, 576, 719]
[0.9194630872483222, 1.0, 1.0, 0.5329861111111112, 0.8189533239038189]
[0.09712793359394924, 0.11137115913011356, 0.013367132499942272, 0.31363686067218827, 0.21057423282116344]
Accuracy: -0.9
[341, 796, 2968, 576, 719]
[0.9002932551319648, 0.6030150753768844, 0.9804582210242587, 0.5329861111111112, 0.8136300417246175]
[0.09712793359394924, 0.11137115913011356, 0.013367132499942272, 0.31363686067218827, 0.21057423282116344]
FScore: 0.09999999999999983
[341, 796, 2968, 576, 719]
[0.9415807560137458, 0.0125, 0.06451612903225806, 0.695356738391846, 0.8962848297213623]
[0.09712793359394924, 0.11137115913011356, 0.013367132499942272, 0.31363686067218827, 0.21057423282116344]
Matthews: -0.8
[341, 796, 2968, 576, 719]
[0.6111423875828972, 0.06153258140635003, 0.18078025738725587, 0.0, 0.10492938564812576]
[0.09712793359394924, 0.11137115913011356, 0.013367132499942272, 0.31363686067218827, 0.21057423282116344]

Analysis for pima (700)
Precision: -0.7000000000000001
[84, 83, 83, 333, 117]
[0.02702702702702703, 0.11764705882352941, 0.0, 0.9899328859060402, 1.0]
[0.15020108081757927, 0.05785631853115135, 0.25102986052212134, 0.024123918483420527, 0.08845755960648408]
Recall: -0.7000000000000001
[84, 83, 83, 333, 117]
[0.25, 0.14285714285714285, 0.0, 0.9365079365079365, 0.5982905982905983]
[0.15020108081757927, 0.05785631853115135, 0.25102986052212134, 0.024123918483420527, 0.08845755960648408]
Accuracy: -1.0
[84, 83, 83, 333, 117]
[0.5357142857142857, 0.6746987951807228, 0.25301204819277107, 0.9309309309309309, 0.5982905982905983]
[0.15020108081757927, 0.05785631853115135, 0.25102986052212134, 0.024123918483420527, 0.08845755960648408]
FScore: -0.9
[84, 83, 83, 333, 117]
[0.04878048780487805, 0.12903225806451615, 0.0, 0.9624796084828711, 0.748663101604278]
[0.15020108081757927, 0.05785631853115135, 0.25102986052212134, 0.024123918483420527, 0.08845755960648408]
Matthews: -0.41039134083406165
[84, 83, 83, 333, 117]
[-0.08579365968067282, -0.06915880887003419, 0.0, 0.5676106877881923, 0.0]
[0.15020108081757927, 0.05785631853115135, 0.25102986052212134, 0.024123918483420527, 0.08845755960648408]

Analysis for ring (7400)
Precision: -0.5
[906, 2305, 681, 544, 2964]
[0.9937027707808564, 0.9297163995067818, 0.9435897435897436, 0.03162055335968379, 0.9947129909365559]
[0.10700356077663144, 0.04110316954608544, 0.2697399868166267, 0.11203641269958836, 0.01553263930178552]
Recall: -0.39999999999999997
[906, 2305, 681, 544, 2964]
[0.8756936736958935, 0.989501312335958, 0.2746268656716418, 1.0, 0.9954648526077098]
[0.10700356077663144, 0.04110316954608544, 0.2697399868166267, 0.11203641269958836, 0.01553263930178552]
Accuracy: -1.0
[906, 2305, 681, 544, 2964]
[0.8708609271523179, 0.9718004338394793, 0.2701908957415565, 0.5496323529411765, 0.9956140350877193]
[0.10700356077663144, 0.04110316954608544, 0.2697399868166267, 0.11203641269958836, 0.01553263930178552]
FScore: -0.9
[906, 2305, 681, 544, 2964]
[0.9309734513274337, 0.9586776859504132, 0.4254335260115607, 0.06130268199233716, 0.9950887797506611]
[0.10700356077663144, 0.04110316954608544, 0.2697399868166267, 0.11203641269958836, 0.01553263930178552]
Matthews: -0.9
[906, 2305, 681, 544, 2964]
[-0.02797830284571628, 0.9383550485655655, -0.2022831789857329, 0.13102339021320833, 0.9911268050128]
[0.10700356077663144, 0.04110316954608544, 0.2697399868166267, 0.11203641269958836, 0.01553263930178552]

Analysis for spambase (4550)
Precision: -0.9
[415, 515, 1621, 431, 1568]
[0.08900523560209424, 0.3103448275862069, 0.9939183318853171, 0.8894009216589862, 0.9940425531914894]
[0.2945807273354583, 0.14754622158314165, 0.007072623490136062, 0.12737552560744692, 0.04658166374875454]
Recall: -1.0
[415, 515, 1621, 431, 1568]
[0.23943661971830985, 0.5454545454545454, 0.9930555555555556, 0.6498316498316499, 0.9676884838442419]
[0.2945807273354583, 0.14754622158314165, 0.007072623490136062, 0.12737552560744692, 0.04658166374875454]
Accuracy: -0.9
[415, 515, 1621, 431, 1568]
[0.4506024096385542, 0.8932038834951457, 0.9907464528069093, 0.703016241299304, 0.9706632653061225]
[0.2945807273354583, 0.14754622158314165, 0.007072623490136062, 0.12737552560744692, 0.04658166374875454]
FScore: -1.0
[415, 515, 1621, 431, 1568]
[0.1297709923664122, 0.39560439560439564, 0.9934867564046895, 0.7509727626459144, 0.980688497061293]
[0.2945807273354583, 0.14754622158314165, 0.007072623490136062, 0.12737552560744692, 0.04658166374875454]
Matthews: -1.0
[415, 515, 1621, 431, 1568]
[-0.20126347666612307, 0.35825242160594334, 0.9775134244076392, 0.43577582971304435, 0.9211637037638368]
[0.2945807273354583, 0.14754622158314165, 0.007072623490136062, 0.12737552560744692, 0.04658166374875454]

Analysis for twonorm (7400)
Precision: -0.9746794344808963
[192, 2524, 1445, 2693, 546]
[0.1875, 1.0, 0.9985974754558204, 1.0, 0.9672131147540983]
[0.2006682642945252, 0.015056217765237372, 0.0399570374447832, 0.00395096996552678, 0.0946252331318687]
Recall: -0.8944271909999159
[192, 2524, 1445, 2693, 546]
[0.225, 1.0, 1.0, 1.0, 0.9672131147540983]
[0.2006682642945252, 0.015056217765237372, 0.0399570374447832, 0.00395096996552678, 0.0946252331318687]
Accuracy: -0.9746794344808963
[192, 2524, 1445, 2693, 546]
[0.2708333333333333, 1.0, 0.9993079584775086, 1.0, 0.9633699633699634]
[0.2006682642945252, 0.015056217765237372, 0.0399570374447832, 0.00395096996552678, 0.0946252331318687]
FScore: -0.9746794344808963
[192, 2524, 1445, 2693, 546]
[0.20454545454545456, 1.0, 0.999298245614035, 1.0, 0.9672131147540983]
[0.2006682642945252, 0.015056217765237372, 0.0399570374447832, 0.00395096996552678, 0.0946252331318687]
Matthews: -0.9746794344808963
[192, 2524, 1445, 2693, 546]
[-0.4648348401006841, 1.0, 0.9986166093044919, 1.0, 0.9257193388204884]
[0.2006682642945252, 0.015056217765237372, 0.0399570374447832, 0.00395096996552678, 0.0946252331318687]

Analysis for wdbc (560)
Precision: 0.872081599272381
[61, 0, 64, 178, 257]
[1.0, 0.0, 1.0, 0.9365079365079365, 0.6060606060606061]
[0.07832395566703801, 0.0, 0.02219511839189607, 4.13732150048682E-4, 0.005149323832614729]
Recall: 0.0
[61, 0, 64, 178, 257]
[0.819672131147541, 0.0, 0.921875, 0.9833333333333333, 0.9523809523809523]
[0.07832395566703801, 0.0, 0.02219511839189607, 4.13732150048682E-4, 0.005149323832614729]
Accuracy: 0.0
[61, 0, 64, 178, 257]
[0.819672131147541, 0.0, 0.921875, 0.9719101123595506, 0.9455252918287937]
[0.07832395566703801, 0.0, 0.02219511839189607, 4.13732150048682E-4, 0.005149323832614729]
FScore: 0.29999999999999977
[61, 0, 64, 178, 257]
[0.9009009009009009, 0.0, 0.959349593495935, 0.9593495934959351, 0.7407407407407407]
[0.07832395566703801, 0.0, 0.02219511839189607, 4.13732150048682E-4, 0.005149323832614729]
Matthews: -0.33541019662496846
[61, 0, 64, 178, 257]
[0.0, 0.0, 0.0, 0.9385613897801572, 0.7347176982775391]
[0.07832395566703801, 0.0, 0.02219511839189607, 4.13732150048682E-4, 0.005149323832614729]
