MultiResolutionExperiment(5, 10, MultiResolutionTransform(10, 0.25)

Analysis for appendicitis (100)
Precision: -0.5773502691896258
[2, 4, 76, 6, 12]
[1.0, 0.0, 1.0, 0.0, 0.0]
[0.08682895435640349, 0.3777312003946567, 0.0060645734790889675, 0.1893806912609202, 0.08271992624998367]
Recall: -0.4472135954999579
[2, 4, 76, 6, 12]
[1.0, 0.0, 0.9866666666666667, 0.0, 0.0]
[0.08682895435640349, 0.3777312003946567, 0.0060645734790889675, 0.1893806912609202, 0.08271992624998367]
Accuracy: -0.7000000000000001
[2, 4, 76, 6, 12]
[1.0, 0.0, 0.9868421052631579, 0.3333333333333333, 0.5833333333333334]
[0.08682895435640349, 0.3777312003946567, 0.0060645734790889675, 0.1893806912609202, 0.08271992624998367]
FScore: -0.4472135954999579
[2, 4, 76, 6, 12]
[1.0, 0.0, 0.9932885906040269, 0.0, 0.0]
[0.08682895435640349, 0.3777312003946567, 0.0060645734790889675, 0.1893806912609202, 0.08271992624998367]
Matthews: -0.22360679774997896
[2, 4, 76, 6, 12]
[0.0, 0.0, 0.7023769168568493, 0.0, -0.25819888974716115]
[0.08682895435640349, 0.3777312003946567, 0.0060645734790889675, 0.1893806912609202, 0.08271992624998367]

Analysis for banana (5300)
Precision: -0.8
[621, 1585, 525, 1926, 643]
[0.9853658536585366, 0.997907949790795, 0.006269592476489028, 0.9969040247678018, 0.8809523809523809]
[0.1829915184556691, 0.07883633725211224, 0.360020249842267, 0.03059161067012757, 0.16471149202050853]
Recall: -1.0
[621, 1585, 525, 1926, 643]
[0.7062937062937062, 0.9968652037617555, 0.031746031746031744, 0.9976762199845082, 0.9024390243902439]
[0.1829915184556691, 0.07883633725211224, 0.360020249842267, 0.03059161067012757, 0.16471149202050853]
Accuracy: -0.9
[621, 1585, 525, 1926, 643]
[0.7198067632850241, 0.9968454258675079, 0.28, 0.9963655244029076, 0.9860031104199067]
[0.1829915184556691, 0.07883633725211224, 0.360020249842267, 0.03059161067012757, 0.16471149202050853]
FScore: -0.9
[621, 1585, 525, 1926, 643]
[0.8228105906313645, 0.9973863042341871, 0.010471204188481674, 0.997289972899729, 0.8915662650602411]
[0.1829915184556691, 0.07883633725211224, 0.360020249842267, 0.03059161067012757, 0.16471149202050853]
Matthews: -0.9
[621, 1585, 525, 1926, 643]
[0.3323228933803375, 0.9934094454432325, -0.43551825915763265, 0.9917745057879204, 0.884159463031575]
[0.1829915184556691, 0.07883633725211224, 0.360020249842267, 0.03059161067012757, 0.16471149202050853]

Analysis for breast-cancer-original (650)
Precision: -0.5773502691896258
[15, 551, 14, 46, 24]
[1.0, 1.0, 0.0, 1.0, 0.0]
[0.10433522024375962, 9.464449233924542E-4, 0.2041737534531786, 0.018717924130895954, 0.06105025616024216]
Recall: -0.8207826816681233
[15, 551, 14, 46, 24]
[0.2, 0.9927184466019418, 0.0, 0.75, 0.0]
[0.10433522024375962, 9.464449233924542E-4, 0.2041737534531786, 0.018717924130895954, 0.06105025616024216]
Accuracy: -1.0
[15, 551, 14, 46, 24]
[0.7333333333333333, 0.9945553539019963, 0.7142857142857143, 0.9782608695652174, 0.8333333333333334]
[0.10433522024375962, 9.464449233924542E-4, 0.2041737534531786, 0.018717924130895954, 0.06105025616024216]
FScore: -0.8207826816681233
[15, 551, 14, 46, 24]
[0.33333333333333337, 0.9963459196102314, 0.0, 0.8571428571428571, 0.0]
[0.10433522024375962, 9.464449233924542E-4, 0.2041737534531786, 0.018717924130895954, 0.06105025616024216]
Matthews: -0.8207826816681233
[15, 551, 14, 46, 24]
[0.37796447300922725, 0.9857715362464732, 0.0, 0.8558961032361835, 0.0]
[0.10433522024375962, 9.464449233924542E-4, 0.2041737534531786, 0.018717924130895954, 0.06105025616024216]

Analysis for mammographic-masses (960)
Precision: -1.0
[106, 120, 88, 389, 257]
[0.328125, 0.2835820895522388, 0.6938775510204082, 1.0, 0.88]
[0.2045366427451755, 0.3655994895492126, 0.15721159139751004, 0.037162642005383786, 0.08967019653209933]
Recall: -0.9
[106, 120, 88, 389, 257]
[0.84, 0.2676056338028169, 0.68, 0.990625, 0.8979591836734694]
[0.2045366427451755, 0.3655994895492126, 0.15721159139751004, 0.037162642005383786, 0.08967019653209933]
Accuracy: -1.0
[106, 120, 88, 389, 257]
[0.5566037735849056, 0.16666666666666666, 0.6477272727272727, 0.9922879177377892, 0.9571984435797666]
[0.2045366427451755, 0.3655994895492126, 0.15721159139751004, 0.037162642005383786, 0.08967019653209933]
FScore: -1.0
[106, 120, 88, 389, 257]
[0.47191011235955066, 0.27536231884057966, 0.686868686868687, 0.9952904238618524, 0.888888888888889]
[0.2045366427451755, 0.3655994895492126, 0.15721159139751004, 0.037162642005383786, 0.08967019653209933]
Matthews: -1.0
[106, 120, 88, 389, 257]
[0.2683163807674154, -0.7047311301694995, 0.2844409644549212, 0.9743453999138773, 0.8624537076821693]
[0.2045366427451755, 0.3655994895492126, 0.15721159139751004, 0.037162642005383786, 0.08967019653209933]

Analysis for phoneme (5400)
Precision: 0.9
[662, 592, 2860, 520, 766]
[0.9875222816399287, 0.6126126126126126, 0.0, 0.08791208791208792, 1.0]
[0.2116804491662457, 0.0780446713524283, 0.014456690474032498, 0.16044250652044995, 0.34908614069130434]
Recall: 0.0
[662, 592, 2860, 520, 766]
[0.8562596599690881, 0.9444444444444444, 0.0, 0.8571428571428571, 0.587467362924282]
[0.2116804491662457, 0.0780446713524283, 0.014456690474032498, 0.16044250652044995, 0.34908614069130434]
Accuracy: -0.5
[662, 592, 2860, 520, 766]
[0.8489425981873112, 0.8412162162162162, 0.9832167832167832, 0.5134615384615384, 0.587467362924282]
[0.2116804491662457, 0.0780446713524283, 0.014456690474032498, 0.16044250652044995, 0.34908614069130434]
FScore: 0.5
[662, 592, 2860, 520, 766]
[0.9172185430463576, 0.7431693989071038, 0.0, 0.159468438538206, 0.7401315789473685]
[0.2116804491662457, 0.0780446713524283, 0.014456690474032498, 0.16044250652044995, 0.34908614069130434]
Matthews: -0.10259783520851513
[662, 592, 2860, 520, 766]
[0.16123777258807095, 0.6668650498481643, 0.0, 0.15867003772071842, 0.0]
[0.2116804491662457, 0.0780446713524283, 0.014456690474032498, 0.16044250652044995, 0.34908614069130434]

Analysis for pima (700)
Precision: -0.7000000000000001
[85, 88, 58, 358, 111]
[0.09090909090909091, 0.022222222222222223, 0.0, 0.9837133550488599, 1.0]
[0.09090227244866979, 0.2060840030003077, 0.3196701873802207, 0.02975541869959384, 0.10645278300589557]
Recall: -0.7000000000000001
[85, 88, 58, 358, 111]
[0.18181818181818182, 0.5, 0.0, 0.9235474006116208, 0.5727272727272728]
[0.09090227244866979, 0.2060840030003077, 0.3196701873802207, 0.02975541869959384, 0.10645278300589557]
Accuracy: -1.0
[85, 88, 58, 358, 111]
[0.6588235294117647, 0.48863636363636365, 0.1896551724137931, 0.9162011173184358, 0.5765765765765766]
[0.09090227244866979, 0.2060840030003077, 0.3196701873802207, 0.02975541869959384, 0.10645278300589557]
FScore: -0.9
[85, 88, 58, 358, 111]
[0.12121212121212123, 0.0425531914893617, 0.0, 0.9526813880126183, 0.7283236994219653]
[0.09090227244866979, 0.2060840030003077, 0.3196701873802207, 0.02975541869959384, 0.10645278300589557]
Matthews: -0.30000000000000004
[85, 88, 58, 358, 111]
[-0.06778579265467637, -0.003466772058139209, 0.0, 0.6133408817552036, 0.10923286218816286]
[0.09090227244866979, 0.2060840030003077, 0.3196701873802207, 0.02975541869959384, 0.10645278300589557]

Analysis for ring (7400)
Precision: -0.6
[690, 822, 535, 857, 4496]
[0.9565217391304348, 0.9975093399750934, 0.9107142857142857, 0.029411764705882353, 0.9843467790487658]
[0.1755787160815086, 0.06596010341634487, 0.3401792306584443, 0.11022068124857609, 0.026826680670267583]
Recall: -0.7000000000000001
[690, 822, 535, 857, 4496]
[0.7597597597597597, 0.9768292682926829, 0.19428571428571428, 1.0, 0.993920972644377]
[0.1755787160815086, 0.06596010341634487, 0.3401792306584443, 0.11022068124857609, 0.026826680670267583]
Accuracy: -0.9
[690, 822, 535, 857, 4496]
[0.7347826086956522, 0.9744525547445255, 0.19065420560747665, 0.691948658109685, 0.9919928825622776]
[0.1755787160815086, 0.06596010341634487, 0.3401792306584443, 0.11022068124857609, 0.026826680670267583]
FScore: -0.7000000000000001
[690, 822, 535, 857, 4496]
[0.8468619246861926, 0.9870609981515712, 0.3202511773940345, 0.05714285714285715, 0.9891107078039929]
[0.1755787160815086, 0.06596010341634487, 0.3401792306584443, 0.11022068124857609, 0.026826680670267583]
Matthews: -0.9
[690, 822, 535, 857, 4496]
[-0.08602474876602315, -0.007596737142434935, -0.26821404793597986, 0.1423589019092816, 0.982808387207287]
[0.1755787160815086, 0.06596010341634487, 0.3401792306584443, 0.11022068124857609, 0.026826680670267583]

Analysis for spambase (4550)
Precision: -1.0
[418, 505, 1630, 445, 1552]
[0.09693877551020408, 0.3076923076923077, 0.994823123382226, 0.8883928571428571, 0.9931093884582257]
[0.34398230175411204, 0.1751740287036188, 0.00868622122304897, 0.14831912585188098, 0.05536729230488199]
Recall: -1.0
[418, 505, 1630, 445, 1552]
[0.2638888888888889, 0.5, 0.9931093884582257, 0.6546052631578947, 0.9680940386230059]
[0.34398230175411204, 0.1751740287036188, 0.00868622122304897, 0.14831912585188098, 0.05536729230488199]
Accuracy: -0.9
[418, 505, 1630, 445, 1552]
[0.44976076555023925, 0.897029702970297, 0.9914110429447853, 0.7078651685393258, 0.970360824742268]
[0.34398230175411204, 0.1751740287036188, 0.00868622122304897, 0.14831912585188098, 0.05536729230488199]
FScore: -1.0
[418, 505, 1630, 445, 1552]
[0.1417910447761194, 0.380952380952381, 0.9939655172413794, 0.7537878787878787, 0.9804421768707484]
[0.34398230175411204, 0.1751740287036188, 0.00868622122304897, 0.14831912585188098, 0.05536729230488199]
Matthews: -1.0
[418, 505, 1630, 445, 1552]
[-0.18740291568351297, 0.3397879888302489, 0.9790763143252874, 0.44413797508741665, 0.9205884914739149]
[0.34398230175411204, 0.1751740287036188, 0.00868622122304897, 0.14831912585188098, 0.05536729230488199]

Analysis for twonorm (7400)
Precision: -0.9746794344808963
[205, 2494, 530, 2776, 1395]
[0.24271844660194175, 1.0, 0.9662162162162162, 1.0, 0.9985486211901307]
[0.23260281214857312, 0.01930973435287905, 0.11131803074631934, 0.005254363335590596, 0.04935873975126476]
Recall: -0.8944271909999159
[205, 2494, 530, 2776, 1395]
[0.2840909090909091, 1.0, 0.9694915254237289, 1.0, 1.0]
[0.23260281214857312, 0.01930973435287905, 0.11131803074631934, 0.005254363335590596, 0.04935873975126476]
Accuracy: -0.9746794344808963
[205, 2494, 530, 2776, 1395]
[0.3121951219512195, 1.0, 0.9641509433962264, 1.0, 0.9992831541218637]
[0.23260281214857312, 0.01930973435287905, 0.11131803074631934, 0.005254363335590596, 0.04935873975126476]
FScore: -0.9746794344808963
[205, 2494, 530, 2776, 1395]
[0.26178010471204194, 1.0, 0.9678510998307952, 1.0, 0.9992737835875091]
[0.23260281214857312, 0.01930973435287905, 0.11131803074631934, 0.005254363335590596, 0.04935873975126476]
Matthews: -0.9746794344808963
[205, 2494, 530, 2776, 1395]
[-0.3787328845736812, 1.0, 0.927346416016009, 1.0, 0.9985670968456416]
[0.23260281214857312, 0.01930973435287905, 0.11131803074631934, 0.005254363335590596, 0.04935873975126476]

Analysis for wdbc (560)
Precision: 0.872081599272381
[62, 0, 62, 252, 184]
[1.0, 0.0, 1.0, 0.6176470588235294, 0.9365079365079365]
[0.1038456845784034, 0.0, 0.034037474923597696, 0.007607843344528181, 8.197612416110463E-4]
Recall: 0.0
[62, 0, 62, 252, 184]
[0.8225806451612904, 0.0, 0.9193548387096774, 0.9545454545454546, 0.9833333333333333]
[0.1038456845784034, 0.0, 0.034037474923597696, 0.007607843344528181, 8.197612416110463E-4]
Accuracy: 0.0
[62, 0, 62, 252, 184]
[0.8225806451612904, 0.0, 0.9193548387096774, 0.9444444444444444, 0.9728260869565217]
[0.1038456845784034, 0.0, 0.034037474923597696, 0.007607843344528181, 8.197612416110463E-4]
FScore: 0.30000000000000004
[62, 0, 62, 252, 184]
[0.9026548672566371, 0.0, 0.9579831932773109, 0.75, 0.9593495934959351]
[0.1038456845784034, 0.0, 0.034037474923597696, 0.007607843344528181, 8.197612416110463E-4]
Matthews: -0.33541019662496846
[62, 0, 62, 252, 184]
[0.0, 0.0, 0.0, 0.7419853986019617, 0.9395900229755311]
[0.1038456845784034, 0.0, 0.034037474923597696, 0.007607843344528181, 8.197612416110463E-4]
