MultiResolutionExperiment(5, 10, MultiResolutionTransform(20, 0.30)

Analysis for appendicitis (100)
Precision: -0.5773502691896258
[5, 5, 77, 9, 4]
[0.0, 0.0, 1.0, 0.0, 1.0]
[0.0792823424261802, 0.32904386560776605, 0.005931851343351951, 0.1288438634077752, 0.0819317060169547]
Recall: -0.6708203932499369
[5, 5, 77, 9, 4]
[0.0, 0.0, 0.9868421052631579, 0.0, 0.25]
[0.0792823424261802, 0.32904386560776605, 0.005931851343351951, 0.1288438634077752, 0.0819317060169547]
Accuracy: -0.8
[5, 5, 77, 9, 4]
[1.0, 0.0, 0.987012987012987, 0.4444444444444444, 0.25]
[0.0792823424261802, 0.32904386560776605, 0.005931851343351951, 0.1288438634077752, 0.0819317060169547]
FScore: -0.6708203932499369
[5, 5, 77, 9, 4]
[0.0, 0.0, 0.9933774834437086, 0.0, 0.4]
[0.0792823424261802, 0.32904386560776605, 0.005931851343351951, 0.1288438634077752, 0.0819317060169547]
Matthews: -0.7071067811865476
[5, 5, 77, 9, 4]
[0.0, 0.0, 0.7024393586862705, 0.0, 0.0]
[0.0792823424261802, 0.32904386560776605, 0.005931851343351951, 0.1288438634077752, 0.0819317060169547]

Analysis for banana (5300)
Precision: -0.9
[646, 1631, 540, 1786, 697]
[0.9862068965517241, 0.997002997002997, 0.009345794392523364, 0.997545008183306, 0.9]
[0.17122679353487874, 0.0745771033112274, 0.3371928132095045, 0.031818777463436726, 0.1505784316434485]
Recall: -1.0
[646, 1631, 540, 1786, 697]
[0.7126245847176079, 0.997002997002997, 0.04838709677419355, 0.9991803278688525, 0.9230769230769231]
[0.17122679353487874, 0.0745771033112274, 0.3371928132095045, 0.031818777463436726, 0.1505784316434485]
Accuracy: -1.0
[646, 1631, 540, 1786, 697]
[0.7229102167182663, 0.9963212752912324, 0.30185185185185187, 0.9977603583426652, 0.9899569583931134]
[0.17122679353487874, 0.0745771033112274, 0.3371928132095045, 0.031818777463436726, 0.1505784316434485]
FScore: -1.0
[646, 1631, 540, 1786, 697]
[0.8273866923818707, 0.997002997002997, 0.015665796344647518, 0.9983619983619983, 0.9113924050632911]
[0.17122679353487874, 0.0745771033112274, 0.3371928132095045, 0.031818777463436726, 0.1505784316434485]
Matthews: -1.0
[646, 1631, 540, 1786, 697]
[0.30956932296451184, 0.9922410922410922, -0.4005339540053176, 0.9948255167472286, 0.9061516987490981]
[0.17122679353487874, 0.0745771033112274, 0.3371928132095045, 0.031818777463436726, 0.1505784316434485]

Analysis for breast-cancer-original (650)
Precision: -0.5773502691896258
[9, 545, 13, 49, 34]
[1.0, 1.0, 0.0, 1.0, 0.0]
[0.08375764166981531, 8.394211237308844E-4, 0.1906419567646851, 0.016229730549322918, 0.06514045803208655]
Recall: -0.8207826816681233
[9, 545, 13, 49, 34]
[0.5, 0.9927007299270073, 0.0, 0.8, 0.0]
[0.08375764166981531, 8.394211237308844E-4, 0.1906419567646851, 0.016229730549322918, 0.06514045803208655]
Accuracy: -0.7000000000000001
[9, 545, 13, 49, 34]
[0.8888888888888888, 0.9944954128440368, 0.7692307692307693, 0.9795918367346939, 0.7647058823529411]
[0.08375764166981531, 8.394211237308844E-4, 0.1906419567646851, 0.016229730549322918, 0.06514045803208655]
FScore: -0.8207826816681233
[9, 545, 13, 49, 34]
[0.6666666666666666, 0.9963369963369962, 0.0, 0.888888888888889, 0.0]
[0.08375764166981531, 8.394211237308844E-4, 0.1906419567646851, 0.016229730549322918, 0.06514045803208655]
Matthews: -0.8207826816681233
[9, 545, 13, 49, 34]
[0.6614378277661476, 0.9853744251495594, 0.0, 0.8844332774281066, 0.0]
[0.08375764166981531, 8.394211237308844E-4, 0.1906419567646851, 0.016229730549322918, 0.06514045803208655]

Analysis for mammographic-masses (960)
Precision: -0.9
[107, 95, 104, 385, 269]
[0.3064516129032258, 0.32653061224489793, 0.5555555555555556, 1.0, 0.8518518518518519]
[0.1887601103734455, 0.36217014138325054, 0.18141928010726524, 0.03616750808251381, 0.08282723525167227]
Recall: -0.9
[107, 95, 104, 385, 269]
[0.8260869565217391, 0.25806451612903225, 0.6140350877192983, 0.9937694704049844, 0.8846153846153846]
[0.1887601103734455, 0.36217014138325054, 0.18141928010726524, 0.03616750808251381, 0.08282723525167227]
Accuracy: -0.9
[107, 95, 104, 385, 269]
[0.5607476635514018, 0.16842105263157894, 0.5192307692307693, 0.9948051948051948, 0.9479553903345725]
[0.1887601103734455, 0.36217014138325054, 0.18141928010726524, 0.03616750808251381, 0.08282723525167227]
FScore: -1.0
[107, 95, 104, 385, 269]
[0.44705882352941173, 0.28828828828828834, 0.5833333333333335, 0.996875, 0.8679245283018868]
[0.1887601103734455, 0.36217014138325054, 0.18141928010726524, 0.03616750808251381, 0.08282723525167227]
Matthews: -0.9
[107, 95, 104, 385, 269]
[0.26144661806508823, -0.7068739888242924, 0.018627197535198016, 0.9816594338308352, 0.8357622058127576]
[0.1887601103734455, 0.36217014138325054, 0.18141928010726524, 0.03616750808251381, 0.08282723525167227]

Analysis for phoneme (5400)
Precision: 0.9
[661, 591, 2840, 528, 780]
[0.9909420289855072, 0.6045454545454545, 0.0, 0.06319702602230483, 1.0]
[0.1931422488265635, 0.07055705570205661, 0.013098803708440148, 0.14417396270894026, 0.3176071571459754]
Recall: 0.0
[661, 591, 2840, 528, 780]
[0.8428351309707242, 0.9708029197080292, 0.0, 0.8947368421052632, 0.5987179487179487]
[0.1931422488265635, 0.07055705570205661, 0.013098803708440148, 0.14417396270894026, 0.3176071571459754]
Accuracy: -0.7000000000000001
[661, 591, 2840, 528, 780]
[0.8381240544629349, 0.8460236886632826, 0.9838028169014085, 0.5189393939393939, 0.5987179487179487]
[0.1931422488265635, 0.07055705570205661, 0.013098803708440148, 0.14417396270894026, 0.3176071571459754]
FScore: 0.8
[661, 591, 2840, 528, 780]
[0.9109075770191507, 0.7450980392156862, 0.0, 0.11805555555555555, 0.7489975942261426]
[0.1931422488265635, 0.07055705570205661, 0.013098803708440148, 0.14417396270894026, 0.3176071571459754]
Matthews: -0.10259783520851513
[661, 591, 2840, 528, 780]
[0.15332447742189773, 0.6801798930246918, 0.0, 0.14889762979955862, 0.0]
[0.1931422488265635, 0.07055705570205661, 0.013098803708440148, 0.14417396270894026, 0.3176071571459754]

Analysis for pima (700)
Precision: -0.6668859288553503
[88, 108, 80, 342, 82]
[0.0, 1.0, 0.13333333333333333, 0.990228013029316, 0.0]
[0.26738054263364985, 0.09888967277416104, 0.06221236288536738, 0.027535308162769157, 0.15747698937413246]
Recall: -0.872081599272381
[88, 108, 80, 342, 82]
[0.0, 0.5740740740740741, 0.14285714285714285, 0.9353846153846154, 0.0]
[0.26738054263364985, 0.09888967277416104, 0.06221236288536738, 0.027535308162769157, 0.15747698937413246]
Accuracy: -1.0
[88, 108, 80, 342, 82]
[0.25, 0.5740740740740741, 0.6875, 0.9298245614035088, 0.5487804878048781]
[0.26738054263364985, 0.09888967277416104, 0.06221236288536738, 0.027535308162769157, 0.15747698937413246]
FScore: -0.872081599272381
[88, 108, 80, 342, 82]
[0.0, 0.7294117647058824, 0.1379310344827586, 0.9620253164556962, 0.0]
[0.26738054263364985, 0.09888967277416104, 0.06221236288536738, 0.027535308162769157, 0.15747698937413246]
Matthews: -0.41039134083406165
[88, 108, 80, 342, 82]
[0.0, 0.0, -0.05267829510341783, 0.54419620806705, -0.16400833569430304]
[0.26738054263364985, 0.09888967277416104, 0.06221236288536738, 0.027535308162769157, 0.15747698937413246]

Analysis for ring (7400)
Precision: -0.6
[520, 861, 651, 858, 4510]
[0.9207920792079208, 0.024822695035460994, 0.9634146341463414, 1.0, 0.9856115107913669]
[0.31189868602285864, 0.10057260391055084, 0.16625577215131981, 0.06384868995721973, 0.024813298863990068]
Recall: -0.7000000000000001
[520, 861, 651, 858, 4510]
[0.181640625, 1.0, 0.75, 0.972027972027972, 0.9933534743202417]
[0.31189868602285864, 0.10057260391055084, 0.16625577215131981, 0.06384868995721973, 0.024813298863990068]
Accuracy: -0.9
[520, 861, 651, 858, 4510]
[0.17884615384615385, 0.6806039488966318, 0.7296466973886329, 0.972027972027972, 0.9922394678492239]
[0.31189868602285864, 0.10057260391055084, 0.16625577215131981, 0.06384868995721973, 0.024813298863990068]
FScore: -0.7000000000000001
[520, 861, 651, 858, 4510]
[0.30342577487765093, 0.04844290657439446, 0.8434163701067615, 0.9858156028368793, 0.9894673487812217]
[0.31189868602285864, 0.10057260391055084, 0.16625577215131981, 0.06384868995721973, 0.024813298863990068]
Matthews: -0.9
[520, 861, 651, 858, 4510]
[-0.25459879134523683, 0.12972832550137614, -0.07732713021921259, 0.0, 0.9833427766221107]
[0.31189868602285864, 0.10057260391055084, 0.16625577215131981, 0.06384868995721973, 0.024813298863990068]

Analysis for spambase (4550)
Precision: -0.9
[405, 564, 1743, 248, 1590]
[0.08465608465608465, 0.2833333333333333, 0.9944444444444445, 0.9024390243902439, 0.9853448275862069]
[0.3145787769861549, 0.15505783634665593, 0.009310884779485076, 0.17097137966886752, 0.0571480905478016]
Recall: -1.0
[405, 564, 1743, 248, 1590]
[0.2807017543859649, 0.5151515151515151, 0.9928684627575277, 0.5091743119266054, 0.9605042016806723]
[0.3145787769861549, 0.15505783634665593, 0.009310884779485076, 0.17097137966886752, 0.0571480905478016]
Accuracy: -1.0
[405, 564, 1743, 248, 1590]
[0.47160493827160493, 0.8953900709219859, 0.9908204245553643, 0.5201612903225806, 0.959748427672956]
[0.3145787769861549, 0.15505783634665593, 0.009310884779485076, 0.17097137966886752, 0.0571480905478016]
FScore: -0.9
[405, 564, 1743, 248, 1590]
[0.13008130081300814, 0.3655913978494624, 0.993655828707375, 0.6510263929618768, 0.9727659574468086]
[0.3145787769861549, 0.15505783634665593, 0.009310884779485076, 0.17097137966886752, 0.0571480905478016]
Matthews: -1.0
[405, 564, 1743, 248, 1590]
[-0.15086068001879227, 0.3305029802689883, 0.9770623736383611, 0.07120357107861745, 0.8967779533927369]
[0.3145787769861549, 0.15505783634665593, 0.009310884779485076, 0.17097137966886752, 0.0571480905478016]

Analysis for twonorm (7400)
Precision: -0.9746794344808963
[203, 2575, 1470, 2614, 538]
[0.21782178217821782, 1.0, 0.9986130374479889, 1.0, 0.9702970297029703]
[0.2110964053357644, 0.0171744890389925, 0.04434719118989341, 0.004710531776322214, 0.10139099233505974]
Recall: -0.8944271909999159
[203, 2575, 1470, 2614, 538]
[0.26506024096385544, 1.0, 1.0, 1.0, 0.9639344262295082]
[0.2110964053357644, 0.0171744890389925, 0.04434719118989341, 0.004710531776322214, 0.10139099233505974]
Accuracy: -0.9746794344808963
[203, 2575, 1470, 2614, 538]
[0.3103448275862069, 1.0, 0.9993197278911564, 1.0, 0.9628252788104089]
[0.2110964053357644, 0.0171744890389925, 0.04434719118989341, 0.004710531776322214, 0.10139099233505974]
FScore: -0.9746794344808963
[203, 2575, 1470, 2614, 538]
[0.2391304347826087, 1.0, 0.9993060374739764, 1.0, 0.9671052631578948]
[0.2110964053357644, 0.0171744890389925, 0.04434719118989341, 0.004710531776322214, 0.10139099233505974]
Matthews: -0.9746794344808963
[203, 2575, 1470, 2614, 538]
[-0.38669016776807213, 1.0, 0.9986398516973266, 1.0, 0.9243977203585076]
[0.2110964053357644, 0.0171744890389925, 0.04434719118989341, 0.004710531776322214, 0.10139099233505974]

Analysis for wdbc (560)
Precision: 0.9733285267845752
[65, 0, 0, 430, 65]
[1.0, 0.0, 0.0, 0.8152173913043478, 1.0]
[0.08755376745350371, 0.0, 0.0, 0.003908107022988885, 0.025306328201709947]
Recall: 0.5789473684210527
[65, 0, 0, 430, 65]
[0.8153846153846154, 0.0, 0.0, 0.9868421052631579, 0.9230769230769231]
[0.08755376745350371, 0.0, 0.0, 0.003908107022988885, 0.025306328201709947]
Accuracy: 0.5789473684210527
[65, 0, 0, 430, 65]
[0.8153846153846154, 0.0, 0.0, 0.958139534883721, 0.9230769230769231]
[0.08755376745350371, 0.0, 0.0, 0.003908107022988885, 0.025306328201709947]
FScore: 0.8947368421052632
[65, 0, 0, 430, 65]
[0.8983050847457628, 0.0, 0.0, 0.8928571428571429, 0.9600000000000001]
[0.08755376745350371, 0.0, 0.0, 0.003908107022988885, 0.025306328201709947]
Matthews: 0.0
[65, 0, 0, 430, 65]
[0.0, 0.0, 0.0, 0.8732493437749026, 0.0]
[0.08755376745350371, 0.0, 0.0, 0.003908107022988885, 0.025306328201709947]
