MultiResolutionExperiment(5, 10, MultiResolutionTransform(30, 0.30)

Analysis for appendicitis (100)
Precision: -0.5773502691896258
[5, 5, 77, 9, 4]
[0.0, 0.0, 1.0, 0.0, 1.0]
[0.0746661643515406, 0.32361988134420505, 0.0057263713596078306, 0.12561925602430388, 0.0793019683963743]
Recall: -0.6708203932499369
[5, 5, 77, 9, 4]
[0.0, 0.0, 0.9868421052631579, 0.0, 0.25]
[0.0746661643515406, 0.32361988134420505, 0.0057263713596078306, 0.12561925602430388, 0.0793019683963743]
Accuracy: -0.8
[5, 5, 77, 9, 4]
[1.0, 0.0, 0.987012987012987, 0.4444444444444444, 0.25]
[0.0746661643515406, 0.32361988134420505, 0.0057263713596078306, 0.12561925602430388, 0.0793019683963743]
FScore: -0.6708203932499369
[5, 5, 77, 9, 4]
[0.0, 0.0, 0.9933774834437086, 0.0, 0.4]
[0.0746661643515406, 0.32361988134420505, 0.0057263713596078306, 0.12561925602430388, 0.0793019683963743]
Matthews: -0.7071067811865476
[5, 5, 77, 9, 4]
[0.0, 0.0, 0.7024393586862705, 0.0, 0.0]
[0.0746661643515406, 0.32361988134420505, 0.0057263713596078306, 0.12561925602430388, 0.0793019683963743]

Analysis for banana (5300)
Precision: -0.9
[629, 1640, 531, 1815, 685]
[0.9856115107913669, 0.9970089730807578, 0.009375, 0.9975767366720517, 0.8780487804878049]
[0.16830953791014727, 0.07207666661535451, 0.3291641310846427, 0.03000339630147046, 0.14621446924594927]
Recall: -1.0
[629, 1640, 531, 1815, 685]
[0.7061855670103093, 0.9960159362549801, 0.04918032786885246, 0.9975767366720517, 0.9230769230769231]
[0.16830953791014727, 0.07207666661535451, 0.3291641310846427, 0.03000339630147046, 0.14621446924594927]
Accuracy: -1.0
[629, 1640, 531, 1815, 685]
[0.7186009538950715, 0.9957317073170732, 0.2937853107344633, 0.996694214876033, 0.9883211678832117]
[0.16830953791014727, 0.07207666661535451, 0.3291641310846427, 0.03000339630147046, 0.14621446924594927]
FScore: -1.0
[629, 1640, 531, 1815, 685]
[0.8228228228228228, 0.996512207274539, 0.015748031496062992, 0.9975767366720517, 0.9]
[0.16830953791014727, 0.07207666661535451, 0.3291641310846427, 0.03000339630147046, 0.14621446924594927]
Matthews: -1.0
[629, 1640, 531, 1815, 685]
[0.3218083728558125, 0.9910142057794591, -0.40745303323089666, 0.9923774299129529, 0.8941177390284599]
[0.16830953791014727, 0.07207666661535451, 0.3291641310846427, 0.03000339630147046, 0.14621446924594927]

Analysis for breast-cancer-original (650)
Precision: -0.8660254037844387
[24, 550, 13, 47, 16]
[0.0, 1.0, 0.0, 1.0, 0.0]
[0.07407070255845923, 0.0010217310077011068, 0.1838692369265293, 0.015925122188087764, 0.052619816333040914]
Recall: -0.8944271909999159
[24, 550, 13, 47, 16]
[0.0, 0.9903381642512077, 0.0, 0.75, 0.0]
[0.07407070255845923, 0.0010217310077011068, 0.1838692369265293, 0.015925122188087764, 0.052619816333040914]
Accuracy: -0.7000000000000001
[24, 550, 13, 47, 16]
[0.875, 0.9927272727272727, 0.7692307692307693, 0.9787234042553191, 0.6875]
[0.07407070255845923, 0.0010217310077011068, 0.1838692369265293, 0.015925122188087764, 0.052619816333040914]
FScore: -0.8944271909999159
[24, 550, 13, 47, 16]
[0.0, 0.9951456310679612, 0.0, 0.8571428571428571, 0.0]
[0.07407070255845923, 0.0010217310077011068, 0.1838692369265293, 0.015925122188087764, 0.052619816333040914]
Matthews: -0.8944271909999159
[24, 550, 13, 47, 16]
[0.0, 0.9808377990930736, 0.0, 0.856127645538062, 0.0]
[0.07407070255845923, 0.0010217310077011068, 0.1838692369265293, 0.015925122188087764, 0.052619816333040914]

Analysis for mammographic-masses (960)
Precision: -0.9
[104, 97, 101, 390, 268]
[0.29508196721311475, 0.3333333333333333, 0.5666666666666667, 0.996875, 0.8545454545454545]
[0.18268198071382466, 0.34560058854360126, 0.170982574251183, 0.03446109042539793, 0.07967682376480294]
Recall: -0.9
[104, 97, 101, 390, 268]
[0.8571428571428571, 0.2698412698412698, 0.6071428571428571, 0.9906832298136646, 0.8867924528301887]
[0.18268198071382466, 0.34560058854360126, 0.170982574251183, 0.03446109042539793, 0.07967682376480294]
Accuracy: -0.9
[104, 97, 101, 390, 268]
[0.5576923076923077, 0.17525773195876287, 0.5247524752475248, 0.9897435897435898, 0.9477611940298507]
[0.18268198071382466, 0.34560058854360126, 0.170982574251183, 0.03446109042539793, 0.07967682376480294]
FScore: -1.0
[104, 97, 101, 390, 268]
[0.43902439024390244, 0.2982456140350877, 0.5862068965517241, 0.9937694704049845, 0.8703703703703703]
[0.18268198071382466, 0.34560058854360126, 0.170982574251183, 0.03446109042539793, 0.07967682376480294]
Matthews: -0.9
[104, 97, 101, 390, 268]
[0.2764010204157555, -0.6976908246297114, 0.029721032717232594, 0.9649351364959455, 0.8378994568500416]
[0.18268198071382466, 0.34560058854360126, 0.170982574251183, 0.03446109042539793, 0.07967682376480294]

Analysis for phoneme (5400)
Precision: 0.7000000000000001
[326, 791, 2970, 605, 708]
[0.9555555555555556, 0.006349206349206349, 0.03278688524590164, 1.0, 0.9896193771626297]
[0.09856170036054758, 0.11495291652428005, 0.01392819065146207, 0.32034214575539494, 0.21401978414830128]
Recall: -0.8207826816681233
[326, 791, 2970, 605, 708]
[0.9214285714285714, 1.0, 1.0, 0.5454545454545454, 0.8218390804597702]
[0.09856170036054758, 0.11495291652428005, 0.01392819065146207, 0.32034214575539494, 0.21401978414830128]
Accuracy: -0.9
[326, 791, 2970, 605, 708]
[0.8957055214723927, 0.6042983565107459, 0.9801346801346801, 0.5454545454545454, 0.8163841807909604]
[0.09856170036054758, 0.11495291652428005, 0.01392819065146207, 0.32034214575539494, 0.21401978414830128]
FScore: 0.09999999999999983
[326, 791, 2970, 605, 708]
[0.9381818181818182, 0.012618296529968454, 0.06349206349206349, 0.7058823529411764, 0.8979591836734694]
[0.09856170036054758, 0.11495291652428005, 0.01392819065146207, 0.32034214575539494, 0.21401978414830128]
Matthews: -0.8
[326, 791, 2970, 605, 708]
[0.6096683559843598, 0.06189060038485446, 0.17926272447696126, 0.0, 0.10729967985626339]
[0.09856170036054758, 0.11495291652428005, 0.01392819065146207, 0.32034214575539494, 0.21401978414830128]

Analysis for pima (700)
Precision: -0.6668859288553503
[82, 80, 87, 333, 118]
[0.0, 0.13333333333333333, 0.0, 0.99, 1.0]
[0.15109342907697457, 0.057377303800061105, 0.25750256811974404, 0.025503448084939356, 0.09227608531661911]
Recall: -0.872081599272381
[82, 80, 87, 333, 118]
[0.0, 0.16666666666666666, 0.0, 0.9369085173501577, 0.5847457627118644]
[0.15109342907697457, 0.057377303800061105, 0.25750256811974404, 0.025503448084939356, 0.09227608531661911]
Accuracy: -1.0
[82, 80, 87, 333, 118]
[0.5487804878048781, 0.7125, 0.2413793103448276, 0.9309309309309309, 0.5847457627118644]
[0.15109342907697457, 0.057377303800061105, 0.25750256811974404, 0.025503448084939356, 0.09227608531661911]
FScore: -0.872081599272381
[82, 80, 87, 333, 118]
[0.0, 0.14814814814814814, 0.0, 0.9627228525121556, 0.7379679144385026]
[0.15109342907697457, 0.057377303800061105, 0.25750256811974404, 0.025503448084939356, 0.09227608531661911]
Matthews: -0.41039134083406165
[82, 80, 87, 333, 118]
[-0.16400833569430304, -0.022422426466543747, 0.0, 0.5364023228551862, 0.0]
[0.15109342907697457, 0.057377303800061105, 0.25750256811974404, 0.025503448084939356, 0.09227608531661911]

Analysis for ring (7400)
Precision: -0.5
[920, 2428, 691, 525, 2836]
[0.9938271604938271, 0.9246913580246914, 0.9458128078817734, 0.020242914979757085, 0.9954093343534812]
[0.1095450092786966, 0.04242796019386931, 0.2771488692708388, 0.11646934921480141, 0.015517163700574163]
Recall: -0.39999999999999997
[920, 2428, 691, 525, 2836]
[0.8797814207650273, 0.9894319682959049, 0.2823529411764706, 1.0, 0.9954093343534812]
[0.1095450092786966, 0.04242796019386931, 0.2771488692708388, 0.11646934921480141, 0.015517163700574163]
Accuracy: -1.0
[920, 2428, 691, 525, 2836]
[0.875, 0.9715815485996705, 0.2778581765557164, 0.539047619047619, 0.995768688293371]
[0.1095450092786966, 0.04242796019386931, 0.2771488692708388, 0.11646934921480141, 0.015517163700574163]
FScore: -0.9
[920, 2428, 691, 525, 2836]
[0.9333333333333333, 0.955966815571155, 0.4348810872027179, 0.03968253968253968, 0.9954093343534812]
[0.1095450092786966, 0.04242796019386931, 0.2771488692708388, 0.11646934921480141, 0.015517163700574163]
Matthews: -0.9
[920, 2428, 691, 525, 2836]
[-0.027241328808955138, 0.9361899505903447, -0.19719857770671384, 0.10402967738890362, 0.991485200932945]
[0.1095450092786966, 0.04242796019386931, 0.2771488692708388, 0.11646934921480141, 0.015517163700574163]

Analysis for spambase (4550)
Precision: -0.9
[414, 550, 1743, 256, 1587]
[0.08333333333333333, 0.30357142857142855, 0.9944400317712471, 0.904, 0.9844827586206897]
[0.301808271729617, 0.14708986095824653, 0.008617997337968374, 0.16365295685017617, 0.05442266560900161]
Recall: -1.0
[414, 550, 1743, 256, 1587]
[0.27586206896551724, 0.53125, 0.992862807295797, 0.5113122171945701, 0.9612794612794613]
[0.301808271729617, 0.14708986095824653, 0.008617997337968374, 0.16365295685017617, 0.05442266560900161]
Accuracy: -1.0
[414, 550, 1743, 256, 1587]
[0.47342995169082125, 0.9018181818181819, 0.9908204245553643, 0.53125, 0.9596723377441714]
[0.301808271729617, 0.14708986095824653, 0.008617997337968374, 0.16365295685017617, 0.05442266560900161]
FScore: -0.9
[414, 550, 1743, 256, 1587]
[0.128, 0.38636363636363635, 0.9936507936507938, 0.6531791907514451, 0.9727427597955707]
[0.301808271729617, 0.14708986095824653, 0.008617997337968374, 0.16365295685017617, 0.05442266560900161]
Matthews: -1.0
[414, 550, 1743, 256, 1587]
[-0.15209081727705012, 0.352947029076685, 0.9770916917156749, 0.115777349328383, 0.8962439326559819]
[0.301808271729617, 0.14708986095824653, 0.008617997337968374, 0.16365295685017617, 0.05442266560900161]

Analysis for twonorm (7400)
Precision: -0.9746794344808963
[199, 2535, 1451, 2674, 541]
[0.23529411764705882, 1.0, 0.9986033519553073, 1.0, 0.9665551839464883]
[0.2055353593514096, 0.016037513803243714, 0.04192826817590392, 0.004303175649215846, 0.09731332399711883]
Recall: -0.8944271909999159
[199, 2535, 1451, 2674, 541]
[0.27906976744186046, 1.0, 1.0, 1.0, 0.9665551839464883]
[0.2055353593514096, 0.016037513803243714, 0.04192826817590392, 0.004303175649215846, 0.09731332399711883]
Accuracy: -0.9746794344808963
[199, 2535, 1451, 2674, 541]
[0.2964824120603015, 1.0, 0.9993108201240524, 1.0, 0.9630314232902033]
[0.2055353593514096, 0.016037513803243714, 0.04192826817590392, 0.004303175649215846, 0.09731332399711883]
FScore: -0.9746794344808963
[199, 2535, 1451, 2674, 541]
[0.2553191489361702, 1.0, 0.9993011879804332, 1.0, 0.9665551839464884]
[0.2055353593514096, 0.016037513803243714, 0.04192826817590392, 0.004303175649215846, 0.09731332399711883]
Matthews: -0.9746794344808963
[199, 2535, 1451, 2674, 541]
[-0.4075220189172273, 1.0, 0.9986223279712703, 1.0, 0.9252328698969016]
[0.2055353593514096, 0.016037513803243714, 0.04192826817590392, 0.004303175649215846, 0.09731332399711883]

Analysis for wdbc (560)
Precision: 0.9733285267845752
[67, 0, 0, 432, 61]
[1.0, 0.0, 0.0, 0.8191489361702128, 1.0]
[0.08002422048025669, 0.0, 0.0, 0.003513183847042172, 0.02172910872104889]
Recall: 0.5789473684210527
[67, 0, 0, 432, 61]
[0.8208955223880597, 0.0, 0.0, 0.9871794871794872, 0.9180327868852459]
[0.08002422048025669, 0.0, 0.0, 0.003513183847042172, 0.02172910872104889]
Accuracy: 0.5789473684210527
[67, 0, 0, 432, 61]
[0.8208955223880597, 0.0, 0.0, 0.9583333333333334, 0.9180327868852459]
[0.08002422048025669, 0.0, 0.0, 0.003513183847042172, 0.02172910872104889]
FScore: 0.8947368421052632
[67, 0, 0, 432, 61]
[0.9016393442622952, 0.0, 0.0, 0.8953488372093025, 0.9572649572649572]
[0.08002422048025669, 0.0, 0.0, 0.003513183847042172, 0.02172910872104889]
Matthews: 0.0
[67, 0, 0, 432, 61]
[0.0, 0.0, 0.0, 0.8755174443037248, 0.0]
[0.08002422048025669, 0.0, 0.0, 0.003513183847042172, 0.02172910872104889]
