MultiResolutionExperiment(4, 10, MultiResolutionTransform(40, 0.15)

Analysis for appendicitis (100)
Precision: -0.4472135954999579
[1, 15, 7, 77]
[1.0, 0.0, 0.0, 1.0]
[0.12777117507757652, 0.046324285095215086, 0.22841392340025532, 0.003923252455756005]
Recall: -0.210818510677892
[1, 15, 7, 77]
[1.0, 0.0, 0.0, 0.9868421052631579]
[0.12777117507757652, 0.046324285095215086, 0.22841392340025532, 0.003923252455756005]
Accuracy: -0.39999999999999997
[1, 15, 7, 77]
[1.0, 0.5333333333333333, 0.14285714285714285, 0.987012987012987]
[0.12777117507757652, 0.046324285095215086, 0.22841392340025532, 0.003923252455756005]
FScore: -0.210818510677892
[1, 15, 7, 77]
[1.0, 0.0, 0.0, 0.9933774834437086]
[0.12777117507757652, 0.046324285095215086, 0.22841392340025532, 0.003923252455756005]
Matthews: -0.31622776601683794
[1, 15, 7, 77]
[0.0, -0.30151134457776363, 0.0, 0.7024393586862705]
[0.12777117507757652, 0.046324285095215086, 0.22841392340025532, 0.003923252455756005]

Analysis for banana (5300)
Precision: -0.8
[2567, 1502, 469, 762]
[0.9963702359346642, 0.9975031210986267, 0.0032258064516129032, 0.9333333333333333]
[0.013438569691968417, 0.06816239212226656, 0.3264974263820818, 0.1714093644844521]
Recall: -1.0
[2567, 1502, 469, 762]
[0.9993932038834952, 0.9767726161369193, 0.016129032258064516, 0.601010101010101]
[0.013438569691968417, 0.06816239212226656, 0.3264974263820818, 0.1714093644844521]
Accuracy: -1.0
[2567, 1502, 469, 762]
[0.9972730814179976, 0.9860186418109188, 0.21108742004264391, 0.7703412073490814]
[0.013438569691968417, 0.06816239212226656, 0.3264974263820818, 0.1714093644844521]
FScore: -1.0
[2567, 1502, 469, 762]
[0.9978794304756134, 0.9870290302655961, 0.005376344086021505, 0.7311827956989247]
[0.013438569691968417, 0.06816239212226656, 0.3264974263820818, 0.1714093644844521]
Matthews: -1.0
[2567, 1502, 469, 762]
[0.9940695246914965, 0.9721222816682646, -0.5316820217659673, 0.5871704399928593]
[0.013438569691968417, 0.06816239212226656, 0.3264974263820818, 0.1714093644844521]

Analysis for breast-cancer-original (650)
Precision: -0.7745966692414835
[578, 44, 14, 14]
[1.0, 1.0, 0.0, 1.0]
[6.107448158758191E-4, 0.026209555634494456, 0.1382050488030694, 0.07832055906945569]
Recall: -1.0
[578, 44, 14, 14]
[0.9927360774818402, 0.2857142857142857, 0.0, 0.25]
[6.107448158758191E-4, 0.026209555634494456, 0.1382050488030694, 0.07832055906945569]
Accuracy: -1.0
[578, 44, 14, 14]
[0.9948096885813149, 0.8863636363636364, 0.6428571428571429, 0.7857142857142857]
[6.107448158758191E-4, 0.026209555634494456, 0.1382050488030694, 0.07832055906945569]
FScore: -1.0
[578, 44, 14, 14]
[0.9963547995139732, 0.4444444444444445, 0.0, 0.4]
[6.107448158758191E-4, 0.026209555634494456, 0.1382050488030694, 0.07832055906945569]
Matthews: -1.0
[578, 44, 14, 14]
[0.9874252617422785, 0.5016977977548923, 0.0, 0.43852900965351466]
[6.107448158758191E-4, 0.026209555634494456, 0.1382050488030694, 0.07832055906945569]

Analysis for mammographic-masses (960)
Precision: -1.0
[105, 120, 504, 231]
[0.3283582089552239, 0.2727272727272727, 0.9910179640718563, 0.8]
[0.1881673422418398, 0.31385396447813324, 0.031557852124661244, 0.08946661932956444]
Recall: -0.8000000000000002
[105, 120, 504, 231]
[0.8148148148148148, 0.2535211267605634, 0.9851190476190477, 0.7901234567901234]
[0.1881673422418398, 0.31385396447813324, 0.031557852124661244, 0.08946661932956444]
Accuracy: -1.0
[105, 120, 504, 231]
[0.5238095238095238, 0.15833333333333333, 0.9841269841269841, 0.8571428571428571]
[0.1881673422418398, 0.31385396447813324, 0.031557852124661244, 0.08946661932956444]
FScore: -1.0
[105, 120, 504, 231]
[0.4680851063829788, 0.2627737226277372, 0.9880597014925373, 0.7950310559006211]
[0.1881673422418398, 0.31385396447813324, 0.031557852124661244, 0.08946661932956444]
Matthews: -1.0
[105, 120, 504, 231]
[0.2163611807139567, -0.7173602104572858, 0.9644299062293682, 0.6854341439270627]
[0.1881673422418398, 0.31385396447813324, 0.031557852124661244, 0.08946661932956444]

Analysis for phoneme (5400)
Precision: 0.8
[717, 998, 3028, 657]
[0.9608843537414966, 0.371900826446281, 0.4166666666666667, 1.0]
[0.16467722502650348, 0.09605085186863119, 0.010790230774774125, 0.28701104261216015]
Recall: -1.0
[717, 998, 3028, 657]
[0.8284457478005866, 0.9, 0.9782608695652174, 0.5692541856925418]
[0.16467722502650348, 0.09605085186863119, 0.010790230774774125, 0.28701104261216015]
Accuracy: -0.8
[717, 998, 3028, 657]
[0.8047419804741981, 0.6753507014028056, 0.9788639365918098, 0.5692541856925418]
[0.16467722502650348, 0.09605085186863119, 0.010790230774774125, 0.28701104261216015]
FScore: 0.6
[717, 998, 3028, 657]
[0.8897637795275589, 0.5263157894736842, 0.5844155844155845, 0.7255092143549952]
[0.16467722502650348, 0.09605085186863119, 0.010790230774774125, 0.28701104261216015]
Matthews: -1.0
[717, 998, 3028, 657]
[0.09609645854711209, 0.41573769744680444, 0.6312512123528934, 0.0]
[0.16467722502650348, 0.09605085186863119, 0.010790230774774125, 0.28701104261216015]

Analysis for pima (700)
Precision: -1.0
[141, 99, 94, 366]
[0.9722222222222222, 0.0, 0.05714285714285714, 0.9736842105263158]
[0.07383581758792425, 0.21645561605137292, 0.0960861033022863, 0.019026720758391975]
Recall: -1.0
[141, 99, 94, 366]
[0.5833333333333334, 0.0, 0.25, 0.9192546583850931]
[0.07383581758792425, 0.21645561605137292, 0.0960861033022863, 0.019026720758391975]
Accuracy: -1.0
[141, 99, 94, 366]
[0.6312056737588653, 0.26262626262626265, 0.5851063829787234, 0.907103825136612]
[0.07383581758792425, 0.21645561605137292, 0.0960861033022863, 0.019026720758391975]
FScore: -1.0
[141, 99, 94, 366]
[0.7291666666666666, 0.0, 0.09302325581395347, 0.9456869009584664]
[0.07383581758792425, 0.21645561605137292, 0.0960861033022863, 0.019026720758391975]
Matthews: -0.8
[141, 99, 94, 366]
[0.34762743781057986, 0.0, -0.0771851193846893, 0.6393611646088704]
[0.07383581758792425, 0.21645561605137292, 0.0960861033022863, 0.019026720758391975]

Analysis for ring (7400)
Precision: -0.39999999999999997
[1559, 568, 738, 4535]
[0.7144549763033176, 0.8702290076335878, 0.9165247018739353, 0.9900826446280991]
[0.0654215755286154, 0.26782069399819963, 0.11907130427755463, 0.017834776172748628]
Recall: -1.0
[1559, 568, 738, 4535]
[0.9773095623987034, 0.20689655172413793, 0.7842565597667639, 0.992817679558011]
[0.0654215755286154, 0.26782069399819963, 0.11907130427755463, 0.017834776172748628]
Accuracy: -1.0
[1559, 568, 738, 4535]
[0.8364336112892881, 0.2007042253521127, 0.7330623306233063, 0.9931642778390297]
[0.0654215755286154, 0.26782069399819963, 0.11907130427755463, 0.017834776172748628]
FScore: -0.8
[1559, 568, 738, 4535]
[0.8254620123203287, 0.3343108504398827, 0.845247446975648, 0.991448275862069]
[0.0654215755286154, 0.26782069399819963, 0.11907130427755463, 0.017834776172748628]
Matthews: -1.0
[1559, 568, 738, 4535]
[0.7080478702489553, -0.3208143100486356, -0.10026602955157575, 0.9857575991530687]
[0.0654215755286154, 0.26782069399819963, 0.11907130427755463, 0.017834776172748628]

Analysis for spambase (4550)
Precision: -1.0
[413, 1519, 636, 1982]
[0.1, 0.9783427495291902, 0.609375, 0.9943342776203966]
[0.2855409700174798, 0.05374220762418588, 0.14148512048140227, 0.007256730988811356]
Recall: -1.0
[413, 1519, 636, 1982]
[0.2235294117647059, 0.938572719060524, 0.52, 0.9901269393511989]
[0.2855409700174798, 0.05374220762418588, 0.14148512048140227, 0.007256730988811356]
Accuracy: -1.0
[413, 1519, 636, 1982]
[0.4261501210653753, 0.9400921658986175, 0.8081761006289309, 0.9889001009081736]
[0.2855409700174798, 0.05374220762418588, 0.14148512048140227, 0.007256730988811356]
FScore: -1.0
[413, 1519, 636, 1982]
[0.13818181818181818, 0.9580451821115722, 0.5611510791366907, 0.992226148409894]
[0.2855409700174798, 0.05374220762418588, 0.14148512048140227, 0.007256730988811356]
Matthews: -1.0
[413, 1519, 636, 1982]
[-0.24157913461838545, 0.855733521165751, 0.4416591695055816, 0.9728528172881745]
[0.2855409700174798, 0.05374220762418588, 0.14148512048140227, 0.007256730988811356]

Analysis for twonorm (7400)
Precision: -1.0
[243, 4363, 2060, 734]
[0.32231404958677684, 1.0, 0.9990089197224975, 0.9851851851851852]
[0.1740869338937945, 0.0030993174670120418, 0.01924713970078701, 0.06461477239794798]
Recall: -0.9486832980505139
[243, 4363, 2060, 734]
[0.3644859813084112, 1.0, 1.0, 0.9900744416873449]
[0.1740869338937945, 0.0030993174670120418, 0.01924713970078701, 0.06461477239794798]
Accuracy: -1.0
[243, 4363, 2060, 734]
[0.38271604938271603, 1.0, 0.9995145631067961, 0.9863760217983651]
[0.1740869338937945, 0.0030993174670120418, 0.01924713970078701, 0.06461477239794798]
FScore: -1.0
[243, 4363, 2060, 734]
[0.3421052631578947, 1.0, 0.9995042141794744, 0.9876237623762376]
[0.1740869338937945, 0.0030993174670120418, 0.01924713970078701, 0.06461477239794798]
Matthews: -1.0
[243, 4363, 2060, 734]
[-0.23675302203665097, 1.0, 0.999029174484815, 0.9724871921644553]
[0.1740869338937945, 0.0030993174670120418, 0.01924713970078701, 0.06461477239794798]

Analysis for wdbc (560)
Precision: 0.9486832980505138
[24, 50, 439, 47]
[1.0, 1.0, 0.84, 0.9777777777777777]
[0.09342252546129624, 0.041065241268059126, 0.0022309926206585478, 0.010987145701765394]
Recall: -1.0
[24, 50, 439, 47]
[0.7083333333333334, 0.86, 0.9767441860465116, 0.9565217391304348]
[0.09342252546129624, 0.041065241268059126, 0.0022309926206585478, 0.010987145701765394]
Accuracy: -1.0
[24, 50, 439, 47]
[0.7083333333333334, 0.86, 0.958997722095672, 0.9361702127659575]
[0.09342252546129624, 0.041065241268059126, 0.0022309926206585478, 0.010987145701765394]
FScore: -0.4
[24, 50, 439, 47]
[0.8292682926829268, 0.924731182795699, 0.9032258064516129, 0.967032967032967]
[0.09342252546129624, 0.041065241268059126, 0.0022309926206585478, 0.010987145701765394]
Matthews: -0.31622776601683794
[24, 50, 439, 47]
[0.0, 0.0, 0.8814172496845464, -0.03108349360801046]
[0.09342252546129624, 0.041065241268059126, 0.0022309926206585478, 0.010987145701765394]
