MultiResolutionExperiment(5, 10, MultiResolutionTransform(30, 0.25)

Analysis for appendicitis (100)
Precision: -0.3535533905932738
[4, 0, 78, 10, 8]
[0.0, 0.0, 1.0, 0.0, 0.0]
[0.33736468081446314, 0.0, 0.006817173986640511, 0.1214177956730452, 0.06130548687929238]
Recall: -0.3535533905932738
[4, 0, 78, 10, 8]
[0.0, 0.0, 0.987012987012987, 0.0, 0.0]
[0.33736468081446314, 0.0, 0.006817173986640511, 0.1214177956730452, 0.06130548687929238]
Accuracy: -0.2051956704170307
[4, 0, 78, 10, 8]
[0.0, 0.0, 0.9871794871794872, 0.4, 0.625]
[0.33736468081446314, 0.0, 0.006817173986640511, 0.1214177956730452, 0.06130548687929238]
FScore: -0.3535533905932738
[4, 0, 78, 10, 8]
[0.0, 0.0, 0.9934640522875817, 0.0, 0.0]
[0.33736468081446314, 0.0, 0.006817173986640511, 0.1214177956730452, 0.06130548687929238]
Matthews: -0.3535533905932738
[4, 0, 78, 10, 8]
[0.0, 0.0, 0.7025001733142089, 0.0, 0.0]
[0.33736468081446314, 0.0, 0.006817173986640511, 0.1214177956730452, 0.06130548687929238]

Analysis for banana (5300)
Precision: -0.9
[568, 1317, 459, 2447, 509]
[0.9975609756097561, 0.9929453262786596, 0.003236245954692557, 0.997628927089508, 0.6304347826086957]
[0.15876805122396165, 0.07853069543095956, 0.3396722561590974, 0.02870528610323441, 0.18426289739951743]
Recall: -1.0
[568, 1317, 459, 2447, 509]
[0.7382671480144405, 0.9929453262786596, 0.017241379310344827, 0.998813056379822, 0.48333333333333334]
[0.15876805122396165, 0.07853069543095956, 0.3396722561590974, 0.02870528610323441, 0.18426289739951743]
Accuracy: -0.9
[568, 1317, 459, 2447, 509]
[0.7429577464788732, 0.9939255884586181, 0.2047930283224401, 0.9975480179812015, 0.9056974459724951]
[0.15876805122396165, 0.07853069543095956, 0.3396722561590974, 0.02870528610323441, 0.18426289739951743]
FScore: -1.0
[568, 1317, 459, 2447, 509]
[0.8485477178423237, 0.9929453262786596, 0.005449591280653951, 0.9982206405693951, 0.5471698113207547]
[0.15876805122396165, 0.07853069543095956, 0.3396722561590974, 0.02870528610323441, 0.18426289739951743]
Matthews: -0.9
[568, 1317, 459, 2447, 509]
[0.23073801075999592, 0.9876119929453263, -0.5318728252584413, 0.9942802719531958, 0.5010132697914275]
[0.15876805122396165, 0.07853069543095956, 0.3396722561590974, 0.02870528610323441, 0.18426289739951743]

Analysis for breast-cancer-original (650)
Precision: -0.5773502691896258
[10, 560, 13, 42, 25]
[1.0, 1.0, 0.0, 1.0, 0.0]
[0.08105933283584796, 7.894416239792642E-4, 0.1739802411685121, 0.018645199060491092, 0.06254559937187244]
Recall: -0.7378647873726218
[10, 560, 13, 42, 25]
[0.5, 0.9927184466019418, 0.0, 0.5, 0.0]
[0.08105933283584796, 7.894416239792642E-4, 0.1739802411685121, 0.018645199060491092, 0.06254559937187244]
Accuracy: -0.7000000000000001
[10, 560, 13, 42, 25]
[0.9, 0.9946428571428572, 0.7692307692307693, 0.9285714285714286, 0.76]
[0.08105933283584796, 7.894416239792642E-4, 0.1739802411685121, 0.018645199060491092, 0.06254559937187244]
FScore: -0.7378647873726218
[10, 560, 13, 42, 25]
[0.6666666666666666, 0.9963459196102314, 0.0, 0.6666666666666666, 0.0]
[0.08105933283584796, 7.894416239792642E-4, 0.1739802411685121, 0.018645199060491092, 0.06254559937187244]
Matthews: -0.8207826816681233
[10, 560, 13, 42, 25]
[0.6666666666666666, 0.9864053748621152, 0.0, 0.6793662204867574, 0.0]
[0.08105933283584796, 7.894416239792642E-4, 0.1739802411685121, 0.018645199060491092, 0.06254559937187244]

Analysis for mammographic-masses (960)
Precision: -0.9
[104, 95, 99, 409, 253]
[0.3225806451612903, 0.32653061224489793, 0.5517241379310345, 0.9938271604938271, 0.8333333333333334]
[0.18046834414035418, 0.34749378325108965, 0.17298283669441372, 0.0328059497467728, 0.0782042870107243]
Recall: -0.7000000000000001
[104, 95, 99, 409, 253]
[0.8695652173913043, 0.25806451612903225, 0.6037735849056604, 0.9907692307692307, 0.8653846153846154]
[0.18046834414035418, 0.34749378325108965, 0.17298283669441372, 0.0328059497467728, 0.0782042870107243]
Accuracy: -0.9
[104, 95, 99, 409, 253]
[0.5673076923076923, 0.16842105263157894, 0.5252525252525253, 0.9877750611246944, 0.9367588932806324]
[0.18046834414035418, 0.34749378325108965, 0.17298283669441372, 0.0328059497467728, 0.0782042870107243]
FScore: -1.0
[104, 95, 99, 409, 253]
[0.47058823529411764, 0.28828828828828834, 0.5765765765765765, 0.9922958397534669, 0.8490566037735849]
[0.18046834414035418, 0.34749378325108965, 0.17298283669441372, 0.0328059497467728, 0.0782042870107243]
Matthews: -0.9
[104, 95, 99, 409, 253]
[0.296927779769636, -0.7068739888242924, 0.039039574702948845, 0.9627371553141113, 0.8093051265321592]
[0.18046834414035418, 0.34749378325108965, 0.17298283669441372, 0.0328059497467728, 0.0782042870107243]

Analysis for phoneme (5400)
Precision: 0.9
[664, 641, 2766, 578, 751]
[0.9873873873873874, 0.5868544600938967, 0.0, 0.16225165562913907, 0.9977426636568849]
[0.1805866169454187, 0.06098706553268628, 0.010790279026360235, 0.13422174096453443, 0.30263922823733697]
Recall: 0.0
[664, 641, 2766, 578, 751]
[0.845679012345679, 0.9615384615384616, 0.0, 0.8596491228070176, 0.5893333333333334]
[0.1805866169454187, 0.06098706553268628, 0.010790279026360235, 0.13422174096453443, 0.30263922823733697]
Accuracy: -0.7000000000000001
[664, 641, 2766, 578, 751]
[0.838855421686747, 0.8549141965678627, 0.985177151120752, 0.5484429065743944, 0.5885486018641811]
[0.1805866169454187, 0.06098706553268628, 0.010790279026360235, 0.13422174096453443, 0.30263922823733697]
FScore: 0.8
[664, 641, 2766, 578, 751]
[0.9110556940980882, 0.728862973760933, 0.0, 0.27298050139275765, 0.740989103101425]
[0.1805866169454187, 0.06098706553268628, 0.010790279026360235, 0.13422174096453443, 0.30263922823733697]
Matthews: -0.39999999999999997
[664, 641, 2766, 578, 751]
[0.16898121336723293, 0.6737944973019876, 0.0, 0.22326547428672525, -0.030446884759735452]
[0.1805866169454187, 0.06098706553268628, 0.010790279026360235, 0.13422174096453443, 0.30263922823733697]

Analysis for pima (700)
Precision: -0.7000000000000001
[91, 93, 68, 332, 116]
[0.0, 0.027777777777777776, 0.4375, 0.99, 1.0]
[0.24798330886176848, 0.13108032039988682, 0.04140746667823849, 0.024090945512323738, 0.0904678153479612]
Recall: -0.9
[91, 93, 68, 332, 116]
[0.0, 0.2, 0.4375, 0.9369085173501577, 0.5625]
[0.24798330886176848, 0.13108032039988682, 0.04140746667823849, 0.024090945512323738, 0.0904678153479612]
Accuracy: -0.9
[91, 93, 68, 332, 116]
[0.24175824175824176, 0.5806451612903226, 0.7352941176470589, 0.9307228915662651, 0.5775862068965517]
[0.24798330886176848, 0.13108032039988682, 0.04140746667823849, 0.024090945512323738, 0.0904678153479612]
FScore: -0.9
[91, 93, 68, 332, 116]
[0.0, 0.048780487804878044, 0.4375, 0.9627228525121556, 0.72]
[0.24798330886176848, 0.13108032039988682, 0.04140746667823849, 0.024090945512323738, 0.0904678153479612]
Matthews: -0.9
[91, 93, 68, 332, 116]
[0.0, -0.09155967367624329, 0.2644230769230769, 0.5186247283275331, 0.20604084592303354]
[0.24798330886176848, 0.13108032039988682, 0.04140746667823849, 0.024090945512323738, 0.0904678153479612]

Analysis for ring (7400)
Precision: -0.5
[868, 2043, 655, 508, 3326]
[0.9906542056074766, 0.9244558258642765, 0.9385474860335196, 0.040160642570281124, 0.9936575052854123]
[0.11106139047583899, 0.04378844649808662, 0.2759111750498746, 0.11583239676765053, 0.016384734092937787]
Recall: -0.39999999999999997
[868, 2043, 655, 508, 3326]
[0.8617886178861789, 0.9863387978142076, 0.2608695652173913, 1.0, 0.995059985885674]
[0.11106139047583899, 0.04378844649808662, 0.2759111750498746, 0.11583239676765053, 0.016384734092937787]
Accuracy: -1.0
[868, 2043, 655, 508, 3326]
[0.8548387096774194, 0.9662261380323054, 0.2564885496183206, 0.5295275590551181, 0.995189416716777]
[0.11106139047583899, 0.04378844649808662, 0.2759111750498746, 0.11583239676765053, 0.016384734092937787]
FScore: -0.9
[868, 2043, 655, 508, 3326]
[0.9217391304347826, 0.9543952412425645, 0.4082624544349939, 0.07722007722007722, 0.9943582510578279]
[0.11106139047583899, 0.04378844649808662, 0.2759111750498746, 0.11583239676765053, 0.016384734092937787]
Matthews: -0.9
[868, 2043, 655, 508, 3326]
[-0.03594016082243169, 0.9288506538796526, -0.21312302401788744, 0.14452252381884803, 0.9901661307676582]
[0.11106139047583899, 0.04378844649808662, 0.2759111750498746, 0.11583239676765053, 0.016384734092937787]

Analysis for spambase (4550)
Precision: -1.0
[415, 492, 1537, 345, 1761]
[0.08854166666666667, 0.3018867924528302, 0.9883824843610366, 0.8802395209580839, 0.9944488501189532]
[0.2991669293176953, 0.1484132066929035, 0.050673839437990455, 0.14210543089304944, 0.007800512554939767]
Recall: -1.0
[415, 492, 1537, 345, 1761]
[0.2463768115942029, 0.5333333333333333, 0.9617391304347827, 0.592741935483871, 0.9928741092636579]
[0.2991669293176953, 0.1484132066929035, 0.050673839437990455, 0.14210543089304944, 0.007800512554939767]
Accuracy: -0.9
[415, 492, 1537, 345, 1761]
[0.4530120481927711, 0.8963414634146342, 0.962914769030579, 0.6492753623188405, 0.9909142532651902]
[0.2991669293176953, 0.1484132066929035, 0.050673839437990455, 0.14210543089304944, 0.007800512554939767]
FScore: -1.0
[415, 492, 1537, 345, 1761]
[0.1302681992337165, 0.38554216867469876, 0.9748788012340237, 0.708433734939759, 0.9936608557844692]
[0.2991669293176953, 0.1484132066929035, 0.050673839437990455, 0.14210543089304944, 0.007800512554939767]
Matthews: -0.9
[415, 492, 1537, 345, 1761]
[-0.1937025951975507, 0.34982119740660067, 0.9053534702066651, 0.3477413240824127, 0.9776326496507532]
[0.2991669293176953, 0.1484132066929035, 0.050673839437990455, 0.14210543089304944, 0.007800512554939767]

Analysis for twonorm (7400)
Precision: -0.9746794344808963
[203, 2417, 1347, 2903, 530]
[0.21782178217821782, 1.0, 0.9985007496251874, 1.0, 0.9697986577181208]
[0.2000617603931403, 0.014493249562596369, 0.03916637841810652, 0.003587634529211708, 0.09283684240924177]
Recall: -0.8944271909999159
[203, 2417, 1347, 2903, 530]
[0.2619047619047619, 1.0, 1.0, 1.0, 0.9665551839464883]
[0.2000617603931403, 0.014493249562596369, 0.03916637841810652, 0.003587634529211708, 0.09283684240924177]
Accuracy: -0.9746794344808963
[203, 2417, 1347, 2903, 530]
[0.3054187192118227, 1.0, 0.9992576095025983, 1.0, 0.9641509433962264]
[0.2000617603931403, 0.014493249562596369, 0.03916637841810652, 0.003587634529211708, 0.09283684240924177]
FScore: -0.9746794344808963
[203, 2417, 1347, 2903, 530]
[0.23783783783783782, 1.0, 0.9992498124531133, 1.0, 0.9681742043551089]
[0.2000617603931403, 0.014493249562596369, 0.03916637841810652, 0.003587634529211708, 0.09283684240924177]
Matthews: -0.9746794344808963
[203, 2417, 1347, 2903, 530]
[-0.3959460692893995, 1.0, 0.9985161603030688, 1.0, 0.9271445682657606]
[0.2000617603931403, 0.014493249562596369, 0.03916637841810652, 0.003587634529211708, 0.09283684240924177]

Analysis for wdbc (560)
Precision: 0.872081599272381
[61, 0, 63, 252, 184]
[1.0, 0.0, 1.0, 0.6060606060606061, 0.9375]
[0.07872980983774856, 0.0, 0.0218405434502258, 0.005108239478380332, 4.3230223708698077E-4]
Recall: 0.0
[61, 0, 63, 252, 184]
[0.819672131147541, 0.0, 0.9206349206349206, 0.9523809523809523, 0.9836065573770492]
[0.07872980983774856, 0.0, 0.0218405434502258, 0.005108239478380332, 4.3230223708698077E-4]
Accuracy: 0.0
[61, 0, 63, 252, 184]
[0.819672131147541, 0.0, 0.9206349206349206, 0.9444444444444444, 0.9728260869565217]
[0.07872980983774856, 0.0, 0.0218405434502258, 0.005108239478380332, 4.3230223708698077E-4]
FScore: 0.30000000000000004
[61, 0, 63, 252, 184]
[0.9009009009009009, 0.0, 0.9586776859504132, 0.7407407407407407, 0.96]
[0.07872980983774856, 0.0, 0.0218405434502258, 0.005108239478380332, 4.3230223708698077E-4]
Matthews: -0.33541019662496846
[61, 0, 63, 252, 184]
[0.0, 0.0, 0.0, 0.7341671960484554, 0.9400625639081085]
[0.07872980983774856, 0.0, 0.0218405434502258, 0.005108239478380332, 4.3230223708698077E-4]
