MultiResolutionExperiment(3, 10, MultiResolutionTransform(20, 0.15)

Analysis for appendicitis (100)
Precision: -1.0
[7, 77, 16]
[0.0, 1.0, 0.2]
[0.24410029938592345, 0.004215829430280872, 0.056940466583272564]
Recall: -1.0
[7, 77, 16]
[0.0, 0.9868421052631579, 0.25]
[0.24410029938592345, 0.004215829430280872, 0.056940466583272564]
Accuracy: -1.0
[7, 77, 16]
[0.14285714285714285, 0.987012987012987, 0.5625]
[0.24410029938592345, 0.004215829430280872, 0.056940466583272564]
FScore: -1.0
[7, 77, 16]
[0.0, 0.9933774834437086, 0.22222222222222224]
[0.24410029938592345, 0.004215829430280872, 0.056940466583272564]
Matthews: -0.5
[7, 77, 16]
[0.0, 0.7024393586862705, -0.0778498944161523]
[0.24410029938592345, 0.004215829430280872, 0.056940466583272564]

Analysis for banana (5300)
Precision: -1.0
[619, 3169, 1512]
[0.03293413173652695, 0.9970149253731343, 0.9925925925925926]
[0.3173498726275601, 0.021277804403562365, 0.12049366982796518]
Recall: -1.0
[619, 3169, 1512]
[0.09016393442622951, 0.9985052316890882, 0.8427672955974843]
[0.3173498726275601, 0.021277804403562365, 0.12049366982796518]
Accuracy: -1.0
[619, 3169, 1512]
[0.2988691437802908, 0.9971599873777217, 0.9140211640211641]
[0.3173498726275601, 0.021277804403562365, 0.12049366982796518]
FScore: -1.0
[619, 3169, 1512]
[0.048245614035087724, 0.9977595220313668, 0.9115646258503401]
[0.3173498726275601, 0.021277804403562365, 0.12049366982796518]
Matthews: -1.0
[619, 3169, 1512]
[-0.44673015468871996, 0.9938839557879193, 0.8395134709519643]
[0.3173498726275601, 0.021277804403562365, 0.12049366982796518]

Analysis for breast-cancer-original (650)
Precision: -0.8660254037844386
[580, 52, 18]
[1.0, 1.0, 0.0]
[9.044012431008774E-4, 0.03717375731857295, 0.13975301318136565]
Recall: -1.0
[580, 52, 18]
[0.9903614457831326, 0.25, 0.0]
[9.044012431008774E-4, 0.03717375731857295, 0.13975301318136565]
Accuracy: -1.0
[580, 52, 18]
[0.993103448275862, 0.8846153846153846, 0.6666666666666666]
[9.044012431008774E-4, 0.03717375731857295, 0.13975301318136565]
FScore: -1.0
[580, 52, 18]
[0.9951573849878934, 0.4, 0.0]
[9.044012431008774E-4, 0.03717375731857295, 0.13975301318136565]
Matthews: -1.0
[580, 52, 18]
[0.9833213809282457, 0.4690415759823429, 0.0]
[9.044012431008774E-4, 0.03717375731857295, 0.13975301318136565]

Analysis for mammographic-masses (960)
Precision: -1.0
[134, 526, 300]
[0.2692307692307692, 0.9882005899705014, 0.6076923076923076]
[0.3241648877042239, 0.034419523776418784, 0.12679680191952053]
Recall: -1.0
[134, 526, 300]
[0.27631578947368424, 0.9824046920821115, 0.8061224489795918]
[0.3241648877042239, 0.034419523776418784, 0.12679680191952053]
Accuracy: -1.0
[134, 526, 300]
[0.16417910447761194, 0.9809885931558935, 0.7666666666666667]
[0.3241648877042239, 0.034419523776418784, 0.12679680191952053]
FScore: -1.0
[134, 526, 300]
[0.27272727272727276, 0.9852941176470589, 0.6929824561403508]
[0.3241648877042239, 0.034419523776418784, 0.12679680191952053]
Matthews: -1.0
[134, 526, 300]
[-0.7096700879935017, 0.958446207551512, 0.5239932526915698]
[0.3241648877042239, 0.034419523776418784, 0.12679680191952053]

Analysis for phoneme (5400)
Precision: 1.0
[1128, 3220, 1052]
[0.5878186968838527, 0.4049079754601227, 0.997080291970803]
[0.11864464961996779, 0.014865926456536291, 0.26742705296592256]
Recall: -1.0
[1128, 3220, 1052]
[0.8773784355179705, 0.9850746268656716, 0.6535885167464115]
[0.11864464961996779, 0.014865926456536291, 0.26742705296592256]
Accuracy: -1.0
[1128, 3220, 1052]
[0.6906028368794326, 0.9695652173913043, 0.6539923954372624]
[0.11864464961996779, 0.014865926456536291, 0.26742705296592256]
FScore: 1.0
[1128, 3220, 1052]
[0.7039864291772688, 0.5739130434782608, 0.7895953757225433]
[0.11864464961996779, 0.014865926456536291, 0.26742705296592256]
Matthews: -1.0
[1128, 3220, 1052]
[0.44165633521418524, 0.6213659706169774, 0.06275209286108054]
[0.11864464961996779, 0.014865926456536291, 0.26742705296592256]

Analysis for pima (700)
Precision: -1.0
[125, 158, 417]
[0.0, 0.6140350877192983, 0.9765395894428153]
[0.21310925512760728, 0.08675431475716104, 0.026499575382661247]
Recall: -1.0
[125, 158, 417]
[0.0, 0.4666666666666667, 0.8903743315508021]
[0.21310925512760728, 0.08675431475716104, 0.026499575382661247]
Accuracy: -1.0
[125, 158, 417]
[0.304, 0.6075949367088608, 0.882494004796163]
[0.21310925512760728, 0.08675431475716104, 0.026499575382661247]
FScore: -1.0
[125, 158, 417]
[0.0, 0.5303030303030304, 0.9314685314685315]
[0.21310925512760728, 0.08675431475716104, 0.026499575382661247]
Matthews: -1.0
[125, 158, 417]
[-0.13335400997660463, 0.20964086028250198, 0.5548312141497491]
[0.21310925512760728, 0.08675431475716104, 0.026499575382661247]

Analysis for ring (7400)
Precision: -0.5
[681, 1192, 5527]
[0.8984771573604061, 0.8175403225806451, 0.943327239488117]
[0.2675491071645489, 0.10208485279797734, 0.026984736297655385]
Recall: -1.0
[681, 1192, 5527]
[0.26777609682299547, 0.8777056277056277, 0.9927849927849928]
[0.2675491071645489, 0.10208485279797734, 0.026984736297655385]
Accuracy: -1.0
[681, 1192, 5527]
[0.2599118942731278, 0.7533557046979866, 0.9748507327664194]
[0.2675491071645489, 0.10208485279797734, 0.026984736297655385]
FScore: -1.0
[681, 1192, 5527]
[0.4125874125874126, 0.8465553235908142, 0.9674244199671901]
[0.2675491071645489, 0.10208485279797734, 0.026984736297655385]
Matthews: -1.0
[681, 1192, 5527]
[-0.27264895396679645, 0.22604670567394228, 0.9477858264830293]
[0.2675491071645489, 0.10208485279797734, 0.026984736297655385]

Analysis for spambase (4550)
Precision: -1.0
[596, 1013, 2941]
[0.12946428571428573, 0.8795811518324608, 0.994967978042086]
[0.268605422309772, 0.10440138912760948, 0.019802086689158015]
Recall: -1.0
[596, 1013, 2941]
[0.25, 0.7724137931034483, 0.9846084200995926]
[0.268605422309772, 0.10440138912760948, 0.019802086689158015]
Accuracy: -1.0
[596, 1013, 2941]
[0.5268456375838926, 0.8568608094768015, 0.9846990819449167]
[0.268605422309772, 0.10440138912760948, 0.019802086689158015]
FScore: -1.0
[596, 1013, 2941]
[0.17058823529411768, 0.8225214198286414, 0.9897610921501707]
[0.268605422309772, 0.10440138912760948, 0.019802086689158015]
Matthews: -1.0
[596, 1013, 2941]
[-0.12772448499336483, 0.7076007030154241, 0.959707710498876]
[0.268605422309772, 0.10440138912760948, 0.019802086689158015]

Analysis for twonorm (7400)
Precision: -1.0
[379, 5231, 1790]
[0.5693069306930693, 1.0, 0.9977949283351709]
[0.1572694023319616, 0.005272090149264568, 0.038707669744917385]
Recall: -1.0
[379, 5231, 1790]
[0.6182795698924731, 1.0, 0.9988962472406181]
[0.1572694023319616, 0.005272090149264568, 0.038707669744917385]
Accuracy: -1.0
[379, 5231, 1790]
[0.58311345646438, 1.0, 0.9983240223463687]
[0.1572694023319616, 0.005272090149264568, 0.038707669744917385]
FScore: -1.0
[379, 5231, 1790]
[0.5927835051546392, 1.0, 0.9983452840595698]
[0.1572694023319616, 0.005272090149264568, 0.038707669744917385]
Matthews: -1.0
[379, 5231, 1790]
[0.1678393385568136, 1.0, 0.9966481145500644]
[0.1572694023319616, 0.005272090149264568, 0.038707669744917385]

Analysis for wdbc (560)
Precision: 0.8660254037844386
[56, 56, 448]
[1.0, 1.0, 0.8425925925925926]
[0.0755837177900408, 0.022393872191241865, 0.0026874060624870353]
Recall: -1.0
[56, 56, 448]
[0.8035714285714286, 0.9285714285714286, 0.9680851063829787]
[0.0755837177900408, 0.022393872191241865, 0.0026874060624870353]
Accuracy: -1.0
[56, 56, 448]
[0.8035714285714286, 0.9285714285714286, 0.9553571428571429]
[0.0755837177900408, 0.022393872191241865, 0.0026874060624870353]
FScore: -0.5
[56, 56, 448]
[0.8910891089108911, 0.962962962962963, 0.9009900990099009]
[0.0755837177900408, 0.022393872191241865, 0.0026874060624870353]
Matthews: -0.8660254037844386
[56, 56, 448]
[0.0, 0.0, 0.8758536721147275]
[0.0755837177900408, 0.022393872191241865, 0.0026874060624870353]
