MultiResolutionExperiment(3, 10, MultiResolutionTransform(10, 0.25)

Analysis for appendicitis (100)
Precision: -0.8660254037844386
[7, 78, 15]
[0.0, 1.0, 0.0]
[0.3140360123427214, 0.008135455040045748, 0.09610639851632681]
Recall: -0.8660254037844386
[7, 78, 15]
[0.0, 0.987012987012987, 0.0]
[0.3140360123427214, 0.008135455040045748, 0.09610639851632681]
Accuracy: -1.0
[7, 78, 15]
[0.14285714285714285, 0.9871794871794872, 0.5333333333333333]
[0.3140360123427214, 0.008135455040045748, 0.09610639851632681]
FScore: -0.8660254037844386
[7, 78, 15]
[0.0, 0.9934640522875817, 0.0]
[0.3140360123427214, 0.008135455040045748, 0.09610639851632681]
Matthews: -0.5
[7, 78, 15]
[0.0, 0.7025001733142089, -0.30151134457776363]
[0.3140360123427214, 0.008135455040045748, 0.09610639851632681]

Analysis for banana (5300)
Precision: -1.0
[635, 3005, 1660]
[0.027190332326283987, 0.9970486965076242, 0.9908396946564886]
[0.34251733332693474, 0.044336964643939554, 0.14560349685239102]
Recall: -1.0
[635, 3005, 1660]
[0.08256880733944955, 0.9965585054080629, 0.8309859154929577]
[0.34251733332693474, 0.044336964643939554, 0.14560349685239102]
Accuracy: -1.0
[635, 3005, 1660]
[0.3354330708661417, 0.9956738768718802, 0.9168674698795181]
[0.34251733332693474, 0.044336964643939554, 0.14560349685239102]
FScore: -1.0
[635, 3005, 1660]
[0.04090909090909091, 0.9968035406933857, 0.903899721448468]
[0.34251733332693474, 0.044336964643939554, 0.14560349685239102]
Matthews: -1.0
[635, 3005, 1660]
[-0.3997625189787573, 0.9901131437943891, 0.8416427640747615]
[0.34251733332693474, 0.044336964643939554, 0.14560349685239102]

Analysis for breast-cancer-original (650)
Precision: -0.8660254037844386
[575, 18, 57]
[1.0, 0.0, 1.0]
[0.0016713308551171383, 0.1861230474273257, 0.05192899240829728]
Recall: -1.0
[575, 18, 57]
[0.988009592326139, 0.0, 0.16666666666666666]
[0.0016713308551171383, 0.1861230474273257, 0.05192899240829728]
Accuracy: -1.0
[575, 18, 57]
[0.991304347826087, 0.6666666666666666, 0.9122807017543859]
[0.0016713308551171383, 0.1861230474273257, 0.05192899240829728]
FScore: -1.0
[575, 18, 57]
[0.993968636911942, 0.0, 0.2857142857142857]
[0.0016713308551171383, 0.1861230474273257, 0.05192899240829728]
Matthews: -1.0
[575, 18, 57]
[0.9786227820854919, 0.0, 0.3895968612369898]
[0.0016713308551171383, 0.1861230474273257, 0.05192899240829728]

Analysis for mammographic-masses (960)
Precision: -1.0
[137, 505, 318]
[0.2962962962962963, 0.9881656804733728, 0.6015625]
[0.3536630134601354, 0.04395097726408159, 0.14541470064880194]
Recall: -1.0
[137, 505, 318]
[0.3116883116883117, 0.9794721407624634, 0.7938144329896907]
[0.3536630134601354, 0.04395097726408159, 0.14541470064880194]
Accuracy: -1.0
[137, 505, 318]
[0.19708029197080293, 0.9782178217821782, 0.7767295597484277]
[0.3536630134601354, 0.04395097726408159, 0.14541470064880194]
FScore: -1.0
[137, 505, 318]
[0.30379746835443033, 0.98379970544919, 0.6844444444444445]
[0.3536630134601354, 0.04395097726408159, 0.14541470064880194]
Matthews: -1.0
[137, 505, 318]
[-0.6441948697138169, 0.9506554473605089, 0.5286198666693668]
[0.3536630134601354, 0.04395097726408159, 0.14541470064880194]

Analysis for phoneme (5400)
Precision: 1.0
[1047, 3102, 1251]
[0.4975124378109453, 0.0449438202247191, 0.9976798143851509]
[0.13381848941765265, 0.0187679473881638, 0.30390487089227186]
Recall: -1.0
[1047, 3102, 1251]
[0.8928571428571429, 1.0, 0.6907630522088354]
[0.13381848941765265, 0.0187679473881638, 0.30390487089227186]
Accuracy: -0.5
[1047, 3102, 1251]
[0.6762177650429799, 0.9725983236621535, 0.6906474820143885]
[0.13381848941765265, 0.0187679473881638, 0.30390487089227186]
FScore: 1.0
[1047, 3102, 1251]
[0.6389776357827476, 0.08602150537634408, 0.816326530612245]
[0.13381848941765265, 0.0187679473881638, 0.30390487089227186]
Matthews: -0.5
[1047, 3102, 1251]
[0.4408482548614712, 0.20907102645974593, 0.05334853857274635]
[0.13381848941765265, 0.0187679473881638, 0.30390487089227186]

Analysis for pima (700)
Precision: -1.0
[136, 138, 426]
[0.0, 0.4358974358974359, 0.9859550561797753]
[0.2578072117756257, 0.10564869169307003, 0.04044684235492273]
Recall: -1.0
[136, 138, 426]
[0.0, 0.32075471698113206, 0.8863636363636364]
[0.2578072117756257, 0.10564869169307003, 0.04044684235492273]
Accuracy: -1.0
[136, 138, 426]
[0.3382352941176471, 0.5797101449275363, 0.8826291079812206]
[0.2578072117756257, 0.10564869169307003, 0.04044684235492273]
FScore: -1.0
[136, 138, 426]
[0.0, 0.3695652173913044, 0.9335106382978724]
[0.2578072117756257, 0.10564869169307003, 0.04044684235492273]
Matthews: -1.0
[136, 138, 426]
[-0.11843476157867253, 0.06689704044398433, 0.49691702378531183]
[0.2578072117756257, 0.10564869169307003, 0.04044684235492273]

Analysis for ring (7400)
Precision: 0.5
[749, 1251, 5400]
[0.9221311475409836, 0.8674481514878268, 0.9214426877470355]
[0.30755717219074113, 0.11763898894332127, 0.03609436860950673]
Recall: -1.0
[749, 1251, 5400]
[0.30864197530864196, 0.9109848484848485, 0.9925492283129325]
[0.30755717219074113, 0.11763898894332127, 0.03609436860950673]
Accuracy: -1.0
[749, 1251, 5400]
[0.30173564753004006, 0.8073541167066347, 0.9679629629629629]
[0.30755717219074113, 0.11763898894332127, 0.03609436860950673]
FScore: -1.0
[749, 1251, 5400]
[0.4624871531346351, 0.8886836027713626, 0.9556751217012553]
[0.30755717219074113, 0.11763898894332127, 0.03609436860950673]
Matthews: -1.0
[749, 1251, 5400]
[-0.22061685680749696, 0.17968940086391408, 0.9322222417632471]
[0.30755717219074113, 0.11763898894332127, 0.03609436860950673]

Analysis for spambase (4550)
Precision: -1.0
[683, 1059, 2808]
[0.12608695652173912, 0.908883826879271, 0.9948186528497409]
[0.2967988003020657, 0.11709869684909306, 0.025504620838276232]
Recall: -1.0
[683, 1059, 2808]
[0.25, 0.7995991983967936, 0.9846153846153847]
[0.2967988003020657, 0.11709869684909306, 0.025504620838276232]
Accuracy: -1.0
[683, 1059, 2808]
[0.5783308931185944, 0.8677998111425873, 0.9843304843304843]
[0.2967988003020657, 0.11709869684909306, 0.025504620838276232]
FScore: -1.0
[683, 1059, 2808]
[0.1676300578034682, 0.8507462686567165, 0.9896907216494846]
[0.2967988003020657, 0.11709869684909306, 0.025504620838276232]
Matthews: -1.0
[683, 1059, 2808]
[-0.08302574874115466, 0.737818155606448, 0.9572741114265572]
[0.2967988003020657, 0.11709869684909306, 0.025504620838276232]

Analysis for twonorm (7400)
Precision: -1.0
[487, 4588, 2325]
[0.6691729323308271, 1.0, 0.9991273996509599]
[0.1733112825052961, 0.009637289467321513, 0.047167176850989465]
Recall: -0.8660254037844386
[487, 4588, 2325]
[0.712, 1.0, 1.0]
[0.1733112825052961, 0.009637289467321513, 0.047167176850989465]
Accuracy: -1.0
[487, 4588, 2325]
[0.6714579055441479, 1.0, 0.9995698924731182]
[0.1733112825052961, 0.009637289467321513, 0.047167176850989465]
FScore: -1.0
[487, 4588, 2325]
[0.689922480620155, 1.0, 0.9995635093845482]
[0.1733112825052961, 0.009637289467321513, 0.047167176850989465]
Matthews: -1.0
[487, 4588, 2325]
[0.3420338874046857, 1.0, 0.9991399709328331]
[0.1733112825052961, 0.009637289467321513, 0.047167176850989465]

Analysis for wdbc (560)
Precision: 0.8660254037844386
[63, 65, 432]
[1.0, 1.0, 0.8172043010752689]
[0.10317238870058784, 0.032105118383524575, 0.004699248373461738]
Recall: -1.0
[63, 65, 432]
[0.8253968253968254, 0.9230769230769231, 0.9743589743589743]
[0.10317238870058784, 0.032105118383524575, 0.004699248373461738]
Accuracy: -1.0
[63, 65, 432]
[0.8253968253968254, 0.9230769230769231, 0.9560185185185185]
[0.10317238870058784, 0.032105118383524575, 0.004699248373461738]
FScore: 0.5
[63, 65, 432]
[0.9043478260869565, 0.9600000000000001, 0.888888888888889]
[0.10317238870058784, 0.032105118383524575, 0.004699248373461738]
Matthews: -0.8660254037844386
[63, 65, 432]
[0.0, 0.0, 0.8669146203244021]
[0.10317238870058784, 0.032105118383524575, 0.004699248373461738]
