Parameters:

m = 30
sigma = 15%
psi_def = 1

mahalanobis = true
clusters = 3
folds = 10

Analysis for appendicitis (100)
Precision
[7, 78, 15]
[0.0, 1.0, 0.0]
[0.23134188402679595, 0.005681801563578069, 0.04813409874592787]
-0.8660254037844386
Recall
[7, 78, 15]
[0.0, 0.987012987012987, 0.0]
[0.23134188402679595, 0.005681801563578069, 0.04813409874592787]
-0.8660254037844386
Accuracy
[7, 78, 15]
[0.14285714285714285, 0.9871794871794872, 0.5333333333333333]
[0.23134188402679595, 0.005681801563578069, 0.04813409874592787]
-1.0
FScore
[7, 78, 15]
[0.0, 0.9934640522875817, 0.0]
[0.23134188402679595, 0.005681801563578069, 0.04813409874592787]
-0.8660254037844386
Matthews
[7, 78, 15]
[0.0, 0.7025001733142089, -0.30151134457776363]
[0.23134188402679595, 0.005681801563578069, 0.04813409874592787]
-0.5
Analysis for banana (5300)
Precision
[619, 3181, 1500]
[0.02710843373493976, 0.9970119521912351, 0.9926362297496318]
[0.30748814541291236, 0.020043471689274464, 0.11666216713897601]
-1.0
Recall
[619, 3181, 1500]
[0.075, 0.999001996007984, 0.8425]
[0.30748814541291236, 0.020043471689274464, 0.11666216713897601]
-1.0
Accuracy
[619, 3181, 1500]
[0.2988691437802908, 0.9974850675888085, 0.9126666666666666]
[0.30748814541291236, 0.020043471689274464, 0.11666216713897601]
-1.0
FScore
[619, 3181, 1500]
[0.03982300884955752, 0.9980059820538384, 0.9114266396213658]
[0.30748814541291236, 0.020043471689274464, 0.11666216713897601]
-1.0
Matthews
[619, 3181, 1500]
[-0.4536809518550221, 0.9946053589084304, 0.8372588335187084]
[0.30748814541291236, 0.020043471689274464, 0.11666216713897601]
-1.0
Analysis for breast-cancer-original (650)
Precision
[581, 54, 15]
[1.0, 1.0, 0.0]
[7.93688248672956E-4, 0.038397901168852624, 0.14180867973936157]
-0.8660254037844386
Recall
[581, 54, 15]
[0.9927710843373494, 0.1111111111111111, 0.0]
[7.93688248672956E-4, 0.038397901168852624, 0.14180867973936157]
-1.0
Accuracy
[581, 54, 15]
[0.9948364888123924, 0.8518518518518519, 0.6666666666666666]
[7.93688248672956E-4, 0.038397901168852624, 0.14180867973936157]
-1.0
FScore
[581, 54, 15]
[0.9963724304715841, 0.19999999999999998, 0.0]
[7.93688248672956E-4, 0.038397901168852624, 0.14180867973936157]
-1.0
Matthews
[581, 54, 15]
[0.9874957868234592, 0.3071475584169756, 0.0]
[7.93688248672956E-4, 0.038397901168852624, 0.14180867973936157]
-1.0
Analysis for mammographic-masses (960)
Precision
[134, 523, 303]
[0.2692307692307692, 0.9881656804733728, 0.6106870229007634]
[0.3094524042541318, 0.03277613864609115, 0.12019067550003669]
-1.0
Recall
[134, 523, 303]
[0.28, 0.9794721407624634, 0.8080808080808081]
[0.3094524042541318, 0.03277613864609115, 0.12019067550003669]
-1.0
Accuracy
[134, 523, 303]
[0.17164179104477612, 0.9789674952198852, 0.768976897689769]
[0.3094524042541318, 0.03277613864609115, 0.12019067550003669]
-1.0
FScore
[134, 523, 303]
[0.27450980392156865, 0.98379970544919, 0.6956521739130436]
[0.3094524042541318, 0.03277613864609115, 0.12019067550003669]
-1.0
Matthews
[134, 523, 303]
[-0.6905638101301188, 0.9539042510863608, 0.528359958614539]
[0.3094524042541318, 0.03277613864609115, 0.12019067550003669]
-1.0
Analysis for phoneme (5400)
Precision
[1130, 3224, 1046]
[0.5901408450704225, 0.4121212121212121, 0.9970544918998527]
[0.11436554400878227, 0.014220274348050614, 0.25774271650572783]
1.0
Recall
[1130, 3224, 1046]
[0.8784067085953878, 0.9855072463768116, 0.6515880654475458]
[0.11436554400878227, 0.014220274348050614, 0.25774271650572783]
-1.0
Accuracy
[1130, 3224, 1046]
[0.6911504424778762, 0.9696029776674938, 0.6520076481835564]
[0.11436554400878227, 0.014220274348050614, 0.25774271650572783]
-1.0
FScore
[1130, 3224, 1046]
[0.7059814658803707, 0.5811965811965812, 0.7881257275902211]
[0.11436554400878227, 0.014220274348050614, 0.25774271650572783]
1.0
Matthews
[1130, 3224, 1046]
[0.4423034149360382, 0.6270292819775698, 0.06250577747536525]
[0.11436554400878227, 0.014220274348050614, 0.25774271650572783]
-1.0
Analysis for pima (700)
Precision
[127, 164, 409]
[0.0, 0.639344262295082, 0.9791666666666666]
[0.20247275537437626, 0.08071512673649302, 0.024444676404926435]
-1.0
Recall
[127, 164, 409]
[0.0, 0.48148148148148145, 0.8940217391304348]
[0.20247275537437626, 0.08071512673649302, 0.024444676404926435]
-1.0
Accuracy
[127, 164, 409]
[0.30708661417322836, 0.6097560975609756, 0.8875305623471883]
[0.20247275537437626, 0.08071512673649302, 0.024444676404926435]
-1.0
FScore
[127, 164, 409]
[0.0, 0.5492957746478874, 0.9346590909090908]
[0.20247275537437626, 0.08071512673649302, 0.024444676404926435]
-1.0
Matthews
[127, 164, 409]
[-0.13138456820306088, 0.22387103538143205, 0.567279707911613]
[0.20247275537437626, 0.08071512673649302, 0.024444676404926435]
-1.0
Analysis for ring (7400)
Precision
[677, 1195, 5528]
[0.9020618556701031, 0.8147029204431017, 0.9442922374429223]
[0.25783416585850893, 0.09717732367669886, 0.02575293283777485]
-0.5
Recall
[677, 1195, 5528]
[0.26595744680851063, 0.8764897074756229, 0.9927988478156505]
[0.25783416585850893, 0.09717732367669886, 0.02575293283777485]
-1.0
Accuracy
[677, 1195, 5528]
[0.258493353028065, 0.7506276150627615, 0.9752170767004341]
[0.25783416585850893, 0.09717732367669886, 0.02575293283777485]
-1.0
FScore
[677, 1195, 5528]
[0.41079812206572763, 0.8444676409185804, 0.9679382167095717]
[0.25783416585850893, 0.09717732367669886, 0.02575293283777485]
-1.0
Matthews
[677, 1195, 5528]
[-0.26812453360100064, 0.22377239193992596, 0.9485511092501747]
[0.25783416585850893, 0.09717732367669886, 0.02575293283777485]
-1.0
Analysis for spambase (4550)
Precision
[595, 1015, 2940]
[0.125, 0.883419689119171, 0.9949587534372135]
[0.25860719881187205, 0.100181992448614, 0.018741983409794216]
-1.0
Recall
[595, 1015, 2940]
[0.23931623931623933, 0.7785388127853882, 0.9845804988662131]
[0.25860719881187205, 0.100181992448614, 0.018741983409794216]
-1.0
Accuracy
[595, 1015, 2940]
[0.5210084033613446, 0.8600985221674877, 0.9846938775510204]
[0.25860719881187205, 0.100181992448614, 0.018741983409794216]
-1.0
FScore
[595, 1015, 2940]
[0.16422287390029325, 0.8276699029126214, 0.9897424207886939]
[0.25860719881187205, 0.100181992448614, 0.018741983409794216]
-1.0
Matthews
[595, 1015, 2940]
[-0.14005369370764695, 0.7147343180462065, 0.9598096180036161]
[0.25860719881187205, 0.100181992448614, 0.018741983409794216]
-1.0
Analysis for twonorm (7400)
Precision
[385, 5245, 1770]
[0.5714285714285714, 1.0, 0.9977753058954394]
[0.14967006619657125, 0.0048256734622093, 0.03639018010559638]
-1.0
Recall
[385, 5245, 1770]
[0.6203208556149733, 1.0, 0.9988864142538976]
[0.14967006619657125, 0.0048256734622093, 0.03639018010559638]
-1.0
Accuracy
[385, 5245, 1770]
[0.5896103896103896, 1.0, 0.9983050847457627]
[0.14967006619657125, 0.0048256734622093, 0.03639018010559638]
-1.0
FScore
[385, 5245, 1770]
[0.5948717948717949, 1.0, 0.9983305509181969]
[0.14967006619657125, 0.0048256734622093, 0.03639018010559638]
-1.0
Matthews
[385, 5245, 1770]
[0.181122692847289, 1.0, 0.9966100181228713]
[0.14967006619657125, 0.0048256734622093, 0.03639018010559638]
-1.0
Analysis for wdbc (560)
Precision
[60, 51, 449]
[1.0, 1.0, 0.8440366972477065]
[0.06807174319049766, 0.018311499762466668, 0.0024019213473511214]
0.8660254037844386
Recall
[60, 51, 449]
[0.8166666666666667, 0.9215686274509803, 0.968421052631579]
[0.06807174319049766, 0.018311499762466668, 0.0024019213473511214]
-1.0
Accuracy
[60, 51, 449]
[0.8166666666666667, 0.9215686274509803, 0.955456570155902]
[0.06807174319049766, 0.018311499762466668, 0.0024019213473511214]
-1.0
FScore
[60, 51, 449]
[0.8990825688073394, 0.9591836734693878, 0.9019607843137255]
[0.06807174319049766, 0.018311499762466668, 0.0024019213473511214]
-0.5
Matthews
[60, 51, 449]
[0.0, 0.0, 0.8767718678410387]
[0.06807174319049766, 0.018311499762466668, 0.0024019213473511214]
-0.8660254037844386
