MultiResolutionExperiment(4, 10, MultiResolutionTransform(10, 0.30))

Analysis for appendicitis (100)
Precision: -0.8944271909999159
[1, 76, 18, 5]
[0.0, 1.0, 0.0, 1.0]
[0.3938156264447527, 0.005887941761552081, 0.20814754583415251, 0.10704562606467813]
Recall: -0.9486832980505139
[1, 76, 18, 5]
[0.0, 0.9868421052631579, 0.0, 0.25]
[0.3938156264447527, 0.005887941761552081, 0.20814754583415251, 0.10704562606467813]
Accuracy: -0.8
[1, 76, 18, 5]
[0.0, 0.9868421052631579, 0.5, 0.4]
[0.3938156264447527, 0.005887941761552081, 0.20814754583415251, 0.10704562606467813]
FScore: -0.9486832980505139
[1, 76, 18, 5]
[0.0, 0.9933774834437086, 0.0, 0.4]
[0.3938156264447527, 0.005887941761552081, 0.20814754583415251, 0.10704562606467813]
Matthews: -0.25819888974716104
[1, 76, 18, 5]
[0.0, 0.0, 0.0, 0.25]
[0.3938156264447527, 0.005887941761552081, 0.20814754583415251, 0.10704562606467813]

Analysis for banana (5300)
Precision: -0.8
[2841, 1093, 781, 585]
[1.0, 0.9485714285714286, 0.9926873857404022, 0.02727272727272727]
[0.05170782372456358, 0.13935378230520143, 0.1687506926349949, 0.3537628859031409]
Recall: -1.0
[2841, 1093, 781, 585]
[0.9994918699186992, 0.9940119760479041, 0.7626404494382022, 0.11688311688311688]
[0.05170782372456358, 0.13935378230520143, 0.1687506926349949, 0.3537628859031409]
Accuracy: -1.0
[2841, 1093, 781, 585]
[0.9996480112636396, 0.9908508691674291, 0.7784891165172856, 0.335042735042735]
[0.05170782372456358, 0.13935378230520143, 0.1687506926349949, 0.3537628859031409]
FScore: -1.0
[2841, 1093, 781, 585]
[0.999745870393901, 0.9707602339181287, 0.8625893566322478, 0.044226044226044224]
[0.05170782372456358, 0.13935378230520143, 0.1687506926349949, 0.3537628859031409]
Matthews: -1.0
[2841, 1093, 781, 585]
[0.9991738019701608, 0.9657120528774449, 0.43656446711658087, -0.3511260030453388]
[0.05170782372456358, 0.13935378230520143, 0.1687506926349949, 0.3537628859031409]

Analysis for breast-cancer-original (650)
Precision: -0.25819888974716104
[416, 16, 48, 170]
[1.0, 1.0, 0.0, 1.0]
[0.001495047155341887, 0.2017578721524839, 0.10300224852624369, 0.040801885828587646]
Recall: -0.6
[416, 16, 48, 170]
[0.9855769230769231, 0.09090909090909091, 0.0, 1.0]
[0.001495047155341887, 0.2017578721524839, 0.10300224852624369, 0.040801885828587646]
Accuracy: -0.31622776601683794
[416, 16, 48, 170]
[0.9855769230769231, 0.375, 1.0, 1.0]
[0.001495047155341887, 0.2017578721524839, 0.10300224852624369, 0.040801885828587646]
FScore: -0.6
[416, 16, 48, 170]
[0.9927360774818402, 0.16666666666666669, 0.0, 1.0]
[0.001495047155341887, 0.2017578721524839, 0.10300224852624369, 0.040801885828587646]
Matthews: 0.210818510677892
[416, 16, 48, 170]
[0.0, 0.17407765595569785, 0.0, 1.0]
[0.001495047155341887, 0.2017578721524839, 0.10300224852624369, 0.040801885828587646]

Analysis for mammographic-masses (960)
Precision: -1.0
[137, 121, 195, 507]
[0.4025974025974026, 0.2537313432835821, 0.8051948051948052, 0.9969325153374233]
[0.20905720591080354, 0.35841389974835897, 0.12750233890134302, 0.04692596256212092]
Recall: -1.0
[137, 121, 195, 507]
[0.6595744680851063, 0.25, 0.8493150684931506, 0.9938837920489296]
[0.20905720591080354, 0.35841389974835897, 0.12750233890134302, 0.04692596256212092]
Accuracy: -1.0
[137, 121, 195, 507]
[0.5474452554744526, 0.1652892561983471, 0.8666666666666667, 0.9940828402366864]
[0.20905720591080354, 0.35841389974835897, 0.12750233890134302, 0.04692596256212092]
FScore: -1.0
[137, 121, 195, 507]
[0.5, 0.2518518518518518, 0.8266666666666668, 0.9954058192955589]
[0.20905720591080354, 0.35841389974835897, 0.12750233890134302, 0.04692596256212092]
Matthews: -1.0
[137, 121, 195, 507]
[0.14205890810583735, -0.6920533634629698, 0.7191333661635005, 0.9871047567466875]
[0.20905720591080354, 0.35841389974835897, 0.12750233890134302, 0.04692596256212092]

Analysis for phoneme (5400)
Precision: 0.8944271909999159
[732, 851, 2964, 853]
[1.0, 0.0, 0.0, 1.0]
[0.1948281547151564, 0.13682440947864566, 0.015487026755599497, 0.34451518372226764]
Recall: 0.7378647873726218
[732, 851, 2964, 853]
[0.8852459016393442, 0.0, 0.0, 0.6049237983587339]
[0.1948281547151564, 0.13682440947864566, 0.015487026755599497, 0.34451518372226764]
Accuracy: -0.8
[732, 851, 2964, 853]
[0.8852459016393442, 0.6075205640423031, 0.9811066126855601, 0.6049237983587339]
[0.1948281547151564, 0.13682440947864566, 0.015487026755599497, 0.34451518372226764]
FScore: 0.7378647873726218
[732, 851, 2964, 853]
[0.9391304347826086, 0.0, 0.0, 0.7538349159970782]
[0.1948281547151564, 0.13682440947864566, 0.015487026755599497, 0.34451518372226764]
Matthews: NaN
[732, 851, 2964, 853]
[0.0, 0.0, 0.0, 0.0]
[0.1948281547151564, 0.13682440947864566, 0.015487026755599497, 0.34451518372226764]

Analysis for pima (700)
Precision: -0.8944271909999159
[137, 134, 118, 311]
[1.0, 0.0, 0.0, 1.0]
[0.10423668935217457, 0.25614005888233926, 0.1276300369259048, 0.027948252257758058]
Recall: -0.9486832980505138
[137, 134, 118, 311]
[0.5777777777777777, 0.0, 0.0, 0.9354838709677419]
[0.10423668935217457, 0.25614005888233926, 0.1276300369259048, 0.027948252257758058]
Accuracy: -0.8
[137, 134, 118, 311]
[0.583941605839416, 0.3283582089552239, 0.7372881355932204, 0.9356913183279743]
[0.10423668935217457, 0.25614005888233926, 0.1276300369259048, 0.027948252257758058]
FScore: -0.9486832980505138
[137, 134, 118, 311]
[0.732394366197183, 0.0, 0.0, 0.9666666666666666]
[0.10423668935217457, 0.25614005888233926, 0.1276300369259048, 0.027948252257758058]
Matthews: -1.0
[137, 134, 118, 311]
[0.13994887417302632, -0.17025130615174972, -0.09008852329229015, 0.21106124940041435]
[0.10423668935217457, 0.25614005888233926, 0.1276300369259048, 0.027948252257758058]

Analysis for ring (7400)
Precision: 0.0
[661, 1030, 3717, 1992]
[0.0, 0.9763440860215054, 0.9315263908701854, 1.0]
[0.1219874412778914, 0.2640741608978862, 0.030347409654292307, 0.07469439201443326]
Recall: -0.8
[661, 1030, 3717, 1992]
[0.0, 0.44553483807654565, 1.0, 0.9764056224899599]
[0.1219874412778914, 0.2640741608978862, 0.030347409654292307, 0.07469439201443326]
Accuracy: -1.0
[661, 1030, 3717, 1992]
[0.5975794251134644, 0.4407766990291262, 0.9870863599677159, 0.9764056224899599]
[0.1219874412778914, 0.2640741608978862, 0.030347409654292307, 0.07469439201443326]
FScore: -0.6000000000000001
[661, 1030, 3717, 1992]
[0.0, 0.6118598382749326, 0.9645494830132939, 0.9880619761239523]
[0.1219874412778914, 0.2640741608978862, 0.030347409654292307, 0.07469439201443326]
Matthews: -0.9486832980505139
[661, 1030, 3717, 1992]
[0.0, -0.11452676619259503, 0.9575663361570041, 0.0]
[0.1219874412778914, 0.2640741608978862, 0.030347409654292307, 0.07469439201443326]

Analysis for spambase (4550)
Precision: -1.0
[331, 949, 532, 2738]
[0.11046511627906977, 0.9183098591549296, 0.5241379310344828, 0.9995283018867924]
[0.3288921503281895, 0.07898125011073832, 0.1773822375854613, 0.020556523890285523]
Recall: -1.0
[331, 949, 532, 2738]
[0.21348314606741572, 0.8423772609819121, 0.5428571428571428, 0.988339552238806]
[0.3288921503281895, 0.07898125011073832, 0.1773822375854613, 0.020556523890285523]
Accuracy: -1.0
[331, 949, 532, 2738]
[0.32628398791540786, 0.9051633298208641, 0.75, 0.9905040175310446]
[0.3288921503281895, 0.07898125011073832, 0.1773822375854613, 0.020556523890285523]
FScore: -1.0
[331, 949, 532, 2738]
[0.14559386973180077, 0.8787061994609164, 0.5333333333333333, 0.9939024390243903]
[0.3288921503281895, 0.07898125011073832, 0.1773822375854613, 0.020556523890285523]
Matthews: -1.0
[331, 949, 532, 2738]
[-0.37161472559091213, 0.8031000113791723, 0.362777536015134, 0.9727678942606713]
[0.3288921503281895, 0.07898125011073832, 0.1773822375854613, 0.020556523890285523]

Analysis for twonorm (7400)
Precision: -0.9486832980505138
[239, 3641, 874, 2646]
[0.3333333333333333, 1.0, 0.9891540130151844, 1.0]
[0.21852744234638632, 0.009111217592819626, 0.0899940254380444, 0.03215848767474834]
Recall: -0.9486832980505138
[239, 3641, 874, 2646]
[0.38181818181818183, 1.0, 0.991304347826087, 1.0]
[0.21852744234638632, 0.009111217592819626, 0.0899940254380444, 0.03215848767474834]
Accuracy: -0.9486832980505138
[239, 3641, 874, 2646]
[0.36401673640167365, 1.0, 0.9897025171624714, 1.0]
[0.21852744234638632, 0.009111217592819626, 0.0899940254380444, 0.03215848767474834]
FScore: -0.9486832980505138
[239, 3641, 874, 2646]
[0.3559322033898305, 1.0, 0.990228013029316, 1.0]
[0.21852744234638632, 0.009111217592819626, 0.0899940254380444, 0.03215848767474834]
Matthews: -0.9486832980505138
[239, 3641, 874, 2646]
[-0.2688902102279701, 1.0, 0.9793479106073417, 1.0]
[0.21852744234638632, 0.009111217592819626, 0.0899940254380444, 0.03215848767474834]

Analysis for wdbc (560)
Precision: 0.8944271909999159
[110, 96, 0, 354]
[1.0, 1.0, 0.0, 0.0]
[0.06401842075840714, 0.025192771822766264, 0.0, 0.002646874278845659]
Recall: 0.7378647873726218
[110, 96, 0, 354]
[0.8454545454545455, 0.9895833333333334, 0.0, 0.0]
[0.06401842075840714, 0.025192771822766264, 0.0, 0.002646874278845659]
Accuracy: 0.4
[110, 96, 0, 354]
[0.8454545454545455, 0.9895833333333334, 0.0, 0.9519774011299436]
[0.06401842075840714, 0.025192771822766264, 0.0, 0.002646874278845659]
FScore: 0.7378647873726218
[110, 96, 0, 354]
[0.916256157635468, 0.9947643979057591, 0.0, 0.0]
[0.06401842075840714, 0.025192771822766264, 0.0, 0.002646874278845659]
Matthews: NaN
[110, 96, 0, 354]
[0.0, 0.0, 0.0, 0.0]
[0.06401842075840714, 0.025192771822766264, 0.0, 0.002646874278845659]
