MultiResolutionExperiment(3, 10, MultiResolutionTransform(50, 0.10))

Analysis for appendicitis (100)
Precision: -1.0
[12, 10, 78]
[0.5, 0.0, 1.0]
[0.042272789619817015, 0.14238957351052575, 0.0025017687856400367]
Recall: -1.0
[12, 10, 78]
[0.25, 0.0, 0.9868421052631579]
[0.042272789619817015, 0.14238957351052575, 0.0025017687856400367]
Accuracy: -1.0
[12, 10, 78]
[0.6666666666666666, 0.1, 0.9871794871794872]
[0.042272789619817015, 0.14238957351052575, 0.0025017687856400367]
FScore: -1.0
[12, 10, 78]
[0.3333333333333333, 0.0, 0.9933774834437086]
[0.042272789619817015, 0.14238957351052575, 0.0025017687856400367]
Matthews: -1.0
[12, 10, 78]
[0.15811388300841897, 0.0, 0.8111071056538127]
[0.042272789619817015, 0.14238957351052575, 0.0025017687856400367]

Analysis for banana (5300)
Precision: -1.0
[1527, 3175, 598]
[0.9791356184798807, 0.9990069513406157, 0.04790419161676647]
[0.10109896162838153, 0.013698868777242168, 0.29612850084870335]
Recall: -1.0
[1527, 3175, 598]
[0.8466494845360825, 0.9995032290114257, 0.11851851851851852]
[0.10109896162838153, 0.013698868777242168, 0.29612850084870335]
Accuracy: -1.0
[1527, 3175, 598]
[0.9129011132940406, 0.9990551181102362, 0.2692307692307692]
[0.10109896162838153, 0.013698868777242168, 0.29612850084870335]
FScore: -1.0
[1527, 3175, 598]
[0.9080856945404284, 0.9992550285572387, 0.06823027718550108]
[0.10109896162838153, 0.013698868777242168, 0.29612850084870335]
Matthews: -1.0
[1527, 3175, 598]
[0.8340403240860826, 0.9979638252004587, -0.4784811501473319]
[0.10109896162838153, 0.013698868777242168, 0.29612850084870335]

Analysis for breast-cancer-original (650)
Precision: NaN
[458, 38, 154]
[1.0, 1.0, 1.0]
[9.420309693006499E-4, 0.10849092171343647, 0.02371944365440871]
Recall: -1.0
[458, 38, 154]
[0.9951219512195122, 0.09090909090909091, 0.5]
[9.420309693006499E-4, 0.10849092171343647, 0.02371944365440871]
Accuracy: -1.0
[458, 38, 154]
[0.9956331877729258, 0.7368421052631579, 0.974025974025974]
[9.420309693006499E-4, 0.10849092171343647, 0.02371944365440871]
FScore: -1.0
[458, 38, 154]
[0.9975550122249389, 0.16666666666666669, 0.6666666666666666]
[9.420309693006499E-4, 0.10849092171343647, 0.02371944365440871]
Matthews: -1.0
[458, 38, 154]
[0.9774032295683965, 0.25756371316446414, 0.697614984548545]
[9.420309693006499E-4, 0.10849092171343647, 0.02371944365440871]

Analysis for mammographic-masses (960)
Precision: -1.0
[117, 579, 264]
[0.18309859154929578, 0.9941176470588236, 0.6176470588235294]
[0.3108032356221212, 0.03403147845368973, 0.1282297384389871]
Recall: -1.0
[117, 579, 264]
[0.23214285714285715, 0.9883040935672515, 0.717948717948718]
[0.3108032356221212, 0.03403147845368973, 0.1282297384389871]
Accuracy: -1.0
[117, 579, 264]
[0.13675213675213677, 0.9896373056994818, 0.678030303030303]
[0.3108032356221212, 0.03403147845368973, 0.1282297384389871]
FScore: -1.0
[117, 579, 264]
[0.2047244094488189, 0.9912023460410556, 0.6640316205533596]
[0.3108032356221212, 0.03403147845368973, 0.1282297384389871]
Matthews: -1.0
[117, 579, 264]
[-0.7349951532631673, 0.9786224720447635, 0.36201428813632347]
[0.3108032356221212, 0.03403147845368973, 0.1282297384389871]

Analysis for phoneme (5400)
Precision: 1.0
[1289, 3080, 1031]
[0.6310679611650486, 0.02564102564102564, 0.9846625766871165]
[0.09933595325074404, 0.01064948168969616, 0.23456004391856572]
Recall: -1.0
[1289, 3080, 1031]
[0.9171075837742504, 1.0, 0.6318897637795275]
[0.09933595325074404, 0.01064948168969616, 0.23456004391856572]
Accuracy: -1.0
[1289, 3080, 1031]
[0.7276958882854926, 0.9753246753246754, 0.6275460717749758]
[0.09933595325074404, 0.01064948168969616, 0.23456004391856572]
FScore: 1.0
[1289, 3080, 1031]
[0.7476635514018692, 0.05, 0.7697841726618704]
[0.09933595325074404, 0.01064948168969616, 0.23456004391856572]
Matthews: -0.5
[1289, 3080, 1031]
[0.5127431127440619, 0.1581389069672697, -0.008636543867073413]
[0.09933595325074404, 0.01064948168969616, 0.23456004391856572]

Analysis for pima (700)
Precision: -1.0
[213, 152, 335]
[0.7402597402597403, 0.010309278350515464, 1.0]
[0.06542064436276965, 0.1536048081887918, 0.017144899817530434]
Recall: -1.0
[213, 152, 335]
[0.5, 0.25, 0.9337349397590361]
[0.06542064436276965, 0.1536048081887918, 0.017144899817530434]
Accuracy: -1.0
[213, 152, 335]
[0.6384976525821596, 0.34868421052631576, 0.9343283582089552]
[0.06542064436276965, 0.1536048081887918, 0.017144899817530434]
FScore: -1.0
[213, 152, 335]
[0.5968586387434556, 0.0198019801980198, 0.9657320872274142]
[0.06542064436276965, 0.1536048081887918, 0.017144899817530434]
Matthews: -1.0
[213, 152, 335]
[0.3093442355286722, -0.1327956771190086, 0.3347360045932979]
[0.06542064436276965, 0.1536048081887918, 0.017144899817530434]

Analysis for ring (7400)
Precision: -0.5
[813, 4989, 1598]
[0.8609271523178808, 0.9494833524684271, 0.8537134283570893]
[0.19547105638578408, 0.019835359891143566, 0.07054023916521464]
Recall: -1.0
[813, 4989, 1598]
[0.3385416666666667, 0.9963855421686747, 0.9207119741100324]
[0.19547105638578408, 0.019835359891143566, 0.07054023916521464]
Accuracy: -1.0
[813, 4989, 1598]
[0.3234932349323493, 0.9811585488073762, 0.8166458072590739]
[0.19547105638578408, 0.019835359891143566, 0.07054023916521464]
FScore: -1.0
[813, 4989, 1598]
[0.485981308411215, 0.9723691945914169, 0.8859478396263136]
[0.19547105638578408, 0.019835359891143566, 0.07054023916521464]
Matthews: -1.0
[813, 4989, 1598]
[-0.281473699069686, 0.9587284089770209, 0.42996391106118587]
[0.19547105638578408, 0.019835359891143566, 0.07054023916521464]

Analysis for spambase (4550)
Precision: -1.0
[434, 768, 3348]
[0.18518518518518517, 0.7410358565737052, 0.995268817204301]
[0.20732269232676664, 0.08430641875880977, 0.01273248254042329]
Recall: -1.0
[434, 768, 3348]
[0.291970802919708, 0.6966292134831461, 0.9821731748726655]
[0.20732269232676664, 0.08430641875880977, 0.01273248254042329]
Accuracy: -1.0
[434, 768, 3348]
[0.3709677419354839, 0.8098958333333334, 0.9841696535244923]
[0.20732269232676664, 0.08430641875880977, 0.01273248254042329]
FScore: -1.0
[434, 768, 3348]
[0.22662889518413595, 0.7181467181467182, 0.988677632984405]
[0.20732269232676664, 0.08430641875880977, 0.01273248254042329]
Matthews: -1.0
[434, 768, 3348]
[-0.27944982487524794, 0.5755594080513123, 0.9626118203418088]
[0.20732269232676664, 0.08430641875880977, 0.01273248254042329]

Analysis for twonorm (7400)
Precision: -0.8660254037844386
[1400, 5668, 332]
[1.0, 1.0, 0.47953216374269003]
[0.034339464023697114, 0.003579660298781043, 0.13689166286199228]
Recall: -0.8660254037844386
[1400, 5668, 332]
[1.0, 1.0, 0.5324675324675324]
[0.034339464023697114, 0.003579660298781043, 0.13689166286199228]
Accuracy: -0.8660254037844386
[1400, 5668, 332]
[1.0, 1.0, 0.5150602409638554]
[0.034339464023697114, 0.003579660298781043, 0.13689166286199228]
FScore: -0.8660254037844386
[1400, 5668, 332]
[1.0, 1.0, 0.5046153846153846]
[0.034339464023697114, 0.003579660298781043, 0.13689166286199228]
Matthews: -0.8660254037844386
[1400, 5668, 332]
[1.0, 1.0, 0.03239728764429963]
[0.034339464023697114, 0.003579660298781043, 0.13689166286199228]

Analysis for wdbc (560)
Precision: 1.0
[81, 113, 366]
[1.0, 0.9908256880733946, 0.4482758620689655]
[0.02624710432001173, 0.008219503669175383, 6.983791974566413E-4]
Recall: -1.0
[81, 113, 366]
[0.8271604938271605, 0.9642857142857143, 1.0]
[0.02624710432001173, 0.008219503669175383, 6.983791974566413E-4]
Accuracy: -1.0
[81, 113, 366]
[0.8271604938271605, 0.9557522123893806, 0.9562841530054644]
[0.02624710432001173, 0.008219503669175383, 6.983791974566413E-4]
FScore: 0.5
[81, 113, 366]
[0.9054054054054054, 0.9773755656108598, 0.6190476190476191]
[0.02624710432001173, 0.008219503669175383, 6.983791974566413E-4]
Matthews: -0.5
[81, 113, 366]
[0.0, -0.018101215356399913, 0.6541845377240924]
[0.02624710432001173, 0.008219503669175383, 6.983791974566413E-4]
