MultiResolutionExperiment(5, 10, MultiResolutionTransform(40, 0.25))

Analysis for appendicitis (100)
Precision: -0.288675134594813
[1, 0, 76, 18, 5]
[0.0, 0.0, 1.0, 0.0, 1.0]
[0.3547988055852589, 0.0, 0.004325896242103125, 0.15059726180184024, 0.08765836822800835]
Recall: -0.33541019662496846
[1, 0, 76, 18, 5]
[0.0, 0.0, 0.9868421052631579, 0.0, 0.25]
[0.3547988055852589, 0.0, 0.004325896242103125, 0.15059726180184024, 0.08765836822800835]
Accuracy: -0.10259783520851513
[1, 0, 76, 18, 5]
[0.0, 0.0, 0.9868421052631579, 0.5, 0.4]
[0.3547988055852589, 0.0, 0.004325896242103125, 0.15059726180184024, 0.08765836822800835]
FScore: -0.33541019662496846
[1, 0, 76, 18, 5]
[0.0, 0.0, 0.9933774834437086, 0.0, 0.4]
[0.3547988055852589, 0.0, 0.004325896242103125, 0.15059726180184024, 0.08765836822800835]
Matthews: 0.0
[1, 0, 76, 18, 5]
[0.0, 0.0, 0.0, 0.0, 0.25]
[0.3547988055852589, 0.0, 0.004325896242103125, 0.15059726180184024, 0.08765836822800835]

Analysis for banana (5300)
Precision: -0.9
[998, 725, 493, 2674, 410]
[0.9597701149425287, 0.9983079526226735, 0.6886792452830188, 1.0, 0.003401360544217687]
[0.08765374733693113, 0.12667187240387445, 0.20721729804582903, 0.030222091093785056, 0.34637230003200875]
Recall: -0.9
[998, 725, 493, 2674, 410]
[1.0, 0.8428571428571429, 0.453416149068323, 0.9994609164420485, 0.024390243902439025]
[0.08765374733693113, 0.12667187240387445, 0.20721729804582903, 0.030222091093785056, 0.34637230003200875]
Accuracy: -1.0
[998, 725, 493, 2674, 410]
[0.9929859719438878, 0.8468965517241379, 0.7545638945233266, 0.9996260284218399, 0.1878048780487805]
[0.08765374733693113, 0.12667187240387445, 0.20721729804582903, 0.030222091093785056, 0.34637230003200875]
FScore: -1.0
[998, 725, 493, 2674, 410]
[0.9794721407624634, 0.9140201394268009, 0.5468164794007491, 0.9997303855486654, 0.005970149253731343]
[0.08765374733693113, 0.12667187240387445, 0.20721729804582903, 0.030222091093785056, 0.34637230003200875]
Matthews: -0.9
[998, 725, 493, 2674, 410]
[0.9755436478189029, 0.37740805084881823, 0.4041099970648003, 0.999120644199638, -0.5126186770866871]
[0.08765374733693113, 0.12667187240387445, 0.20721729804582903, 0.030222091093785056, 0.34637230003200875]

Analysis for breast-cancer-original (650)
Precision: -0.0
[414, 105, 26, 85, 20]
[1.0, 0.0, 1.0, 1.0, 0.0]
[0.0010306184175003143, 0.01551095781844537, 0.14489036390160234, 0.04473882039439845, 0.07332743705533404]
Recall: -0.41039134083406165
[414, 105, 26, 85, 20]
[0.9903381642512077, 0.0, 0.09090909090909091, 0.6666666666666666, 0.0]
[0.0010306184175003143, 0.01551095781844537, 0.14489036390160234, 0.04473882039439845, 0.07332743705533404]
Accuracy: -0.29999999999999977
[414, 105, 26, 85, 20]
[0.9903381642512077, 0.9904761904761905, 0.6153846153846154, 0.9882352941176471, 1.0]
[0.0010306184175003143, 0.01551095781844537, 0.14489036390160234, 0.04473882039439845, 0.07332743705533404]
FScore: -0.41039134083406165
[414, 105, 26, 85, 20]
[0.9951456310679612, 0.0, 0.16666666666666669, 0.8, 0.0]
[0.0010306184175003143, 0.01551095781844537, 0.14489036390160234, 0.04473882039439845, 0.07332743705533404]
Matthews: 0.4472135954999579
[414, 105, 26, 85, 20]
[0.0, 0.0, 0.23354968324845687, 0.8115630216764502, 0.0]
[0.0010306184175003143, 0.01551095781844537, 0.14489036390160234, 0.04473882039439845, 0.07332743705533404]

Analysis for mammographic-masses (960)
Precision: -0.9
[101, 59, 105, 197, 498]
[0.3220338983050847, 0.1, 0.4166666666666667, 0.8717948717948718, 1.0]
[0.18496173483254608, 0.3867550857634618, 0.2193127668480804, 0.09669043591558583, 0.03659197890086205]
Recall: -1.0
[101, 59, 105, 197, 498]
[0.76, 0.09375, 0.43859649122807015, 0.8607594936708861, 0.9937888198757764]
[0.18496173483254608, 0.3867550857634618, 0.2193127668480804, 0.09669043591558583, 0.03659197890086205]
Accuracy: -1.0
[101, 59, 105, 197, 498]
[0.5445544554455446, 0.05084745762711865, 0.3619047619047619, 0.8934010152284264, 0.9959839357429718]
[0.18496173483254608, 0.3867550857634618, 0.2193127668480804, 0.09669043591558583, 0.03659197890086205]
FScore: -1.0
[101, 59, 105, 197, 498]
[0.45238095238095233, 0.09677419354838711, 0.4273504273504274, 0.8662420382165605, 0.9968847352024921]
[0.18496173483254608, 0.3867550857634618, 0.2193127668480804, 0.09669043591558583, 0.03659197890086205]
Matthews: -1.0
[101, 59, 105, 197, 498]
[0.20462350461645176, -0.9031195934094222, -0.2925008955185305, 0.7776840164277473, 0.9912732485850297]
[0.18496173483254608, 0.3867550857634618, 0.2193127668480804, 0.09669043591558583, 0.03659197890086205]

Analysis for phoneme (5400)
Precision: 0.9746794344808963
[661, 981, 2170, 732, 856]
[0.013377926421404682, 0.0, 0.0, 0.9954128440366973, 1.0]
[0.12735364207021682, 0.04040370645922762, 0.003965050125656699, 0.1514349364057038, 0.28503262896732595]
Recall: 0.5642880936468347
[661, 981, 2170, 732, 856]
[1.0, 0.0, 0.0, 0.8979310344827586, 0.594626168224299]
[0.12735364207021682, 0.04040370645922762, 0.003965050125656699, 0.1514349364057038, 0.28503262896732595]
Accuracy: -0.7000000000000001
[661, 981, 2170, 732, 856]
[0.5537065052950075, 0.9215086646279307, 0.9930875576036866, 0.894808743169399, 0.594626168224299]
[0.12735364207021682, 0.04040370645922762, 0.003965050125656699, 0.1514349364057038, 0.28503262896732595]
FScore: 0.872081599272381
[661, 981, 2170, 732, 856]
[0.026402640264026403, 0.0, 0.0, 0.9441624365482234, 0.7457875457875458]
[0.12735364207021682, 0.04040370645922762, 0.003965050125656699, 0.1514349364057038, 0.28503262896732595]
Matthews: 0.33541019662496846
[661, 981, 2170, 732, 856]
[0.08585508093997277, 0.0, 0.0, 0.14804289130140164, 0.0]
[0.12735364207021682, 0.04040370645922762, 0.003965050125656699, 0.1514349364057038, 0.28503262896732595]

Analysis for pima (700)
Precision: -0.6708203932499369
[117, 145, 137, 223, 78]
[0.03333333333333333, 1.0, 0.0, 1.0, 1.0]
[0.09344256198467182, 0.04641544482125517, 0.20132287806871849, 0.013942797069193972, 0.1054685924907713]
Recall: -0.9
[117, 145, 137, 223, 78]
[0.125, 0.8214285714285714, 0.0, 0.9596412556053812, 0.4935064935064935]
[0.09344256198467182, 0.04641544482125517, 0.20132287806871849, 0.013942797069193972, 0.1054685924907713]
Accuracy: -1.0
[117, 145, 137, 223, 78]
[0.6923076923076923, 0.8275862068965517, 0.35036496350364965, 0.9596412556053812, 0.5]
[0.09344256198467182, 0.04641544482125517, 0.20132287806871849, 0.013942797069193972, 0.1054685924907713]
FScore: -0.9
[117, 145, 137, 223, 78]
[0.052631578947368425, 0.9019607843137255, 0.0, 0.9794050343249427, 0.6608695652173914]
[0.09344256198467182, 0.04641544482125517, 0.20132287806871849, 0.013942797069193972, 0.1054685924907713]
Matthews: -0.5
[117, 145, 137, 223, 78]
[-0.08153172205953362, 0.37000643495047747, -0.16055459438389727, 0.0, 0.11107503021679686]
[0.09344256198467182, 0.04641544482125517, 0.20132287806871849, 0.013942797069193972, 0.1054685924907713]

Analysis for ring (7400)
Precision: -0.09999999999999983
[1740, 993, 926, 307, 3434]
[1.0, 0.017699115044247787, 0.9812834224598931, 0.029411764705882353, 0.9910536779324056]
[0.06164639324318836, 0.060888423878198566, 0.2204184663683571, 0.132345431439195, 0.017689219072639484]
Recall: -0.6708203932499369
[1740, 993, 926, 307, 3434]
[0.9655172413793104, 1.0, 0.39934711643090315, 1.0, 1.0]
[0.06164639324318836, 0.060888423878198566, 0.2204184663683571, 0.132345431439195, 0.017689219072639484]
Accuracy: -0.8
[1740, 993, 926, 307, 3434]
[0.9655172413793104, 0.8882175226586103, 0.3963282937365011, 0.3550488599348534, 0.9973791496796739]
[0.06164639324318836, 0.060888423878198566, 0.2204184663683571, 0.132345431439195, 0.017689219072639484]
FScore: -0.30000000000000004
[1740, 993, 926, 307, 3434]
[0.9824561403508771, 0.034782608695652174, 0.5676720804331012, 0.05714285714285715, 0.9955067398901647]
[0.06164639324318836, 0.060888423878198566, 0.2204184663683571, 0.132345431439195, 0.017689219072639484]
Matthews: -0.9
[1740, 993, 926, 307, 3434]
[0.0, 0.1253661488618926, -0.10602908218979279, 0.10032193634815931, 0.9936768348106662]
[0.06164639324318836, 0.060888423878198566, 0.2204184663683571, 0.132345431439195, 0.017689219072639484]

Analysis for spambase (4550)
Precision: -0.9
[300, 285, 2742, 323, 900]
[0.11875, 0.4605263157894737, 0.9990393852065321, 0.6146788990825688, 0.9287671232876712]
[0.2787154256807098, 0.13320110218204528, 0.014024712799217433, 0.14998425072727592, 0.05697533982373236]
Recall: -1.0
[300, 285, 2742, 323, 900]
[0.21348314606741572, 0.7446808510638298, 0.9900047596382675, 0.4855072463768116, 0.8805194805194805]
[0.2787154256807098, 0.13320110218204528, 0.014024712799217433, 0.14998425072727592, 0.05697533982373236]
Accuracy: -1.0
[300, 285, 2742, 323, 900]
[0.2966666666666667, 0.8140350877192982, 0.9916119620714807, 0.6501547987616099, 0.92]
[0.2787154256807098, 0.13320110218204528, 0.014024712799217433, 0.14998425072727592, 0.05697533982373236]
FScore: -1.0
[300, 285, 2742, 323, 900]
[0.15261044176706828, 0.5691056910569106, 0.9945015539086781, 0.5425101214574898, 0.904]
[0.2787154256807098, 0.13320110218204528, 0.014024712799217433, 0.14998425072727592, 0.05697533982373236]
Matthews: -1.0
[300, 285, 2742, 323, 900]
[-0.41638744926782956, 0.48035924674428887, 0.9770034514314231, 0.2704161250962077, 0.8363856274666439]
[0.2787154256807098, 0.13320110218204528, 0.014024712799217433, 0.14998425072727592, 0.05697533982373236]

Analysis for twonorm (7400)
Precision: -0.8944271909999159
[172, 2405, 485, 3155, 1183]
[0.13186813186813187, 1.0, 0.9628252788104089, 1.0, 1.0]
[0.1978885242463166, 0.01477864970764344, 0.09306853102031262, 0.003805406703948942, 0.03965385079951723]
Recall: -0.8944271909999159
[172, 2405, 485, 3155, 1183]
[0.16, 1.0, 0.9664179104477612, 1.0, 1.0]
[0.1978885242463166, 0.01477864970764344, 0.09306853102031262, 0.003805406703948942, 0.03965385079951723]
Accuracy: -0.8944271909999159
[172, 2405, 485, 3155, 1183]
[0.1744186046511628, 1.0, 0.9608247422680413, 1.0, 1.0]
[0.1978885242463166, 0.01477864970764344, 0.09306853102031262, 0.003805406703948942, 0.03965385079951723]
FScore: -0.8944271909999159
[172, 2405, 485, 3155, 1183]
[0.14457831325301204, 1.0, 0.9646182495344506, 1.0, 1.0]
[0.1978885242463166, 0.01477864970764344, 0.09306853102031262, 0.003805406703948942, 0.03965385079951723]
Matthews: -0.8944271909999159
[172, 2405, 485, 3155, 1183]
[-0.6501573506796066, 1.0, 0.9207466945420827, 1.0, 1.0]
[0.1978885242463166, 0.01477864970764344, 0.09306853102031262, 0.003805406703948942, 0.03965385079951723]

Analysis for wdbc (560)
Precision: 0.7071067811865476
[56, 58, 53, 38, 355]
[1.0, 1.0, 1.0, 1.0, 0.05555555555555555]
[0.04884262483852445, 0.026679327541099442, 0.015430756049508285, 0.006409313993627624, 0.001404807002430549]
Recall: -0.9746794344808963
[56, 58, 53, 38, 355]
[0.8214285714285714, 0.8793103448275862, 0.9811320754716981, 1.0, 1.0]
[0.04884262483852445, 0.026679327541099442, 0.015430756049508285, 0.006409313993627624, 0.001404807002430549]
Accuracy: -0.7000000000000001
[56, 58, 53, 38, 355]
[0.8214285714285714, 0.8793103448275862, 0.9811320754716981, 1.0, 0.952112676056338]
[0.04884262483852445, 0.026679327541099442, 0.015430756049508285, 0.006409313993627624, 0.001404807002430549]
FScore: 0.0
[56, 58, 53, 38, 355]
[0.9019607843137255, 0.9357798165137614, 0.9904761904761905, 1.0, 0.10526315789473684]
[0.04884262483852445, 0.026679327541099442, 0.015430756049508285, 0.006409313993627624, 0.001404807002430549]
Matthews: -0.7071067811865476
[56, 58, 53, 38, 355]
[0.0, 0.0, 0.0, 0.0, 0.22997311450712662]
[0.04884262483852445, 0.026679327541099442, 0.015430756049508285, 0.006409313993627624, 0.001404807002430549]
