MultiResolutionExperiment(5, 10, MultiResolutionTransform(40, 0.15))

Analysis for appendicitis (100)
Precision: -0.288675134594813
[1, 0, 77, 10, 12]
[0.0, 0.0, 1.0, 0.0, 1.0]
[0.3595113667320474, 0.0, 0.003323536884742268, 0.15525589809434748, 0.075317199503333]
Recall: -0.33541019662496846
[1, 0, 77, 10, 12]
[0.0, 0.0, 0.9868421052631579, 0.0, 0.25]
[0.3595113667320474, 0.0, 0.003323536884742268, 0.15525589809434748, 0.075317199503333]
Accuracy: -0.2051956704170307
[1, 0, 77, 10, 12]
[0.0, 0.0, 0.987012987012987, 0.1, 0.75]
[0.3595113667320474, 0.0, 0.003323536884742268, 0.15525589809434748, 0.075317199503333]
FScore: -0.33541019662496846
[1, 0, 77, 10, 12]
[0.0, 0.0, 0.9933774834437086, 0.0, 0.4]
[0.3595113667320474, 0.0, 0.003323536884742268, 0.15525589809434748, 0.075317199503333]
Matthews: -0.33541019662496846
[1, 0, 77, 10, 12]
[0.0, 0.0, 0.7024393586862705, 0.0, 0.42640143271122083]
[0.3595113667320474, 0.0, 0.003323536884742268, 0.15525589809434748, 0.075317199503333]

Analysis for banana (5300)
Precision: -0.9
[689, 980, 504, 2714, 413]
[0.9982363315696648, 0.9559748427672956, 0.725, 1.0, 0.003401360544217687]
[0.11724489766517289, 0.06150705364949174, 0.19375433408939458, 0.01674159220612855, 0.33838519392504385]
Recall: -0.9
[689, 980, 504, 2714, 413]
[0.8680981595092024, 1.0, 0.45549738219895286, 0.999468085106383, 0.02040816326530612]
[0.11724489766517289, 0.06150705364949174, 0.19375433408939458, 0.01674159220612855, 0.33838519392504385]
Accuracy: -1.0
[689, 980, 504, 2714, 413]
[0.8737300435413643, 0.9928571428571429, 0.7281746031746031, 0.9996315401621223, 0.17433414043583534]
[0.11724489766517289, 0.06150705364949174, 0.19375433408939458, 0.01674159220612855, 0.33838519392504385]
FScore: -1.0
[689, 980, 504, 2714, 413]
[0.9286300246103363, 0.977491961414791, 0.5594855305466238, 0.9997339718010109, 0.0058309037900874635]
[0.11724489766517289, 0.06150705364949174, 0.19375433408939458, 0.01674159220612855, 0.33838519392504385]
Matthews: -1.0
[689, 980, 504, 2714, 413]
[0.49669060161732226, 0.973597930279923, 0.39873342118164795, 0.9991351847171576, -0.5601636927172441]
[0.11724489766517289, 0.06150705364949174, 0.19375433408939458, 0.01674159220612855, 0.33838519392504385]

Analysis for breast-cancer-original (650)
Precision: 0.3535533905932738
[417, 119, 29, 60, 25]
[1.0, 0.0, 1.0, 1.0, 1.0]
[9.746887345591297E-4, 0.01226703692510633, 0.13300387004298628, 0.043214327349902534, 0.05345781326971134]
Recall: 0.0
[417, 119, 29, 60, 25]
[0.9927360774818402, 0.0, 0.09090909090909091, 0.5, 1.0]
[9.746887345591297E-4, 0.01226703692510633, 0.13300387004298628, 0.043214327349902534, 0.05345781326971134]
Accuracy: -0.30000000000000004
[417, 119, 29, 60, 25]
[0.9928057553956835, 0.9831932773109243, 0.6551724137931034, 0.9833333333333333, 1.0]
[9.746887345591297E-4, 0.01226703692510633, 0.13300387004298628, 0.043214327349902534, 0.05345781326971134]
FScore: 0.0
[417, 119, 29, 60, 25]
[0.9963547995139732, 0.0, 0.16666666666666669, 0.6666666666666666, 1.0]
[9.746887345591297E-4, 0.01226703692510633, 0.13300387004298628, 0.043214327349902534, 0.05345781326971134]
Matthews: 0.0
[417, 119, 29, 60, 25]
[0.7531784373978397, 0.0, 0.24174688920761409, 0.7010887416930994, 1.0]
[9.746887345591297E-4, 0.01226703692510633, 0.13300387004298628, 0.043214327349902534, 0.05345781326971134]

Analysis for mammographic-masses (960)
Precision: -0.9
[108, 58, 101, 178, 515]
[0.3492063492063492, 0.10344827586206896, 0.43103448275862066, 0.8533333333333334, 0.9968944099378882]
[0.18540262742409275, 0.38324552196551126, 0.20476138185199239, 0.08543195001913703, 0.03264477230777974]
Recall: -1.0
[108, 58, 101, 178, 515]
[0.7333333333333333, 0.09375, 0.45454545454545453, 0.8421052631578947, 0.9968944099378882]
[0.18540262742409275, 0.38324552196551126, 0.20476138185199239, 0.08543195001913703, 0.03264477230777974]
Accuracy: -1.0
[108, 58, 101, 178, 515]
[0.5462962962962963, 0.05172413793103448, 0.37623762376237624, 0.8707865168539326, 0.996116504854369]
[0.18540262742409275, 0.38324552196551126, 0.20476138185199239, 0.08543195001913703, 0.03264477230777974]
FScore: -1.0
[108, 58, 101, 178, 515]
[0.4731182795698924, 0.09836065573770493, 0.44247787610619466, 0.847682119205298, 0.9968944099378882]
[0.18540262742409275, 0.38324552196551126, 0.20476138185199239, 0.08543195001913703, 0.03264477230777974]
Matthews: -1.0
[108, 58, 101, 178, 515]
[0.18869127060994528, -0.9013878188659973, -0.26473609600638087, 0.7355441831666334, 0.9917130627876292]
[0.18540262742409275, 0.38324552196551126, 0.20476138185199239, 0.08543195001913703, 0.03264477230777974]

Analysis for phoneme (5400)
Precision: 0.9
[456, 665, 2885, 715, 679]
[0.2210144927536232, 0.5224489795918368, 0.0, 0.9900497512437811, 0.9973614775725593]
[0.14203531192973418, 0.07298208018394682, 0.009045082154948562, 0.1582953778343977, 0.28371719865826617]
Recall: 0.0
[456, 665, 2885, 715, 679]
[0.8714285714285714, 0.9624060150375939, 0.0, 0.8480113636363636, 0.5575221238938053]
[0.14203531192973418, 0.07298208018394682, 0.009045082154948562, 0.1582953778343977, 0.28371719865826617]
Accuracy: -0.5
[456, 665, 2885, 715, 679]
[0.5087719298245614, 0.8165413533834587, 0.9823223570190641, 0.8419580419580419, 0.5567010309278351]
[0.14203531192973418, 0.07298208018394682, 0.009045082154948562, 0.1582953778343977, 0.28371719865826617]
FScore: 0.8
[456, 665, 2885, 715, 679]
[0.35260115606936415, 0.6772486772486772, 0.0, 0.9135424636572304, 0.7152317880794702]
[0.14203531192973418, 0.07298208018394682, 0.009045082154948562, 0.1582953778343977, 0.28371719865826617]
Matthews: -0.39999999999999997
[456, 665, 2885, 715, 679]
[0.23188947525827514, 0.6156861903086928, 0.0, 0.102452355794726, -0.03416852059648606]
[0.14203531192973418, 0.07298208018394682, 0.009045082154948562, 0.1582953778343977, 0.28371719865826617]

Analysis for pima (700)
Precision: -0.7181848464596079
[89, 98, 72, 311, 130]
[0.0, 0.05555555555555555, 0.021739130434782608, 1.0, 1.0]
[0.13796299873076154, 0.06545096438845653, 0.20744449598657078, 0.017444085602381358, 0.07795700139914032]
Recall: -0.5
[89, 98, 72, 311, 130]
[0.0, 0.1, 0.3333333333333333, 0.9385113268608414, 0.6031746031746031]
[0.13796299873076154, 0.06545096438845653, 0.20744449598657078, 0.017444085602381358, 0.07795700139914032]
Accuracy: -1.0
[89, 98, 72, 311, 130]
[0.3707865168539326, 0.7346938775510204, 0.3472222222222222, 0.9389067524115756, 0.6153846153846154]
[0.13796299873076154, 0.06545096438845653, 0.20744449598657078, 0.017444085602381358, 0.07795700139914032]
FScore: -0.8
[89, 98, 72, 311, 130]
[0.0, 0.07142857142857142, 0.04081632653061224, 0.9682804674457429, 0.7524752475247524]
[0.13796299873076154, 0.06545096438845653, 0.20744449598657078, 0.017444085602381358, 0.07795700139914032]
Matthews: -0.8
[89, 98, 72, 311, 130]
[-0.18832944617230335, -0.07284357808816691, -0.1326456990973374, 0.2989682777981703, 0.21137549582474263]
[0.13796299873076154, 0.06545096438845653, 0.20744449598657078, 0.017444085602381358, 0.07795700139914032]

Analysis for ring (7400)
Precision: -0.30000000000000004
[1431, 735, 577, 818, 3839]
[0.9985855728429985, 0.011857707509881422, 0.8623188405797102, 0.9712556732223904, 0.9615806805708014]
[0.03425662375426985, 0.09083523144274162, 0.23756468715141627, 0.11351215815064625, 0.018305959544122744]
Recall: -0.8207826816681233
[1431, 735, 577, 818, 3839]
[0.9881035689293212, 1.0, 0.2132616487455197, 0.8045112781954887, 1.0]
[0.03425662375426985, 0.09083523144274162, 0.23756468715141627, 0.11351215815064625, 0.018305959544122744]
Accuracy: -0.9
[1431, 735, 577, 818, 3839]
[0.986722571628232, 0.6598639455782312, 0.20623916811091855, 0.7860635696821516, 0.9908830424589737]
[0.03425662375426985, 0.09083523144274162, 0.23756468715141627, 0.11351215815064625, 0.018305959544122744]
FScore: -0.6
[1431, 735, 577, 818, 3839]
[0.9933169187478015, 0.0234375, 0.34195402298850575, 0.8800548320767649, 0.9804141018466704]
[0.03425662375426985, 0.09083523144274162, 0.23756468715141627, 0.11351215815064625, 0.018305959544122744]
Matthews: -0.9
[1431, 735, 577, 818, 3839]
[-0.004102028178567707, 0.08836257135274789, -0.32911859315621184, -0.05705519788142871, 0.9747933887563975]
[0.03425662375426985, 0.09083523144274162, 0.23756468715141627, 0.11351215815064625, 0.018305959544122744]

Analysis for spambase (4550)
Precision: -1.0
[269, 325, 2816, 276, 864]
[0.11486486486486487, 0.5471698113207547, 0.9985583853916387, 0.4823529411764706, 0.9301075268817204]
[0.26364815463802893, 0.11341064226625784, 0.010710790930090216, 0.14981832631749203, 0.05177198937843754]
Recall: -1.0
[269, 325, 2816, 276, 864]
[0.20481927710843373, 0.7631578947368421, 0.9909394372913686, 0.3942307692307692, 0.865]
[0.26364815463802893, 0.11341064226625784, 0.010710790930090216, 0.14981832631749203, 0.05177198937843754]
Accuracy: -1.0
[269, 325, 2816, 276, 864]
[0.26765799256505574, 0.796923076923077, 0.9921875, 0.6123188405797102, 0.9074074074074074]
[0.26364815463802893, 0.11341064226625784, 0.010710790930090216, 0.14981832631749203, 0.05177198937843754]
FScore: -1.0
[269, 325, 2816, 276, 864]
[0.1471861471861472, 0.6373626373626373, 0.9947343226424127, 0.43386243386243384, 0.8963730569948186]
[0.26364815463802893, 0.11341064226625784, 0.010710790930090216, 0.14981832631749203, 0.05177198937843754]
Matthews: -1.0
[269, 325, 2816, 276, 864]
[-0.46375824297821255, 0.5149925588997084, 0.9797122924099922, 0.14529263521509672, 0.8146385814213326]
[0.26364815463802893, 0.11341064226625784, 0.010710790930090216, 0.14981832631749203, 0.05177198937843754]

Analysis for twonorm (7400)
Precision: -0.8944271909999159
[150, 2160, 404, 3682, 1004]
[0.07792207792207792, 1.0, 0.92, 1.0, 1.0]
[0.19329655827138537, 0.012022619702633556, 0.09144197899716491, 0.0022586286894048023, 0.036831472951501444]
Recall: -0.8944271909999159
[150, 2160, 404, 3682, 1004]
[0.08823529411764706, 1.0, 0.9539170506912442, 1.0, 1.0]
[0.19329655827138537, 0.012022619702633556, 0.09144197899716491, 0.0022586286894048023, 0.036831472951501444]
Accuracy: -0.8944271909999159
[150, 2160, 404, 3682, 1004]
[0.11333333333333333, 1.0, 0.9306930693069307, 1.0, 1.0]
[0.19329655827138537, 0.012022619702633556, 0.09144197899716491, 0.0022586286894048023, 0.036831472951501444]
FScore: -0.8944271909999159
[150, 2160, 404, 3682, 1004]
[0.08275862068965519, 1.0, 0.9366515837104072, 1.0, 1.0]
[0.19329655827138537, 0.012022619702633556, 0.09144197899716491, 0.0022586286894048023, 0.036831472951501444]
Matthews: -0.8944271909999159
[150, 2160, 404, 3682, 1004]
[-0.7744994226286493, 1.0, 0.8608911371159642, 1.0, 1.0]
[0.19329655827138537, 0.012022619702633556, 0.09144197899716491, 0.0022586286894048023, 0.036831472951501444]

Analysis for wdbc (560)
Precision: 0.4472135954999579
[49, 1, 77, 76, 357]
[1.0, 0.0, 1.0, 1.0, 0.2]
[0.03975569094636896, 0.010744021113826498, 0.0194143964270476, 0.007421476556351001, 9.227153022851088E-4]
Recall: -0.7000000000000001
[49, 1, 77, 76, 357]
[0.7959183673469388, 0.0, 0.9090909090909091, 0.9868421052631579, 1.0]
[0.03975569094636896, 0.010744021113826498, 0.0194143964270476, 0.007421476556351001, 9.227153022851088E-4]
Accuracy: -0.6
[49, 1, 77, 76, 357]
[0.7959183673469388, 0.0, 0.9090909090909091, 0.9868421052631579, 0.9551820728291317]
[0.03975569094636896, 0.010744021113826498, 0.0194143964270476, 0.007421476556351001, 9.227153022851088E-4]
FScore: 0.09999999999999983
[49, 1, 77, 76, 357]
[0.8863636363636364, 0.0, 0.9523809523809523, 0.9933774834437086, 0.33333333333333337]
[0.03975569094636896, 0.010744021113826498, 0.0194143964270476, 0.007421476556351001, 9.227153022851088E-4]
Matthews: -0.7071067811865476
[49, 1, 77, 76, 357]
[0.0, 0.0, 0.0, 0.0, 0.4369609183813062]
[0.03975569094636896, 0.010744021113826498, 0.0194143964270476, 0.007421476556351001, 9.227153022851088E-4]
