MultiResolutionExperiment(3, 10, MultiResolutionTransform(10, 0.25))

Analysis for appendicitis (100)
Precision: -0.8660254037844386
[20, 76, 4]
[0.0, 1.0, 1.0]
[0.1911368594344754, 0.005405198413525839, 0.11921933670188056]
Recall: -1.0
[20, 76, 4]
[0.0, 0.9868421052631579, 0.25]
[0.1911368594344754, 0.005405198413525839, 0.11921933670188056]
Accuracy: -0.5
[20, 76, 4]
[0.5, 0.9868421052631579, 0.25]
[0.1911368594344754, 0.005405198413525839, 0.11921933670188056]
FScore: -1.0
[20, 76, 4]
[0.0, 0.9933774834437086, 0.4]
[0.1911368594344754, 0.005405198413525839, 0.11921933670188056]
Matthews: NaN
[20, 76, 4]
[0.0, 0.0, 0.0]
[0.1911368594344754, 0.005405198413525839, 0.11921933670188056]

Analysis for banana (5300)
Precision: -1.0
[632, 2900, 1768]
[0.041791044776119404, 1.0, 0.98]
[0.3464681994790878, 0.0443880690822123, 0.13960129044132943]
Recall: -1.0
[632, 2900, 1768]
[0.11570247933884298, 0.9936492427943332, 0.8425925925925926]
[0.3464681994790878, 0.0443880690822123, 0.13960129044132943]
Accuracy: -1.0
[632, 2900, 1768]
[0.3227848101265823, 0.9955172413793103, 0.9253393665158371]
[0.3464681994790878, 0.0443880690822123, 0.13960129044132943]
FScore: -1.0
[632, 2900, 1768]
[0.061403508771929835, 0.9968145062484686, 0.9061166429587482]
[0.3464681994790878, 0.0443880690822123, 0.13960129044132943]
Matthews: -1.0
[632, 2900, 1768]
[-0.4039962747021593, 0.98930937028954, 0.8513715436037175]
[0.3464681994790878, 0.0443880690822123, 0.13960129044132943]

Analysis for breast-cancer-original (650)
Precision: NaN
[416, 50, 184]
[1.0, 1.0, 1.0]
[0.0013973344248021462, 0.14182605951603672, 0.03975693958543312]
Recall: -0.5
[416, 50, 184]
[0.9855769230769231, 0.09090909090909091, 1.0]
[0.0013973344248021462, 0.14182605951603672, 0.03975693958543312]
Accuracy: -0.5
[416, 50, 184]
[0.9855769230769231, 0.8, 1.0]
[0.0013973344248021462, 0.14182605951603672, 0.03975693958543312]
FScore: -0.5
[416, 50, 184]
[0.9927360774818402, 0.16666666666666669, 1.0]
[0.0013973344248021462, 0.14182605951603672, 0.03975693958543312]
Matthews: 0.5
[416, 50, 184]
[0.0, 0.2689911061975062, 1.0]
[0.0013973344248021462, 0.14182605951603672, 0.03975693958543312]

Analysis for mammographic-masses (960)
Precision: -1.0
[136, 524, 300]
[0.22784810126582278, 0.9969512195121951, 0.6428571428571429]
[0.3459620423298199, 0.045067534212815404, 0.15618403971897518]
Recall: -1.0
[136, 524, 300]
[0.2571428571428571, 0.993920972644377, 0.7758620689655172]
[0.3459620423298199, 0.045067534212815404, 0.15618403971897518]
Accuracy: -1.0
[136, 524, 300]
[0.16911764705882354, 0.9942748091603053, 0.7466666666666667]
[0.3459620423298199, 0.045067534212815404, 0.15618403971897518]
FScore: -1.0
[136, 524, 300]
[0.24161073825503354, 0.995433789954338, 0.703125]
[0.3459620423298199, 0.045067534212815404, 0.15618403971897518]
Matthews: -1.0
[136, 524, 300]
[-0.6757105086460854, 0.9877694231461986, 0.4920965905199616]
[0.3459620423298199, 0.045067534212815404, 0.15618403971897518]

Analysis for phoneme (5400)
Precision: 1.0
[1067, 3188, 1145]
[0.5970802919708029, 0.0, 1.0]
[0.15187492313776624, 0.019812872857727017, 0.31096325642272377]
Recall: 0.5
[1067, 3188, 1145]
[0.9295454545454546, 0.0, 0.6593886462882096]
[0.15187492313776624, 0.019812872857727017, 0.31096325642272377]
Accuracy: -1.0
[1067, 3188, 1145]
[0.7122774133083412, 0.9642409033877039, 0.6593886462882096]
[0.15187492313776624, 0.019812872857727017, 0.31096325642272377]
FScore: 1.0
[1067, 3188, 1145]
[0.7271111111111112, 0.0, 0.7947368421052632]
[0.15187492313776624, 0.019812872857727017, 0.31096325642272377]
Matthews: 0.0
[1067, 3188, 1145]
[0.5024656106987739, 0.0, 0.0]
[0.15187492313776624, 0.019812872857727017, 0.31096325642272377]

Analysis for pima (700)
Precision: -1.0
[148, 146, 406]
[0.34285714285714286, 0.0, 1.0]
[0.11905674105175482, 0.24072516056094417, 0.04115686134650405]
Recall: -1.0
[148, 146, 406]
[0.27906976744186046, 0.0, 0.8811881188118812]
[0.11905674105175482, 0.24072516056094417, 0.04115686134650405]
Accuracy: -1.0
[148, 146, 406]
[0.6351351351351351, 0.3424657534246575, 0.8817733990147784]
[0.11905674105175482, 0.24072516056094417, 0.04115686134650405]
FScore: -1.0
[148, 146, 406]
[0.3076923076923077, 0.0, 0.9368421052631579]
[0.11905674105175482, 0.24072516056094417, 0.04115686134650405]
Matthews: -1.0
[148, 146, 406]
[0.06413087561613275, -0.19186517234614042, 0.18774324156271313]
[0.11905674105175482, 0.24072516056094417, 0.04115686134650405]

Analysis for ring (7400)
Precision: 0.5
[993, 4441, 1966]
[0.9006928406466512, 0.80893536121673, 0.9571881606765328]
[0.2606365644380959, 0.03785837318059055, 0.0803911712605531]
Recall: -1.0
[993, 4441, 1966]
[0.4118268215417107, 1.0, 0.9705251875669882]
[0.2606365644380959, 0.03785837318059055, 0.0803911712605531]
Accuracy: -1.0
[993, 4441, 1966]
[0.3957703927492447, 0.9547399234406665, 0.930824008138352]
[0.2606365644380959, 0.03785837318059055, 0.0803911712605531]
FScore: -0.5
[993, 4441, 1966]
[0.5652173913043479, 0.8943772990015765, 0.9638105375199575]
[0.2606365644380959, 0.03785837318059055, 0.0803911712605531]
Matthews: -1.0
[993, 4441, 1966]
[-0.22165672746365975, 0.8738672634879742, 0.1853201230303461]
[0.2606365644380959, 0.03785837318059055, 0.0803911712605531]

Analysis for spambase (4550)
Precision: -1.0
[519, 955, 3076]
[0.20253164556962025, 0.7964285714285714, 0.9973626373626374]
[0.27939048655225585, 0.10720425960309504, 0.022237294920854057]
Recall: -1.0
[519, 955, 3076]
[0.3221476510067114, 0.724025974025974, 0.9852366478506296]
[0.27939048655225585, 0.10720425960309504, 0.022237294920854057]
Accuracy: -1.0
[519, 955, 3076]
[0.441233140655106, 0.8513089005235602, 0.9869960988296489]
[0.27939048655225585, 0.10720425960309504, 0.022237294920854057]
FScore: -1.0
[519, 955, 3076]
[0.24870466321243526, 0.7585034013605441, 0.9912625600698995]
[0.27939048655225585, 0.10720425960309504, 0.022237294920854057]
Matthews: -1.0
[519, 955, 3076]
[-0.17134931514731805, 0.65298604376829, 0.9661293473608045]
[0.27939048655225585, 0.10720425960309504, 0.022237294920854057]

Analysis for twonorm (7400)
Precision: -0.8660254037844386
[2128, 4829, 443]
[1.0, 1.0, 0.6244725738396625]
[0.04766167353142129, 0.010119762286434823, 0.17243975261658467]
Recall: -0.8660254037844386
[2128, 4829, 443]
[1.0, 1.0, 0.6727272727272727]
[0.04766167353142129, 0.010119762286434823, 0.17243975261658467]
Accuracy: -0.8660254037844386
[2128, 4829, 443]
[1.0, 1.0, 0.636568848758465]
[0.04766167353142129, 0.010119762286434823, 0.17243975261658467]
FScore: -0.8660254037844386
[2128, 4829, 443]
[1.0, 1.0, 0.6477024070021882]
[0.04766167353142129, 0.010119762286434823, 0.17243975261658467]
Matthews: -0.8660254037844386
[2128, 4829, 443]
[1.0, 1.0, 0.2742902613919344]
[0.04766167353142129, 0.010119762286434823, 0.17243975261658467]

Analysis for wdbc (560)
Precision: 0.8660254037844386
[119, 87, 354]
[1.0, 1.0, 0.0]
[0.05791291177717912, 0.02142104716426226, 0.0023044003335171226]
Recall: 0.5
[119, 87, 354]
[0.8571428571428571, 0.9885057471264368, 0.0]
[0.05791291177717912, 0.02142104716426226, 0.0023044003335171226]
Accuracy: -0.5
[119, 87, 354]
[0.8571428571428571, 0.9885057471264368, 0.9519774011299436]
[0.05791291177717912, 0.02142104716426226, 0.0023044003335171226]
FScore: 0.5
[119, 87, 354]
[0.923076923076923, 0.9942196531791908, 0.0]
[0.05791291177717912, 0.02142104716426226, 0.0023044003335171226]
Matthews: NaN
[119, 87, 354]
[0.0, 0.0, 0.0]
[0.05791291177717912, 0.02142104716426226, 0.0023044003335171226]
