MultiResolutionExperiment(4, 10, MultiResolutionTransform(50, 0.15)

Analysis for appendicitis (100)
Precision: -0.4472135954999579
[1, 15, 7, 77]
[1.0, 0.0, 0.0, 1.0]
[0.12756976114700883, 0.04476550834378775, 0.22965170916479175, 0.003969152097106022]
Recall: -0.210818510677892
[1, 15, 7, 77]
[1.0, 0.0, 0.0, 0.9868421052631579]
[0.12756976114700883, 0.04476550834378775, 0.22965170916479175, 0.003969152097106022]
Accuracy: -0.39999999999999997
[1, 15, 7, 77]
[1.0, 0.5333333333333333, 0.14285714285714285, 0.987012987012987]
[0.12756976114700883, 0.04476550834378775, 0.22965170916479175, 0.003969152097106022]
FScore: -0.210818510677892
[1, 15, 7, 77]
[1.0, 0.0, 0.0, 0.9933774834437086]
[0.12756976114700883, 0.04476550834378775, 0.22965170916479175, 0.003969152097106022]
Matthews: -0.31622776601683794
[1, 15, 7, 77]
[0.0, -0.30151134457776363, 0.0, 0.7024393586862705]
[0.12756976114700883, 0.04476550834378775, 0.22965170916479175, 0.003969152097106022]

Analysis for banana (5300)
Precision: -0.8
[2558, 1499, 471, 772]
[0.9963525835866262, 0.9974874371859297, 0.0032258064516129032, 0.9365671641791045]
[0.013071418340401193, 0.06653240431981751, 0.32264951362046335, 0.16870929155748368]
Recall: -1.0
[2558, 1499, 471, 772]
[0.999390243902439, 0.9778325123152709, 0.016129032258064516, 0.6121951219512195]
[0.013071418340401193, 0.06653240431981751, 0.32264951362046335, 0.16870929155748368]
Accuracy: -1.0
[2558, 1499, 471, 772]
[0.9972634870992964, 0.9866577718478986, 0.21443736730360935, 0.772020725388601]
[0.013071418340401193, 0.06653240431981751, 0.32264951362046335, 0.16870929155748368]
FScore: -1.0
[2558, 1499, 471, 772]
[0.997869101978691, 0.9875621890547264, 0.005376344086021505, 0.7404129793510325]
[0.013071418340401193, 0.06653240431981751, 0.32264951362046335, 0.16870929155748368]
Matthews: -1.0
[2558, 1499, 471, 772]
[0.99405506864651, 0.9734009091826911, -0.5270196708043975, 0.5925045221074062]
[0.013071418340401193, 0.06653240431981751, 0.32264951362046335, 0.16870929155748368]

Analysis for breast-cancer-original (650)
Precision: -0.7745966692414835
[579, 44, 14, 13]
[1.0, 1.0, 0.0, 1.0]
[6.241925851121224E-4, 0.026629121518837593, 0.13551237180077663, 0.07657542192673276]
Recall: -0.8000000000000002
[579, 44, 14, 13]
[0.9927536231884058, 0.16666666666666666, 0.0, 0.25]
[6.241925851121224E-4, 0.026629121518837593, 0.13551237180077663, 0.07657542192673276]
Accuracy: -1.0
[579, 44, 14, 13]
[0.9948186528497409, 0.8863636363636364, 0.6428571428571429, 0.7692307692307693]
[6.241925851121224E-4, 0.026629121518837593, 0.13551237180077663, 0.07657542192673276]
FScore: -0.8000000000000002
[579, 44, 14, 13]
[0.9963636363636363, 0.2857142857142857, 0.0, 0.4]
[6.241925851121224E-4, 0.026629121518837593, 0.13551237180077663, 0.07657542192673276]
Matthews: -0.8000000000000002
[579, 44, 14, 13]
[0.987433987625089, 0.383779652542219, 0.0, 0.4330127018922193]
[6.241925851121224E-4, 0.026629121518837593, 0.13551237180077663, 0.07657542192673276]

Analysis for mammographic-masses (960)
Precision: -1.0
[115, 125, 500, 220]
[0.35384615384615387, 0.28169014084507044, 0.990990990990991, 0.7948717948717948]
[0.17549124355645976, 0.30605930949099597, 0.030653458530574336, 0.08500730127146498]
Recall: -0.8000000000000002
[115, 125, 500, 220]
[0.7931034482758621, 0.273972602739726, 0.9880239520958084, 0.7848101265822784]
[0.17549124355645976, 0.30605930949099597, 0.030653458530574336, 0.08500730127146498]
Accuracy: -1.0
[115, 125, 500, 220]
[0.5826086956521739, 0.168, 0.986, 0.85]
[0.17549124355645976, 0.30605930949099597, 0.030653458530574336, 0.08500730127146498]
FScore: -1.0
[115, 125, 500, 220]
[0.48936170212765956, 0.27777777777777773, 0.9895052473763118, 0.7898089171974522]
[0.17549124355645976, 0.30605930949099597, 0.030653458530574336, 0.08500730127146498]
Matthews: -1.0
[115, 125, 500, 220]
[0.26694616570040475, -0.7032852620992863, 0.9684941840348035, 0.6732415098724694]
[0.17549124355645976, 0.30605930949099597, 0.030653458530574336, 0.08500730127146498]

Analysis for phoneme (5400)
Precision: 0.8
[717, 1000, 3029, 654]
[0.9610169491525423, 0.3731958762886598, 0.4166666666666667, 1.0]
[0.1629999530768566, 0.09485568152302533, 0.01064289519953194, 0.28393214113954307]
Recall: -1.0
[717, 1000, 3029, 654]
[0.8313782991202346, 0.8916256157635468, 0.9782608695652174, 0.5672782874617737]
[0.1629999530768566, 0.09485568152302533, 0.01064289519953194, 0.28393214113954307]
Accuracy: -0.8
[717, 1000, 3029, 654]
[0.8075313807531381, 0.674, 0.978870914493232, 0.5672782874617737]
[0.1629999530768566, 0.09485568152302533, 0.01064289519953194, 0.28393214113954307]
FScore: 0.6
[717, 1000, 3029, 654]
[0.8915094339622641, 0.5261627906976745, 0.5844155844155845, 0.7239024390243902]
[0.1629999530768566, 0.09485568152302533, 0.01064289519953194, 0.28393214113954307]
Matthews: -1.0
[717, 1000, 3029, 654]
[0.0983410508074213, 0.4106190637147371, 0.6312536367292363, 0.0]
[0.1629999530768566, 0.09485568152302533, 0.01064289519953194, 0.28393214113954307]

Analysis for pima (700)
Precision: -1.0
[149, 99, 94, 358]
[0.9733333333333334, 0.0, 0.05714285714285714, 0.973421926910299]
[0.07019324708719092, 0.21330234631974115, 0.09451295777281896, 0.01840118187347776]
Recall: -1.0
[149, 99, 94, 358]
[0.584, 0.0, 0.25, 0.9242902208201893]
[0.07019324708719092, 0.21330234631974115, 0.09451295777281896, 0.01840118187347776]
Accuracy: -1.0
[149, 99, 94, 358]
[0.6375838926174496, 0.26262626262626265, 0.5851063829787234, 0.9106145251396648]
[0.07019324708719092, 0.21330234631974115, 0.09451295777281896, 0.01840118187347776]
FScore: -1.0
[149, 99, 94, 358]
[0.73, 0.0, 0.09302325581395347, 0.948220064724919]
[0.07019324708719092, 0.21330234631974115, 0.09451295777281896, 0.01840118187347776]
Matthews: -0.8
[149, 99, 94, 358]
[0.36809745412829975, 0.0, -0.0771851193846893, 0.6346417597805135]
[0.07019324708719092, 0.21330234631974115, 0.09451295777281896, 0.01840118187347776]

Analysis for ring (7400)
Precision: -0.39999999999999997
[1554, 556, 743, 4547]
[0.7194835680751174, 0.8688524590163934, 0.9117147707979627, 0.9900771775082691]
[0.06462164072084065, 0.26609764966828503, 0.11902124916932595, 0.017621939996230136]
Recall: -1.0
[1554, 556, 743, 4547]
[0.9776714513556619, 0.1962962962962963, 0.7805232558139535, 0.9928137092316197]
[0.06462164072084065, 0.26609764966828503, 0.11902124916932595, 0.017621939996230136]
Accuracy: -1.0
[1554, 556, 743, 4547]
[0.8371943371943372, 0.1906474820143885, 0.7267833109017496, 0.993182318011876]
[0.06462164072084065, 0.26609764966828503, 0.11902124916932595, 0.017621939996230136]
FScore: -0.8
[1554, 556, 743, 4547]
[0.8289384719405004, 0.3202416918429003, 0.841033672670321, 0.9914435550648633]
[0.06462164072084065, 0.26609764966828503, 0.11902124916932595, 0.017621939996230136]
Matthews: -1.0
[1554, 556, 743, 4547]
[0.7096228786296153, -0.32465945915706484, -0.10652722425613331, 0.9857799265847398]
[0.06462164072084065, 0.26609764966828503, 0.11902124916932595, 0.017621939996230136]

Analysis for spambase (4550)
Precision: -1.0
[405, 1520, 631, 1994]
[0.10052910052910052, 0.9763257575757576, 0.6111111111111112, 0.9943701618578465]
[0.28399748132548225, 0.053429871665780164, 0.14210642768843948, 0.007202449029999893]
Recall: -1.0
[405, 1520, 631, 1994]
[0.2289156626506024, 0.9381255686988171, 0.5133333333333333, 0.9894957983193278]
[0.28399748132548225, 0.053429871665780164, 0.14210642768843948, 0.007202449029999893]
Accuracy: -1.0
[405, 1520, 631, 1994]
[0.4222222222222222, 0.9388157894736842, 0.8066561014263075, 0.9884653961885657]
[0.28399748132548225, 0.053429871665780164, 0.14210642768843948, 0.007202449029999893]
FScore: -1.0
[405, 1520, 631, 1994]
[0.13970588235294115, 0.9568445475638052, 0.5579710144927537, 0.9919269919269919]
[0.28399748132548225, 0.053429871665780164, 0.14210642768843948, 0.007202449029999893]
Matthews: -1.0
[405, 1520, 631, 1994]
[-0.24195283519367763, 0.853907632315077, 0.43814431714186364, 0.9717702254358215]
[0.28399748132548225, 0.053429871665780164, 0.14210642768843948, 0.007202449029999893]

Analysis for twonorm (7400)
Precision: -1.0
[246, 4356, 2056, 742]
[0.32786885245901637, 1.0, 0.9990089197224975, 0.9852941176470589]
[0.1710794553560436, 0.0029888386716699447, 0.01868096021904067, 0.0629253938219283]
Recall: -0.9486832980505139
[246, 4356, 2056, 742]
[0.37037037037037035, 1.0, 1.0, 0.9901477832512315]
[0.1710794553560436, 0.0029888386716699447, 0.01868096021904067, 0.0629253938219283]
Accuracy: -1.0
[246, 4356, 2056, 742]
[0.3902439024390244, 1.0, 0.9995136186770428, 0.9865229110512129]
[0.1710794553560436, 0.0029888386716699447, 0.01868096021904067, 0.0629253938219283]
FScore: -1.0
[246, 4356, 2056, 742]
[0.3478260869565217, 1.0, 0.9995042141794744, 0.9877149877149877]
[0.1710794553560436, 0.0029888386716699447, 0.01868096021904067, 0.0629253938219283]
Matthews: -1.0
[246, 4356, 2056, 742]
[-0.22216920609067123, 1.0, 0.9990273604544087, 0.9728042194282623]
[0.1710794553560436, 0.0029888386716699447, 0.01868096021904067, 0.0629253938219283]

Analysis for wdbc (560)
Precision: 0.9486832980505138
[23, 50, 442, 45]
[1.0, 1.0, 0.8431372549019608, 0.9767441860465116]
[0.09309882018181818, 0.040571758642654034, 0.0021765691357778184, 0.011072617573591688]
Recall: -1.0
[23, 50, 442, 45]
[0.6956521739130435, 0.88, 0.9662921348314607, 0.9545454545454546]
[0.09309882018181818, 0.040571758642654034, 0.0021765691357778184, 0.011072617573591688]
Accuracy: -1.0
[23, 50, 442, 45]
[0.6956521739130435, 0.88, 0.9570135746606335, 0.9333333333333333]
[0.09309882018181818, 0.040571758642654034, 0.0021765691357778184, 0.011072617573591688]
FScore: -0.4
[23, 50, 442, 45]
[0.8205128205128205, 0.9361702127659575, 0.900523560209424, 0.9655172413793104]
[0.09309882018181818, 0.040571758642654034, 0.0021765691357778184, 0.011072617573591688]
Matthews: -0.31622776601683794
[23, 50, 442, 45]
[0.0, 0.0, 0.8765699466409684, -0.03251280443811776]
[0.09309882018181818, 0.040571758642654034, 0.0021765691357778184, 0.011072617573591688]
