MultiResolutionExperiment(4, 10, MultiResolutionTransform(50, 0.10))

Analysis for appendicitis (100)
Precision: -0.9486832980505138
[13, 7, 10, 70]
[0.5, 1.0, 0.0, 1.0]
[0.039401880990877935, 0.019025604043474465, 0.14238957351052575, 8.143965647427505E-4]
Recall: -0.8
[13, 7, 10, 70]
[0.25, 1.0, 0.0, 0.9855072463768116]
[0.039401880990877935, 0.019025604043474465, 0.14238957351052575, 8.143965647427505E-4]
Accuracy: -0.8
[13, 7, 10, 70]
[0.6923076923076923, 1.0, 0.1, 0.9857142857142858]
[0.039401880990877935, 0.019025604043474465, 0.14238957351052575, 8.143965647427505E-4]
FScore: -0.8
[13, 7, 10, 70]
[0.3333333333333333, 1.0, 0.0, 0.9927007299270074]
[0.039401880990877935, 0.019025604043474465, 0.14238957351052575, 8.143965647427505E-4]
Matthews: -0.6324555320336759
[13, 7, 10, 70]
[0.17766726362967536, 0.0, 0.0, 0.7019641181630338]
[0.039401880990877935, 0.019025604043474465, 0.14238957351052575, 8.143965647427505E-4]

Analysis for banana (5300)
Precision: -1.0
[2635, 743, 453, 1469]
[1.0, 0.9139072847682119, 0.009900990099009901, 0.9869067103109657]
[0.009560108387339472, 0.16485698223351827, 0.31973646967672065, 0.05611750995106135]
Recall: -1.0
[2635, 743, 453, 1469]
[0.9994456762749445, 0.631578947368421, 0.04477611940298507, 0.9788961038961039]
[0.009560108387339472, 0.16485698223351827, 0.31973646967672065, 0.05611750995106135]
Accuracy: -1.0
[2635, 743, 453, 1469]
[0.9996204933586338, 0.7483176312247645, 0.19646799116997793, 0.9857045609257998]
[0.009560108387339472, 0.16485698223351827, 0.31973646967672065, 0.05611750995106135]
FScore: -1.0
[2635, 743, 453, 1469]
[0.9997227612974771, 0.746955345060893, 0.016216216216216217, 0.9828850855745722]
[0.009560108387339472, 0.16485698223351827, 0.31973646967672065, 0.05611750995106135]
Matthews: -1.0
[2635, 743, 453, 1469]
[0.9991218241298199, 0.5477186523963387, -0.5524943419568963, 0.9706356728779875]
[0.009560108387339472, 0.16485698223351827, 0.31973646967672065, 0.05611750995106135]

Analysis for breast-cancer-original (650)
Precision: NaN
[421, 162, 35, 32]
[1.0, 1.0, 1.0, 1.0]
[4.573904021630401E-4, 0.01788319766769798, 0.11618548912352722, 0.0328365009696269]
Recall: -0.4
[421, 162, 35, 32]
[0.995085995085995, 0.5555555555555556, 0.09090909090909091, 1.0]
[4.573904021630401E-4, 0.01788319766769798, 0.11618548912352722, 0.0328365009696269]
Accuracy: -0.4
[421, 162, 35, 32]
[0.995249406175772, 0.9753086419753086, 0.7142857142857143, 1.0]
[4.573904021630401E-4, 0.01788319766769798, 0.11618548912352722, 0.0328365009696269]
FScore: -0.4
[421, 162, 35, 32]
[0.9975369458128079, 0.7142857142857143, 0.16666666666666669, 1.0]
[4.573904021630401E-4, 0.01788319766769798, 0.11618548912352722, 0.0328365009696269]
Matthews: -0.4
[421, 162, 35, 32]
[0.9331132009034305, 0.7357997512131615, 0.25332019855244947, 1.0]
[4.573904021630401E-4, 0.01788319766769798, 0.11618548912352722, 0.0328365009696269]

Analysis for mammographic-masses (960)
Precision: -1.0
[160, 64, 218, 518]
[0.3645833333333333, 0.09090909090909091, 0.782608695652174, 0.9969325153374233]
[0.19646572337319534, 0.36738233222398087, 0.09025919281639494, 0.029531595568237413]
Recall: -1.0
[160, 64, 218, 518]
[0.5147058823529411, 0.08823529411764706, 0.8275862068965517, 0.9969325153374233]
[0.19646572337319534, 0.36738233222398087, 0.09025919281639494, 0.029531595568237413]
Accuracy: -1.0
[160, 64, 218, 518]
[0.4125, 0.046875, 0.8394495412844036, 0.9961389961389961]
[0.19646572337319534, 0.36738233222398087, 0.09025919281639494, 0.029531595568237413]
FScore: -1.0
[160, 64, 218, 518]
[0.4268292682926829, 0.08955223880597016, 0.8044692737430168, 0.9969325153374233]
[0.19646572337319534, 0.36738233222398087, 0.09025919281639494, 0.029531595568237413]
Matthews: -1.0
[160, 64, 218, 518]
[-0.14968352519652928, -0.9104268259160609, 0.6692136877225693, 0.99172418200409]
[0.19646572337319534, 0.36738233222398087, 0.09025919281639494, 0.029531595568237413]

Analysis for phoneme (5400)
Precision: 1.0
[1069, 756, 2908, 667]
[0.4095427435387674, 0.9462875197472354, 0.0, 0.9835616438356164]
[0.08635520843260236, 0.14452960913525867, 0.007757205768140584, 0.26767585596709753]
Recall: 0.2000000000000001
[1069, 756, 2908, 667]
[0.9537037037037037, 0.846045197740113, 0.0, 0.5431164901664145]
[0.08635520843260236, 0.14452960913525867, 0.007757205768140584, 0.26767585596709753]
Accuracy: -0.8
[1069, 756, 2908, 667]
[0.7128157156220767, 0.8108465608465608, 0.9817744154057771, 0.5382308845577212]
[0.08635520843260236, 0.14452960913525867, 0.007757205768140584, 0.26767585596709753]
FScore: 0.8
[1069, 756, 2908, 667]
[0.5730180806675939, 0.8933631618195377, 0.0, 0.6998050682261209]
[0.08635520843260236, 0.14452960913525867, 0.007757205768140584, 0.26767585596709753]
Matthews: -0.39999999999999997
[1069, 756, 2908, 667]
[0.487122582208259, 0.09098173088302194, 0.0, -0.08666264397234899]
[0.08635520843260236, 0.14452960913525867, 0.007757205768140584, 0.26767585596709753]

Analysis for pima (700)
Precision: -0.6324555320336759
[115, 136, 122, 327]
[1.0, 0.011363636363636364, 0.06451612903225806, 1.0]
[0.0786037798898204, 0.1598919484169412, 0.05931651941660781, 0.015304937284340927]
Recall: -0.39999999999999997
[115, 136, 122, 327]
[0.5925925925925926, 0.3333333333333333, 0.11764705882352941, 0.9347826086956522]
[0.0786037798898204, 0.1598919484169412, 0.05931651941660781, 0.015304937284340927]
Accuracy: -1.0
[115, 136, 122, 327]
[0.6173913043478261, 0.34558823529411764, 0.639344262295082, 0.9357798165137615]
[0.0786037798898204, 0.1598919484169412, 0.05931651941660781, 0.015304937284340927]
FScore: -0.8
[115, 136, 122, 327]
[0.7441860465116279, 0.02197802197802198, 0.08333333333333333, 0.9662921348314606]
[0.0786037798898204, 0.1598919484169412, 0.05931651941660781, 0.015304937284340927]
Matthews: -0.39999999999999997
[115, 136, 122, 327]
[0.2851950879643324, -0.09859651555287141, -0.1261147206441418, 0.4239880732846449]
[0.0786037798898204, 0.1598919484169412, 0.05931651941660781, 0.015304937284340927]

Analysis for ring (7400)
Precision: -0.6000000000000001
[703, 813, 1264, 4620]
[0.07569721115537849, 0.8844884488448845, 0.9896640826873385, 0.9723225030084236]
[0.08864943885277349, 0.19503347691089204, 0.059486516486774305, 0.01613120182753958]
Recall: -0.39999999999999997
[703, 813, 1264, 4620]
[1.0, 0.34491634491634493, 0.9199359487590072, 0.9981470043236566]
[0.08864943885277349, 0.19503347691089204, 0.059486516486774305, 0.01613120182753958]
Accuracy: -1.0
[703, 813, 1264, 4620]
[0.6699857752489331, 0.33087330873308735, 0.9113924050632911, 0.9893939393939394]
[0.08864943885277349, 0.19503347691089204, 0.059486516486774305, 0.01613120182753958]
FScore: -0.8
[703, 813, 1264, 4620]
[0.14074074074074075, 0.49629629629629635, 0.9535269709543568, 0.9850655288021944]
[0.08864943885277349, 0.19503347691089204, 0.059486516486774305, 0.01613120182753958]
Matthews: -0.8
[703, 813, 1264, 4620]
[0.22365628470372195, -0.26689148246467753, 0.04747243423033257, 0.9770465920055236]
[0.08864943885277349, 0.19503347691089204, 0.059486516486774305, 0.01613120182753958]

Analysis for spambase (4550)
Precision: -1.0
[253, 839, 462, 2996]
[0.11428571428571428, 0.9054878048780488, 0.4619883040935672, 0.997677659080353]
[0.24865571300856912, 0.05646758698797821, 0.12674772186057626, 0.009516048480724985]
Recall: -1.0
[253, 839, 462, 2996]
[0.1951219512195122, 0.8114754098360656, 0.5563380281690141, 0.9898617511520738]
[0.24865571300856912, 0.05646758698797821, 0.12674772186057626, 0.009516048480724985]
Accuracy: -1.0
[253, 839, 462, 2996]
[0.2490118577075099, 0.8808104886769964, 0.6645021645021645, 0.9909879839786382]
[0.24865571300856912, 0.05646758698797821, 0.12674772186057626, 0.009516048480724985]
FScore: -1.0
[253, 839, 462, 2996]
[0.14414414414414414, 0.8559077809798272, 0.5047923322683706, 0.9937543372657877]
[0.24865571300856912, 0.05646758698797821, 0.12674772186057626, 0.009516048480724985]
Matthews: -1.0
[253, 839, 462, 2996]
[-0.4989964776612587, 0.7580982286555316, 0.25690071501282696, 0.9776753175138871]
[0.24865571300856912, 0.05646758698797821, 0.12674772186057626, 0.009516048480724985]

Analysis for twonorm (7400)
Precision: -0.9486832980505138
[175, 4929, 572, 1724]
[0.14130434782608695, 1.0, 0.9683544303797469, 1.0]
[0.1717889211095088, 0.0024251518408143985, 0.06791452108448943, 0.019111981205906185]
Recall: -0.9486832980505138
[175, 4929, 572, 1724]
[0.17105263157894737, 1.0, 0.9714285714285714, 1.0]
[0.1717889211095088, 0.0024251518408143985, 0.06791452108448943, 0.019111981205906185]
Accuracy: -0.9486832980505138
[175, 4929, 572, 1724]
[0.18857142857142858, 1.0, 0.9667832167832168, 1.0]
[0.1717889211095088, 0.0024251518408143985, 0.06791452108448943, 0.019111981205906185]
FScore: -0.9486832980505138
[175, 4929, 572, 1724]
[0.15476190476190477, 1.0, 0.9698890649762283, 1.0]
[0.1717889211095088, 0.0024251518408143985, 0.06791452108448943, 0.019111981205906185]
Matthews: -0.9486832980505138
[175, 4929, 572, 1724]
[-0.6223124978124571, 1.0, 0.9328580610048304, 1.0]
[0.1717889211095088, 0.0024251518408143985, 0.06791452108448943, 0.019111981205906185]

Analysis for wdbc (560)
Precision: 0.6324555320336759
[52, 82, 66, 360]
[1.0, 0.9866666666666667, 1.0, 0.30434782608695654]
[0.031032139292158388, 0.013644040395523674, 0.005022075917040798, 6.846849573806368E-4]
Recall: -1.0
[52, 82, 66, 360]
[0.8076923076923077, 0.9135802469135802, 0.9848484848484849, 1.0]
[0.031032139292158388, 0.013644040395523674, 0.005022075917040798, 6.846849573806368E-4]
Accuracy: -0.8
[52, 82, 66, 360]
[0.8076923076923077, 0.9024390243902439, 0.9848484848484849, 0.9555555555555556]
[0.031032139292158388, 0.013644040395523674, 0.005022075917040798, 6.846849573806368E-4]
FScore: 0.2000000000000001
[52, 82, 66, 360]
[0.8936170212765957, 0.9487179487179487, 0.9923664122137404, 0.4666666666666667]
[0.031032139292158388, 0.013644040395523674, 0.005022075917040798, 6.846849573806368E-4]
Matthews: -0.6324555320336759
[52, 82, 66, 360]
[0.0, -0.03394500514782104, 0.0, 0.5390297058339183]
[0.031032139292158388, 0.013644040395523674, 0.005022075917040798, 6.846849573806368E-4]
