MultiResolutionExperiment(4, 10, MultiResolutionTransform(10, 0.10))

Analysis for appendicitis (100)
Precision: -0.9486832980505138
[13, 7, 10, 70]
[0.5, 1.0, 0.0, 1.0]
[0.051405586905218965, 0.02687487289501418, 0.19070461620910834, 0.001170784221848865]
Recall: -0.8
[13, 7, 10, 70]
[0.25, 1.0, 0.0, 0.9855072463768116]
[0.051405586905218965, 0.02687487289501418, 0.19070461620910834, 0.001170784221848865]
Accuracy: -0.8
[13, 7, 10, 70]
[0.6923076923076923, 1.0, 0.1, 0.9857142857142858]
[0.051405586905218965, 0.02687487289501418, 0.19070461620910834, 0.001170784221848865]
FScore: -0.8
[13, 7, 10, 70]
[0.3333333333333333, 1.0, 0.0, 0.9927007299270074]
[0.051405586905218965, 0.02687487289501418, 0.19070461620910834, 0.001170784221848865]
Matthews: -0.6324555320336759
[13, 7, 10, 70]
[0.17766726362967536, 0.0, 0.0, 0.7019641181630338]
[0.051405586905218965, 0.02687487289501418, 0.19070461620910834, 0.001170784221848865]

Analysis for banana (5300)
Precision: -1.0
[2628, 445, 758, 1469]
[1.0, 0.0033003300330033004, 0.920265780730897, 0.9866666666666667]
[0.012836128367470261, 0.3714592036714219, 0.19354579875548286, 0.06949968544299229]
Recall: -1.0
[2628, 445, 758, 1469]
[0.9994493392070485, 0.016129032258064516, 0.6281179138321995, 0.9785123966942149]
[0.012836128367470261, 0.3714592036714219, 0.19354579875548286, 0.06949968544299229]
Accuracy: -1.0
[2628, 445, 758, 1469]
[0.9996194824961948, 0.1842696629213483, 0.7519788918205804, 0.9857045609257998]
[0.012836128367470261, 0.3714592036714219, 0.19354579875548286, 0.06949968544299229]
FScore: -1.0
[2628, 445, 758, 1469]
[0.9997245937758193, 0.005479452054794521, 0.7466307277628031, 0.9825726141078839]
[0.012836128367470261, 0.3714592036714219, 0.19354579875548286, 0.06949968544299229]
Matthews: -1.0
[2628, 445, 758, 1469]
[0.9991096057122433, -0.5738023105352805, 0.5568877225451269, 0.9704792646012548]
[0.012836128367470261, 0.3714592036714219, 0.19354579875548286, 0.06949968544299229]

Analysis for breast-cancer-original (650)
Precision: NaN
[425, 148, 39, 38]
[1.0, 1.0, 1.0, 1.0]
[7.824362268289186E-4, 0.02501778497648228, 0.14290568431877165, 0.04465592484288142]
Recall: -0.4
[425, 148, 39, 38]
[0.9951219512195122, 0.42857142857142855, 0.09090909090909091, 1.0]
[7.824362268289186E-4, 0.02501778497648228, 0.14290568431877165, 0.04465592484288142]
Accuracy: -0.4
[425, 148, 39, 38]
[0.9952941176470588, 0.972972972972973, 0.7435897435897436, 1.0]
[7.824362268289186E-4, 0.02501778497648228, 0.14290568431877165, 0.04465592484288142]
FScore: -0.4
[425, 148, 39, 38]
[0.9975550122249389, 0.6, 0.16666666666666669, 1.0]
[7.824362268289186E-4, 0.02501778497648228, 0.14290568431877165, 0.04465592484288142]
Matthews: -0.4
[425, 148, 39, 38]
[0.9370425713316364, 0.645560817021066, 0.2588158533262875, 1.0]
[7.824362268289186E-4, 0.02501778497648228, 0.14290568431877165, 0.04465592484288142]

Analysis for mammographic-masses (960)
Precision: -1.0
[150, 82, 176, 552]
[0.45555555555555555, 0.11904761904761904, 0.6987951807228916, 0.9969879518072289]
[0.2164075783244918, 0.38545721497197366, 0.1140673174158645, 0.039193558701160085]
Recall: -1.0
[150, 82, 176, 552]
[0.6507936507936508, 0.11363636363636363, 0.7733333333333333, 0.993993993993994]
[0.2164075783244918, 0.38545721497197366, 0.1140673174158645, 0.039193558701160085]
Accuracy: -1.0
[150, 82, 176, 552]
[0.5266666666666666, 0.07317073170731707, 0.7613636363636364, 0.9945652173913043]
[0.2164075783244918, 0.38545721497197366, 0.1140673174158645, 0.039193558701160085]
FScore: -1.0
[150, 82, 176, 552]
[0.5359477124183006, 0.11627906976744186, 0.7341772151898734, 0.9954887218045113]
[0.2164075783244918, 0.38545721497197366, 0.1140673174158645, 0.039193558701160085]
Matthews: -1.0
[150, 82, 176, 552]
[0.0882296296863049, -0.8579976703222587, 0.5208809415286745, 0.9886621170773758]
[0.2164075783244918, 0.38545721497197366, 0.1140673174158645, 0.039193558701160085]

Analysis for phoneme (5400)
Precision: 1.0
[1034, 763, 2912, 691]
[0.37130801687763715, 0.9501557632398754, 0.0, 0.9869451697127938]
[0.10620285928627694, 0.17434143406792132, 0.009723583885865321, 0.31679467389657623]
Recall: 0.2000000000000001
[1034, 763, 2912, 691]
[0.9617486338797814, 0.8519553072625698, 0.0, 0.5510204081632653]
[0.10620285928627694, 0.17434143406792132, 0.009723583885865321, 0.31679467389657623]
Accuracy: -0.8
[1034, 763, 2912, 691]
[0.7050290135396519, 0.8191349934469201, 0.9811126373626373, 0.5470332850940666]
[0.10620285928627694, 0.17434143406792132, 0.009723583885865321, 0.31679467389657623]
FScore: 0.8
[1034, 763, 2912, 691]
[0.5357686453576864, 0.898379970544919, 0.0, 0.707202993451824]
[0.10620285928627694, 0.17434143406792132, 0.009723583885865321, 0.31679467389657623]
Matthews: -0.39999999999999997
[1034, 763, 2912, 691]
[0.46844110568318426, 0.11261753605328768, 0.0, -0.07655946952433586]
[0.10620285928627694, 0.17434143406792132, 0.009723583885865321, 0.31679467389657623]

Analysis for pima (700)
Precision: -0.8
[119, 135, 119, 327]
[0.03571428571428571, 0.011235955056179775, 0.9841269841269841, 1.0]
[0.08136816769936832, 0.20131470454806322, 0.09467666776750801, 0.019958709416447968]
Recall: -0.39999999999999997
[119, 135, 119, 327]
[0.08333333333333333, 0.3333333333333333, 0.5585585585585585, 0.9382716049382716]
[0.08136816769936832, 0.20131470454806322, 0.09467666776750801, 0.019958709416447968]
Accuracy: -1.0
[119, 135, 119, 327]
[0.680672268907563, 0.3333333333333333, 0.5798319327731093, 0.9388379204892966]
[0.08136816769936832, 0.20131470454806322, 0.09467666776750801, 0.019958709416447968]
FScore: -0.8
[119, 135, 119, 327]
[0.05, 0.021739130434782608, 0.7126436781609196, 0.9681528662420382]
[0.08136816769936832, 0.20131470454806322, 0.09467666776750801, 0.019958709416447968]
Matthews: -0.39999999999999997
[119, 135, 119, 327]
[-0.11997134013534282, -0.10366983780795878, 0.21751537402661436, 0.3498331785552014]
[0.08136816769936832, 0.20131470454806322, 0.09467666776750801, 0.019958709416447968]

Analysis for ring (7400)
Precision: -0.6000000000000001
[715, 854, 1376, 4455]
[0.0622568093385214, 0.8987730061349694, 0.9930340557275542, 0.9720372836218375]
[0.10719175442721626, 0.2359553899274035, 0.0722507974398401, 0.0208216145501139]
Recall: -0.39999999999999997
[715, 854, 1376, 4455]
[1.0, 0.3573170731707317, 0.9399267399267399, 0.9979494190020506]
[0.10719175442721626, 0.2359553899274035, 0.0722507974398401, 0.0208216145501139]
Accuracy: -1.0
[715, 854, 1376, 4455]
[0.6629370629370629, 0.3442622950819672, 0.9338662790697675, 0.98989898989899]
[0.10719175442721626, 0.2359553899274035, 0.0722507974398401, 0.0208216145501139]
FScore: -0.8
[715, 854, 1376, 4455]
[0.11721611721611722, 0.5113438045375218, 0.9657508468197216, 0.984822934232715]
[0.10719175442721626, 0.2359553899274035, 0.0722507974398401, 0.0208216145501139]
Matthews: -0.8
[715, 854, 1376, 4455]
[0.20197033265987197, -0.2468159187588024, 0.045283774938115806, 0.9774454266603927]
[0.10719175442721626, 0.2359553899274035, 0.0722507974398401, 0.0208216145501139]

Analysis for spambase (4550)
Precision: -1.0
[267, 468, 854, 2961]
[0.11805555555555555, 0.4817073170731707, 0.8970588235294118, 0.9976679104477612]
[0.2946050517599308, 0.15497304133215964, 0.06720372885453185, 0.012295809608136817]
Recall: -1.0
[267, 468, 854, 2961]
[0.19101123595505617, 0.572463768115942, 0.8176943699731903, 0.9902777777777778]
[0.2946050517599308, 0.15497304133215964, 0.06720372885453185, 0.012295809608136817]
Accuracy: -1.0
[267, 468, 854, 2961]
[0.2546816479400749, 0.6923076923076923, 0.8793911007025761, 0.9912191827085444]
[0.2946050517599308, 0.15497304133215964, 0.06720372885453185, 0.012295809608136817]
FScore: -1.0
[267, 468, 854, 2961]
[0.1459227467811159, 0.5231788079470198, 0.8555399719495091, 0.9939591078066914]
[0.2946050517599308, 0.15497304133215964, 0.06720372885453185, 0.012295809608136817]
Matthews: -1.0
[267, 468, 854, 2961]
[-0.49412195262408715, 0.30094970528519427, 0.7547810552463581, 0.9779812233441706]
[0.2946050517599308, 0.15497304133215964, 0.06720372885453185, 0.012295809608136817]

Analysis for twonorm (7400)
Precision: -0.9486832980505138
[180, 4850, 582, 1788]
[0.16842105263157894, 1.0, 0.9683544303797469, 1.0]
[0.20916451827298033, 0.0037217452278422835, 0.0847288090459588, 0.025534992356827095]
Recall: -0.9486832980505138
[180, 4850, 582, 1788]
[0.19753086419753085, 1.0, 0.9776357827476039, 1.0]
[0.20916451827298033, 0.0037217452278422835, 0.0847288090459588, 0.025534992356827095]
Accuracy: -0.9486832980505138
[180, 4850, 582, 1788]
[0.2, 1.0, 0.9707903780068728, 1.0]
[0.20916451827298033, 0.0037217452278422835, 0.0847288090459588, 0.025534992356827095]
FScore: -0.9486832980505138
[180, 4850, 582, 1788]
[0.18181818181818182, 1.0, 0.972972972972973, 1.0]
[0.20916451827298033, 0.0037217452278422835, 0.0847288090459588, 0.025534992356827095]
Matthews: -0.9486832980505138
[180, 4850, 582, 1788]
[-0.5983632594308683, 1.0, 0.9412495207197628, 1.0]
[0.20916451827298033, 0.0037217452278422835, 0.0847288090459588, 0.025534992356827095]

Analysis for wdbc (560)
Precision: 0.9486832980505138
[69, 136, 53, 302]
[1.0, 1.0, 0.08333333333333333, 0.0]
[0.04848850073826811, 0.017770261741852297, 0.00541061125237575, 5.433216150028076E-4]
Recall: 0.2000000000000001
[69, 136, 53, 302]
[0.8405797101449275, 0.9485294117647058, 1.0, 0.0]
[0.04848850073826811, 0.017770261741852297, 0.00541061125237575, 5.433216150028076E-4]
Accuracy: -0.39999999999999997
[69, 136, 53, 302]
[0.8405797101449275, 0.9485294117647058, 0.7924528301886793, 0.9801324503311258]
[0.04848850073826811, 0.017770261741852297, 0.00541061125237575, 5.433216150028076E-4]
FScore: 0.8
[69, 136, 53, 302]
[0.9133858267716535, 0.9735849056603774, 0.15384615384615385, 0.0]
[0.04848850073826811, 0.017770261741852297, 0.00541061125237575, 5.433216150028076E-4]
Matthews: -0.2581988897471614
[69, 136, 53, 302]
[0.0, 0.0, 0.2563301156811821, 0.0]
[0.04848850073826811, 0.017770261741852297, 0.00541061125237575, 5.433216150028076E-4]
