MultiResolutionExperiment(3, 10, MultiResolutionTransform(50, 0.15))

Analysis for appendicitis (100)
Precision: -1.0
[9, 77, 14]
[0.0, 1.0, 0.5]
[0.1846364414825941, 0.0032644192573348767, 0.07811300239233379]
Recall: -1.0
[9, 77, 14]
[0.0, 0.9868421052631579, 0.25]
[0.1846364414825941, 0.0032644192573348767, 0.07811300239233379]
Accuracy: -1.0
[9, 77, 14]
[0.0, 0.987012987012987, 0.7142857142857143]
[0.1846364414825941, 0.0032644192573348767, 0.07811300239233379]
FScore: -1.0
[9, 77, 14]
[0.0, 0.9933774834437086, 0.3333333333333333]
[0.1846364414825941, 0.0032644192573348767, 0.07811300239233379]
Matthews: -1.0
[9, 77, 14]
[0.0, 0.7024393586862705, 0.19364916731037085]
[0.1846364414825941, 0.0032644192573348767, 0.07811300239233379]

Analysis for banana (5300)
Precision: -1.0
[1793, 2867, 640]
[0.9834710743801653, 1.0, 0.05571847507331378]
[0.0984498823280866, 0.01815978151445371, 0.29727932940204016]
Recall: -1.0
[1793, 2867, 640]
[0.8592057761732852, 0.99846547314578, 0.13768115942028986]
[0.0984498823280866, 0.01815978151445371, 0.29727932940204016]
Accuracy: -1.0
[1793, 2867, 640]
[0.928053541550474, 0.9989536100453436, 0.3109375]
[0.0984498823280866, 0.01815978151445371, 0.29727932940204016]
FScore: -1.0
[1793, 2867, 640]
[0.9171483622350675, 0.9992321474276938, 0.07933194154488518]
[0.0984498823280866, 0.01815978151445371, 0.29727932940204016]
Matthews: -1.0
[1793, 2867, 640]
[0.8601681938289876, 0.9975930111306803, -0.4152372946594629]
[0.0984498823280866, 0.01815978151445371, 0.29727932940204016]

Analysis for breast-cancer-original (650)
Precision: NaN
[428, 48, 174]
[1.0, 1.0, 1.0]
[0.0010814216473010484, 0.1071844699844406, 0.02197393755760965]
Recall: -1.0
[428, 48, 174]
[0.9927360774818402, 0.09090909090909091, 0.4]
[0.0010814216473010484, 0.1071844699844406, 0.02197393755760965]
Accuracy: -1.0
[428, 48, 174]
[0.9929906542056075, 0.7916666666666666, 0.9827586206896551]
[0.0010814216473010484, 0.1071844699844406, 0.02197393755760965]
FScore: -1.0
[428, 48, 174]
[0.9963547995139732, 0.16666666666666669, 0.5714285714285715]
[0.0010814216473010484, 0.1071844699844406, 0.02197393755760965]
Matthews: -1.0
[428, 48, 174]
[0.9095493744531961, 0.26751959020079114, 0.6269156688215357]
[0.0010814216473010484, 0.1071844699844406, 0.02197393755760965]

Analysis for mammographic-masses (960)
Precision: -1.0
[155, 531, 274]
[0.23076923076923078, 0.996969696969697, 0.6746031746031746]
[0.2847232886847781, 0.032736452609506764, 0.11799727037711746]
Recall: -1.0
[155, 531, 274]
[0.27631578947368424, 0.9939577039274925, 0.7870370370370371]
[0.2847232886847781, 0.032736452609506764, 0.11799727037711746]
Accuracy: -1.0
[155, 531, 274]
[0.1935483870967742, 0.9943502824858758, 0.7664233576642335]
[0.2847232886847781, 0.032736452609506764, 0.11799727037711746]
FScore: -1.0
[155, 531, 274]
[0.25149700598802394, 0.9954614220877459, 0.7264957264957266]
[0.2847232886847781, 0.032736452609506764, 0.11799727037711746]
Matthews: -1.0
[155, 531, 274]
[-0.6191112616937849, 0.9879881007567762, 0.5295208025267868]
[0.2847232886847781, 0.032736452609506764, 0.11799727037711746]

Analysis for phoneme (5400)
Precision: 1.0
[1232, 3123, 1045]
[0.6281094527363185, 0.0, 0.9969742813918305]
[0.11288459052859566, 0.012972800449314202, 0.2488248946356612]
Recall: 0.5
[1232, 3123, 1045]
[0.923217550274223, 0.0, 0.6348747591522158]
[0.11288459052859566, 0.012972800449314202, 0.2488248946356612]
Accuracy: -1.0
[1232, 3123, 1045]
[0.7232142857142857, 0.9715017611271214, 0.6354066985645933]
[0.11288459052859566, 0.012972800449314202, 0.2488248946356612]
FScore: 1.0
[1232, 3123, 1045]
[0.7475943745373798, 0.0, 0.7757504414361389]
[0.11288459052859566, 0.012972800449314202, 0.2488248946356612]
Matthews: 0.5
[1232, 3123, 1045]
[0.5078895802941916, 0.0, 0.05907536702809938]
[0.11288459052859566, 0.012972800449314202, 0.2488248946356612]

Analysis for pima (700)
Precision: -1.0
[193, 157, 350]
[0.7096774193548387, 0.010101010101010102, 1.0]
[0.07506289352831318, 0.1676901410697496, 0.021736497937225506]
Recall: -1.0
[193, 157, 350]
[0.4489795918367347, 0.25, 0.9281609195402298]
[0.07506289352831318, 0.1676901410697496, 0.021736497937225506]
Accuracy: -1.0
[193, 157, 350]
[0.6269430051813472, 0.35668789808917195, 0.9285714285714286]
[0.07506289352831318, 0.1676901410697496, 0.021736497937225506]
FScore: -1.0
[193, 157, 350]
[0.5499999999999999, 0.01941747572815534, 0.9627421758569299]
[0.07506289352831318, 0.1676901410697496, 0.021736497937225506]
Matthews: -0.5
[193, 157, 350]
[0.277837330065546, -0.1274942492063052, 0.26220728576201635]
[0.07506289352831318, 0.1676901410697496, 0.021736497937225506]

Analysis for ring (7400)
Precision: -1.0
[851, 4845, 1704]
[0.8792569659442725, 0.9291693496458467, 0.882744836775483]
[0.20659901055472443, 0.023112648170995665, 0.07142698723275277]
Recall: -1.0
[851, 4845, 1704]
[0.3506172839506173, 0.9986159169550173, 0.9403832505322924]
[0.20659901055472443, 0.023112648170995665, 0.07142698723275277]
Accuracy: -1.0
[851, 4845, 1704]
[0.33607520564042304, 0.9768833849329205, 0.8474178403755869]
[0.20659901055472443, 0.023112648170995665, 0.07142698723275277]
FScore: -1.0
[851, 4845, 1704]
[0.501323918799647, 0.962641761174116, 0.9106529209621993]
[0.20659901055472443, 0.023112648170995665, 0.07142698723275277]
Matthews: -1.0
[851, 4845, 1704]
[-0.26503495403163707, 0.9472248432902242, 0.4015133649398263]
[0.20659901055472443, 0.023112648170995665, 0.07142698723275277]

Analysis for spambase (4550)
Precision: -1.0
[454, 814, 3282]
[0.19090909090909092, 0.7557251908396947, 0.9956709956709957]
[0.2216406395483695, 0.08823037351124882, 0.014749768186126723]
Recall: -1.0
[454, 814, 3282]
[0.2937062937062937, 0.7071428571428572, 0.9841677364142063]
[0.2216406395483695, 0.08823037351124882, 0.014749768186126723]
Accuracy: -1.0
[454, 814, 3282]
[0.3854625550660793, 0.8206388206388207, 0.985679463741621]
[0.2216406395483695, 0.08823037351124882, 0.014749768186126723]
FScore: -1.0
[454, 814, 3282]
[0.23140495867768596, 0.7306273062730627, 0.9898859479233915]
[0.2216406395483695, 0.08823037351124882, 0.014749768186126723]
Matthews: -1.0
[454, 814, 3282]
[-0.25898458926041257, 0.5971508296376101, 0.9655623786264959]
[0.2216406395483695, 0.08823037351124882, 0.014749768186126723]

Analysis for twonorm (7400)
Precision: -0.8660254037844386
[1590, 5468, 342]
[1.0, 1.0, 0.49142857142857144]
[0.03706856608259854, 0.004788418343434169, 0.1446823347923114]
Recall: -0.8660254037844386
[1590, 5468, 342]
[1.0, 1.0, 0.5443037974683544]
[0.03706856608259854, 0.004788418343434169, 0.1446823347923114]
Accuracy: -0.8660254037844386
[1590, 5468, 342]
[1.0, 1.0, 0.5292397660818714]
[0.03706856608259854, 0.004788418343434169, 0.1446823347923114]
FScore: -0.8660254037844386
[1590, 5468, 342]
[1.0, 1.0, 0.5165165165165165]
[0.03706856608259854, 0.004788418343434169, 0.1446823347923114]
Matthews: -0.8660254037844386
[1590, 5468, 342]
[1.0, 1.0, 0.06044928789892348]
[0.03706856608259854, 0.004788418343434169, 0.1446823347923114]

Analysis for wdbc (560)
Precision: 1.0
[81, 114, 365]
[1.0, 0.990990990990991, 0.42857142857142855]
[0.03235847675451912, 0.010694084570936487, 9.341907049554706E-4]
Recall: -1.0
[81, 114, 365]
[0.8148148148148148, 0.9734513274336283, 1.0]
[0.03235847675451912, 0.010694084570936487, 9.341907049554706E-4]
Accuracy: -0.5
[81, 114, 365]
[0.8148148148148148, 0.9649122807017544, 0.9561643835616438]
[0.03235847675451912, 0.010694084570936487, 9.341907049554706E-4]
FScore: 0.5
[81, 114, 365]
[0.8979591836734693, 0.9821428571428571, 0.6]
[0.03235847675451912, 0.010694084570936487, 9.341907049554706E-4]
Matthews: -0.5
[81, 114, 365]
[0.0, -0.015465355809927969, 0.6396452881859622]
[0.03235847675451912, 0.010694084570936487, 9.341907049554706E-4]
