MultiResolutionExperiment(4, 10, MultiResolutionTransform(20, 0.10))

Analysis for appendicitis (100)
Precision: -0.9486832980505138
[13, 7, 10, 70]
[0.5, 1.0, 0.0, 1.0]
[0.044663083313116345, 0.02105351448738203, 0.16115087444858925, 9.712884487257199E-4]
Recall: -0.8
[13, 7, 10, 70]
[0.25, 1.0, 0.0, 0.9855072463768116]
[0.044663083313116345, 0.02105351448738203, 0.16115087444858925, 9.712884487257199E-4]
Accuracy: -0.8
[13, 7, 10, 70]
[0.6923076923076923, 1.0, 0.1, 0.9857142857142858]
[0.044663083313116345, 0.02105351448738203, 0.16115087444858925, 9.712884487257199E-4]
FScore: -0.8
[13, 7, 10, 70]
[0.3333333333333333, 1.0, 0.0, 0.9927007299270074]
[0.044663083313116345, 0.02105351448738203, 0.16115087444858925, 9.712884487257199E-4]
Matthews: -0.6324555320336759
[13, 7, 10, 70]
[0.17766726362967536, 0.0, 0.0, 0.7019641181630338]
[0.044663083313116345, 0.02105351448738203, 0.16115087444858925, 9.712884487257199E-4]

Analysis for banana (5300)
Precision: -1.0
[2615, 446, 776, 1463]
[1.0, 0.0033222591362126247, 0.9182389937106918, 0.9866888519134775]
[0.010622879022915144, 0.34104979934013074, 0.1746969987609557, 0.05968501542503142]
Recall: -1.0
[2615, 446, 776, 1463]
[0.9994444444444445, 0.015625, 0.6417582417582418, 0.9801652892561984]
[0.010622879022915144, 0.34104979934013074, 0.1746969987609557, 0.05968501542503142]
Accuracy: -1.0
[2615, 446, 776, 1463]
[0.9996175908221797, 0.1860986547085202, 0.7564432989690721, 0.9863294600136705]
[0.010622879022915144, 0.34104979934013074, 0.1746969987609557, 0.05968501542503142]
FScore: -1.0
[2615, 446, 776, 1463]
[0.999722145040289, 0.005479452054794521, 0.7554980595084088, 0.9834162520729686]
[0.010622879022915144, 0.34104979934013074, 0.1746969987609557, 0.05968501542503142]
Matthews: -1.0
[2615, 446, 776, 1463]
[0.9991094209726243, -0.5760823199020979, 0.5615520197040371, 0.9718040317134418]
[0.010622879022915144, 0.34104979934013074, 0.1746969987609557, 0.05968501542503142]

Analysis for breast-cancer-original (650)
Precision: NaN
[423, 157, 36, 34]
[1.0, 1.0, 1.0, 1.0]
[5.723920339261244E-4, 0.020450083354068192, 0.12568545001110834, 0.039577404587896325]
Recall: -0.4
[423, 157, 36, 34]
[0.9950980392156863, 0.5555555555555556, 0.09090909090909091, 1.0]
[5.723920339261244E-4, 0.020450083354068192, 0.12568545001110834, 0.039577404587896325]
Accuracy: -0.4
[423, 157, 36, 34]
[0.9952718676122931, 0.9745222929936306, 0.7222222222222222, 1.0]
[5.723920339261244E-4, 0.020450083354068192, 0.12568545001110834, 0.039577404587896325]
FScore: -0.4
[423, 157, 36, 34]
[0.9975429975429976, 0.7142857142857143, 0.16666666666666669, 1.0]
[5.723920339261244E-4, 0.020450083354068192, 0.12568545001110834, 0.039577404587896325]
Matthews: -0.4
[423, 157, 36, 34]
[0.937031313063176, 0.7354832917984064, 0.2548235957188128, 1.0]
[5.723920339261244E-4, 0.020450083354068192, 0.12568545001110834, 0.039577404587896325]

Analysis for mammographic-masses (960)
Precision: -1.0
[155, 62, 224, 519]
[0.3548387096774194, 0.0967741935483871, 0.7628865979381443, 0.9969325153374233]
[0.21096734091742136, 0.38419549486043153, 0.09952649463150134, 0.03162069877336379]
Recall: -1.0
[155, 62, 224, 519]
[0.5, 0.08823529411764706, 0.8314606741573034, 0.9969325153374233]
[0.21096734091742136, 0.38419549486043153, 0.09952649463150134, 0.03162069877336379]
Accuracy: -1.0
[155, 62, 224, 519]
[0.4, 0.04838709677419355, 0.8303571428571429, 0.9961464354527938]
[0.21096734091742136, 0.38419549486043153, 0.09952649463150134, 0.03162069877336379]
FScore: -1.0
[155, 62, 224, 519]
[0.41509433962264153, 0.09230769230769231, 0.7956989247311828, 0.9969325153374233]
[0.21096734091742136, 0.38419549486043153, 0.09952649463150134, 0.03162069877336379]
Matthews: -1.0
[155, 62, 224, 519]
[-0.1757807623276631, -0.9074852129730301, 0.6528823790259384, 0.9917511681871642]
[0.21096734091742136, 0.38419549486043153, 0.09952649463150134, 0.03162069877336379]

Analysis for phoneme (5400)
Precision: 1.0
[1054, 770, 2912, 664]
[0.39307535641547864, 0.953416149068323, 0.0, 0.9807692307692307]
[0.09398453257034697, 0.15646089102846977, 0.008512358780542212, 0.2870279877068316]
Recall: 0.2000000000000001
[1054, 770, 2912, 664]
[0.9554455445544554, 0.8457300275482094, 0.0, 0.54337899543379]
[0.09398453257034697, 0.15646089102846977, 0.008512358780542212, 0.2870279877068316]
Accuracy: -0.8
[1054, 770, 2912, 664]
[0.7087286527514232, 0.8155844155844156, 0.9811126373626373, 0.5376506024096386]
[0.09398453257034697, 0.15646089102846977, 0.008512358780542212, 0.2870279877068316]
FScore: 0.8
[1054, 770, 2912, 664]
[0.556998556998557, 0.8963503649635036, 0.0, 0.6993143976493634]
[0.09398453257034697, 0.15646089102846977, 0.008512358780542212, 0.2870279877068316]
Matthews: -0.39999999999999997
[1054, 770, 2912, 664]
[0.477907644126299, 0.10284348455742226, 0.0, -0.09370791409872918]
[0.09398453257034697, 0.15646089102846977, 0.008512358780542212, 0.2870279877068316]

Analysis for pima (700)
Precision: -0.6324555320336759
[108, 148, 112, 332]
[1.0, 0.010416666666666666, 0.125, 1.0]
[0.08814067535396924, 0.16977819987681186, 0.061610813107128556, 0.01759572696263683]
Recall: -0.39999999999999997
[108, 148, 112, 332]
[0.57, 0.25, 0.17647058823529413, 0.9331306990881459]
[0.08814067535396924, 0.16977819987681186, 0.061610813107128556, 0.01759572696263683]
Accuracy: -1.0
[108, 148, 112, 332]
[0.6018518518518519, 0.33783783783783783, 0.6875, 0.9337349397590361]
[0.08814067535396924, 0.16977819987681186, 0.061610813107128556, 0.01759572696263683]
FScore: -0.8
[108, 148, 112, 332]
[0.7261146496815287, 0.019999999999999997, 0.14634146341463414, 0.9654088050314467]
[0.08814067535396924, 0.16977819987681186, 0.061610813107128556, 0.01759572696263683]
Matthews: -0.8
[108, 148, 112, 332]
[0.2990180006385608, -0.13917571878027324, -0.03898515597910892, 0.33462767950451666]
[0.08814067535396924, 0.16977819987681186, 0.061610813107128556, 0.01759572696263683]

Analysis for ring (7400)
Precision: -0.6000000000000001
[723, 820, 1329, 4528]
[0.05976095617529881, 0.8870431893687708, 0.9910931174089069, 0.9723270440251572]
[0.09411328177211557, 0.21058015037839198, 0.06424387341748794, 0.01762131709715228]
Recall: -0.39999999999999997
[723, 820, 1329, 4528]
[1.0, 0.3401273885350318, 0.9307984790874525, 0.9980632666236281]
[0.09411328177211557, 0.21058015037839198, 0.06424387341748794, 0.01762131709715228]
Accuracy: -1.0
[723, 820, 1329, 4528]
[0.673582295988935, 0.32682926829268294, 0.9232505643340858, 0.9896201413427562]
[0.09411328177211557, 0.21058015037839198, 0.06424387341748794, 0.01762131709715228]
FScore: -0.8
[723, 820, 1329, 4528]
[0.11278195488721805, 0.4917127071823204, 0.9600000000000001, 0.9850270786874801]
[0.09411328177211557, 0.21058015037839198, 0.06424387341748794, 0.01762131709715228]
Matthews: -0.8
[723, 820, 1329, 4528]
[0.1996011960139498, -0.26475155946447726, 0.05777628164582517, 0.9772811961858201]
[0.09411328177211557, 0.21058015037839198, 0.06424387341748794, 0.01762131709715228]

Analysis for spambase (4550)
Precision: -1.0
[258, 836, 483, 2973]
[0.11971830985915492, 0.908256880733945, 0.4742857142857143, 0.9976722532588455]
[0.2659948134703258, 0.059243217022185386, 0.13590921269273787, 0.010400985705174302]
Recall: -1.0
[258, 836, 483, 2973]
[0.20238095238095238, 0.8204419889502762, 0.5570469798657718, 0.9898383371824481]
[0.2659948134703258, 0.059243217022185386, 0.13590921269273787, 0.010400985705174302]
Accuracy: -1.0
[258, 836, 483, 2973]
[0.2558139534883721, 0.8863636363636364, 0.6728778467908902, 0.9909182643794148]
[0.2659948134703258, 0.059243217022185386, 0.13590921269273787, 0.010400985705174302]
FScore: -1.0
[258, 836, 483, 2973]
[0.15044247787610618, 0.8621190130624092, 0.5123456790123457, 0.9937398562485509]
[0.2659948134703258, 0.059243217022185386, 0.13590921269273787, 0.010400985705174302]
Matthews: -1.0
[258, 836, 483, 2973]
[-0.48607030961071945, 0.7687641148142613, 0.27058353293952464, 0.9773074527959137]
[0.2659948134703258, 0.059243217022185386, 0.13590921269273787, 0.010400985705174302]

Analysis for twonorm (7400)
Precision: -0.9486832980505138
[179, 4884, 584, 1753]
[0.12903225806451613, 1.0, 0.9753846153846154, 1.0]
[0.18513845638440948, 0.0028440064778897825, 0.07327538324301427, 0.02115957365166191]
Recall: -0.9486832980505138
[179, 4884, 584, 1753]
[0.15789473684210525, 1.0, 0.9753846153846154, 1.0]
[0.18513845638440948, 0.0028440064778897825, 0.07327538324301427, 0.02115957365166191]
Accuracy: -0.9486832980505138
[179, 4884, 584, 1753]
[0.18994413407821228, 1.0, 0.9726027397260274, 1.0]
[0.18513845638440948, 0.0028440064778897825, 0.07327538324301427, 0.02115957365166191]
FScore: -0.9486832980505138
[179, 4884, 584, 1753]
[0.14201183431952663, 1.0, 0.9753846153846154, 1.0]
[0.18513845638440948, 0.0028440064778897825, 0.07327538324301427, 0.02115957365166191]
Matthews: -0.9486832980505138
[179, 4884, 584, 1753]
[-0.6217975326294166, 1.0, 0.9444965844965845, 1.0]
[0.18513845638440948, 0.0028440064778897825, 0.07327538324301427, 0.02115957365166191]

Analysis for wdbc (560)
Precision: 0.6324555320336759
[63, 72, 72, 353]
[1.0, 0.9848484848484849, 1.0, 0.0]
[0.035722601333102365, 0.016828634730981652, 0.006881083691899216, 8.653855975668724E-4]
Recall: 0.2000000000000001
[63, 72, 72, 353]
[0.8253968253968254, 0.9154929577464789, 0.9861111111111112, 0.0]
[0.035722601333102365, 0.016828634730981652, 0.006881083691899216, 8.653855975668724E-4]
Accuracy: -0.8
[63, 72, 72, 353]
[0.8253968253968254, 0.9027777777777778, 0.9861111111111112, 0.9546742209631728]
[0.035722601333102365, 0.016828634730981652, 0.006881083691899216, 8.653855975668724E-4]
FScore: 0.2000000000000001
[63, 72, 72, 353]
[0.9043478260869565, 0.948905109489051, 0.993006993006993, 0.0]
[0.035722601333102365, 0.016828634730981652, 0.006881083691899216, 8.653855975668724E-4]
Matthews: -0.25819888974716104
[63, 72, 72, 353]
[0.0, -0.03578281334822566, 0.0, 0.0]
[0.035722601333102365, 0.016828634730981652, 0.006881083691899216, 8.653855975668724E-4]
