MultiResolutionExperiment(5, 10, MultiResolutionTransform(10, 0.20))

Analysis for appendicitis (100)
Precision: -0.5773502691896258
[9, 1, 76, 10, 4]
[0.0, 0.0, 1.0, 0.0, 1.0]
[0.10093755207063625, 0.39964730006835275, 0.00461291763852267, 0.22004928989111697, 0.11363891190676713]
Recall: -0.6708203932499369
[9, 1, 76, 10, 4]
[0.0, 0.0, 0.9868421052631579, 0.0, 0.25]
[0.10093755207063625, 0.39964730006835275, 0.00461291763852267, 0.22004928989111697, 0.11363891190676713]
Accuracy: -0.9
[9, 1, 76, 10, 4]
[1.0, 0.0, 0.9868421052631579, 0.1, 0.25]
[0.10093755207063625, 0.39964730006835275, 0.00461291763852267, 0.22004928989111697, 0.11363891190676713]
FScore: -0.6708203932499369
[9, 1, 76, 10, 4]
[0.0, 0.0, 0.9933774834437086, 0.0, 0.4]
[0.10093755207063625, 0.39964730006835275, 0.00461291763852267, 0.22004928989111697, 0.11363891190676713]
Matthews: NaN
[9, 1, 76, 10, 4]
[0.0, 0.0, 0.0, 0.0, 0.0]
[0.10093755207063625, 0.39964730006835275, 0.00461291763852267, 0.22004928989111697, 0.11363891190676713]

Analysis for banana (5300)
Precision: -0.9
[747, 991, 494, 2663, 405]
[0.9983660130718954, 0.9559748427672956, 0.6936936936936937, 1.0, 0.0034129692832764505]
[0.13574446384014915, 0.09569386975447355, 0.2350591117952153, 0.030028946266755605, 0.3859256469664074]
Recall: -0.9
[747, 991, 494, 2663, 405]
[0.8569424964936886, 1.0, 0.44508670520231214, 0.9994579945799458, 0.024390243902439025]
[0.13574446384014915, 0.09569386975447355, 0.2350591117952153, 0.030028946266755605, 0.3859256469664074]
Accuracy: -1.0
[747, 991, 494, 2663, 405]
[0.8621151271753681, 0.992936427850656, 0.7368421052631579, 0.9996244836650394, 0.18024691358024691]
[0.13574446384014915, 0.09569386975447355, 0.2350591117952153, 0.030028946266755605, 0.3859256469664074]
FScore: -1.0
[747, 991, 494, 2663, 405]
[0.9222641509433963, 0.977491961414791, 0.5422535211267605, 0.9997289238275956, 0.005988023952095809]
[0.13574446384014915, 0.09569386975447355, 0.2350591117952153, 0.030028946266755605, 0.3859256469664074]
Matthews: -1.0
[747, 991, 494, 2663, 405]
[0.4482556364333067, 0.9736523458416968, 0.38764053152517725, 0.999118438999213, -0.524531963155872]
[0.13574446384014915, 0.09569386975447355, 0.2350591117952153, 0.030028946266755605, 0.3859256469664074]

Analysis for breast-cancer-original (650)
Precision: -0.5773502691896258
[416, 6, 10, 163, 55]
[1.0, 0.0, 1.0, 1.0, 0.0]
[0.0012238410726669305, 0.24230307811607243, 0.15891424823418077, 0.03177207218616134, 0.09490946991459069]
Recall: -0.8207826816681233
[416, 6, 10, 163, 55]
[0.9879518072289156, 0.0, 0.1, 0.6666666666666666, 0.0]
[0.0012238410726669305, 0.24230307811607243, 0.15891424823418077, 0.03177207218616134, 0.09490946991459069]
Accuracy: -0.5
[416, 6, 10, 163, 55]
[0.9879807692307693, 0.8333333333333334, 0.1, 0.9938650306748467, 1.0]
[0.0012238410726669305, 0.24230307811607243, 0.15891424823418077, 0.03177207218616134, 0.09490946991459069]
FScore: -0.8207826816681233
[416, 6, 10, 163, 55]
[0.993939393939394, 0.0, 0.18181818181818182, 0.8, 0.0]
[0.0012238410726669305, 0.24230307811607243, 0.15891424823418077, 0.03177207218616134, 0.09490946991459069]
Matthews: -0.7826237921249265
[416, 6, 10, 163, 55]
[0.4057815108382251, 0.0, 0.0, 0.8139569275564796, 0.0]
[0.0012238410726669305, 0.24230307811607243, 0.15891424823418077, 0.03177207218616134, 0.09490946991459069]

Analysis for mammographic-masses (960)
Precision: -0.9
[113, 66, 104, 500, 177]
[0.4, 0.09090909090909091, 0.4406779661016949, 0.996875, 0.8714285714285714]
[0.20261788896417932, 0.4172449102899283, 0.2394301979641142, 0.03967129743668924, 0.10742456482769541]
Recall: -1.0
[113, 66, 104, 500, 177]
[0.7428571428571429, 0.08333333333333333, 0.48148148148148145, 0.9937694704049844, 0.8840579710144928]
[0.20261788896417932, 0.4172449102899283, 0.2394301979641142, 0.03967129743668924, 0.10742456482769541]
Accuracy: -1.0
[113, 66, 104, 500, 177]
[0.5752212389380531, 0.045454545454545456, 0.41346153846153844, 0.994, 0.903954802259887]
[0.20261788896417932, 0.4172449102899283, 0.2394301979641142, 0.03967129743668924, 0.10742456482769541]
FScore: -1.0
[113, 66, 104, 500, 177]
[0.52, 0.08695652173913043, 0.46017699115044247, 0.9953198127925117, 0.8776978417266188]
[0.20261788896417932, 0.4172449102899283, 0.2394301979641142, 0.03967129743668924, 0.10742456482769541]
Matthews: -1.0
[113, 66, 104, 500, 177]
[0.22717205562556073, -0.9128709291752768, -0.18002503061569805, 0.9869726424646671, 0.7986908441266785]
[0.20261788896417932, 0.4172449102899283, 0.2394301979641142, 0.03967129743668924, 0.10742456482769541]

Analysis for phoneme (5400)
Precision: 0.9746794344808963
[647, 969, 2196, 758, 830]
[0.02364864864864865, 0.0, 0.0, 0.992526158445441, 0.9979757085020243]
[0.1473229020348513, 0.04792160682748302, 0.004679174878078472, 0.17712954289035937, 0.33042344766121595]
Recall: 0.5642880936468347
[647, 969, 2196, 758, 830]
[1.0, 0.0, 0.0, 0.8865153538050734, 0.594692400482509]
[0.1473229020348513, 0.04792160682748302, 0.004679174878078472, 0.17712954289035937, 0.33042344766121595]
Accuracy: -0.7000000000000001
[647, 969, 2196, 758, 830]
[0.5533230293663061, 0.9174406604747162, 0.9931693989071039, 0.8812664907651715, 0.5939759036144578]
[0.1473229020348513, 0.04792160682748302, 0.004679174878078472, 0.17712954289035937, 0.33042344766121595]
FScore: 0.872081599272381
[647, 969, 2196, 758, 830]
[0.04620462046204621, 0.0, 0.0, 0.9365303244005642, 0.745275888133031]
[0.1473229020348513, 0.04792160682748302, 0.004679174878078472, 0.17712954289035937, 0.33042344766121595]
Matthews: -0.15389675281277299
[647, 969, 2196, 758, 830]
[0.11388505496000449, 0.0, 0.0, 0.11136003134468808, -0.028643685652656507]
[0.1473229020348513, 0.04792160682748302, 0.004679174878078472, 0.17712954289035937, 0.33042344766121595]

Analysis for pima (700)
Precision: -0.4743416490252569
[115, 114, 122, 277, 72]
[0.0, 0.9850746268656716, 0.0, 1.0, 1.0]
[0.12292714762877689, 0.06496716956829712, 0.24074354027251918, 0.02183578666377204, 0.12850256891033823]
Recall: -0.8207826816681233
[115, 114, 122, 277, 72]
[0.0, 0.66, 0.0, 0.9566787003610109, 0.5441176470588235]
[0.12292714762877689, 0.06496716956829712, 0.24074354027251918, 0.02183578666377204, 0.12850256891033823]
Accuracy: -1.0
[115, 114, 122, 277, 72]
[0.6695652173913044, 0.6929824561403509, 0.32786885245901637, 0.9566787003610109, 0.5694444444444444]
[0.12292714762877689, 0.06496716956829712, 0.24074354027251918, 0.02183578666377204, 0.12850256891033823]
FScore: -0.8207826816681233
[115, 114, 122, 277, 72]
[0.0, 0.7904191616766467, 0.0, 0.9778597785977861, 0.7047619047619048]
[0.12292714762877689, 0.06496716956829712, 0.24074354027251918, 0.02183578666377204, 0.12850256891033823]
Matthews: -0.5
[115, 114, 122, 277, 72]
[-0.10825317547305484, 0.3924432499049428, -0.1781741612749496, 0.0, 0.24936895145462643]
[0.12292714762877689, 0.06496716956829712, 0.24074354027251918, 0.02183578666377204, 0.12850256891033823]

Analysis for ring (7400)
Precision: -0.5
[1755, 925, 924, 277, 3519]
[1.0, 0.03125, 0.9813333333333333, 0.08, 0.9898063200815495]
[0.07317515115219807, 0.07602478205408125, 0.25437423098966133, 0.1582022846404058, 0.021508003954476298]
Recall: -0.8207826816681233
[1755, 925, 924, 277, 3519]
[0.9646723646723647, 1.0, 0.40130861504907306, 0.9411764705882353, 1.0]
[0.07317515115219807, 0.07602478205408125, 0.25437423098966133, 0.1582022846404058, 0.021508003954476298]
Accuracy: -0.9
[1755, 925, 924, 277, 3519]
[0.9646723646723647, 0.865945945945946, 0.39826839826839827, 0.33212996389891697, 0.9971582836032964]
[0.07317515115219807, 0.07602478205408125, 0.25437423098966133, 0.1582022846404058, 0.021508003954476298]
FScore: -0.6
[1755, 925, 924, 277, 3519]
[0.9820185614849188, 0.06060606060606061, 0.5696594427244582, 0.14746543778801843, 0.9948770491803278]
[0.07317515115219807, 0.07602478205408125, 0.25437423098966133, 0.1582022846404058, 0.021508003954476298]
Matthews: -0.7000000000000001
[1755, 925, 924, 277, 3519]
[0.0, 0.1644463946730225, -0.10571458044699401, 0.1250858552190572, 0.9929358891151262]
[0.07317515115219807, 0.07602478205408125, 0.25437423098966133, 0.1582022846404058, 0.021508003954476298]

Analysis for spambase (4550)
Precision: -0.9
[285, 310, 2762, 312, 881]
[0.11612903225806452, 0.4523809523809524, 0.9990389235944258, 0.6132075471698113, 0.9289617486338798]
[0.322566401909737, 0.15618951124255895, 0.016152274247552573, 0.1719251295672528, 0.06543847264299521]
Recall: -1.0
[285, 310, 2762, 312, 881]
[0.20689655172413793, 0.7037037037037037, 0.99, 0.4961832061068702, 0.8762886597938144]
[0.322566401909737, 0.15618951124255895, 0.016152274247552573, 0.1719251295672528, 0.06543847264299521]
Accuracy: -1.0
[285, 310, 2762, 312, 881]
[0.2771929824561403, 0.8, 0.9916727009413469, 0.657051282051282, 0.9160045402951191]
[0.322566401909737, 0.15618951124255895, 0.016152274247552573, 0.1719251295672528, 0.06543847264299521]
FScore: -1.0
[285, 310, 2762, 312, 881]
[0.1487603305785124, 0.5507246376811594, 0.9944989237024635, 0.5485232067510548, 0.9018567639257294]
[0.322566401909737, 0.15618951124255895, 0.016152274247552573, 0.1719251295672528, 0.06543847264299521]
Matthews: -1.0
[285, 310, 2762, 312, 881]
[-0.448452766534991, 0.44716491029252875, 0.9775453026179363, 0.28100312771147273, 0.8296316410621668]
[0.322566401909737, 0.15618951124255895, 0.016152274247552573, 0.1719251295672528, 0.06543847264299521]

Analysis for twonorm (7400)
Precision: -0.8944271909999159
[161, 2385, 471, 3274, 1109]
[0.10975609756097561, 1.0, 0.9393939393939394, 1.0, 1.0]
[0.23487562929177444, 0.01844334444189896, 0.11121357527271798, 0.004622517361875764, 0.04883925561844409]
Recall: -0.8944271909999159
[161, 2385, 471, 3274, 1109]
[0.125, 1.0, 0.9649805447470817, 1.0, 1.0]
[0.23487562929177444, 0.01844334444189896, 0.11121357527271798, 0.004622517361875764, 0.04883925561844409]
Accuracy: -0.8944271909999159
[161, 2385, 471, 3274, 1109]
[0.15527950310559005, 1.0, 0.9469214437367304, 1.0, 1.0]
[0.23487562929177444, 0.01844334444189896, 0.11121357527271798, 0.004622517361875764, 0.04883925561844409]
FScore: -0.8944271909999159
[161, 2385, 471, 3274, 1109]
[0.1168831168831169, 1.0, 0.9520153550863724, 1.0, 1.0]
[0.23487562929177444, 0.01844334444189896, 0.11121357527271798, 0.004622517361875764, 0.04883925561844409]
Matthews: -0.8944271909999159
[161, 2385, 471, 3274, 1109]
[-0.6914582855128942, 1.0, 0.8930603841363063, 1.0, 1.0]
[0.23487562929177444, 0.01844334444189896, 0.11121357527271798, 0.004622517361875764, 0.04883925561844409]

Analysis for wdbc (560)
Precision: 0.8660254037844386
[110, 96, 0, 11, 343]
[1.0, 1.0, 0.0, 0.0, 0.0]
[0.05325443339391447, 0.019914295695661405, 0.0, 0.011698731509862986, 0.001711392842344759]
Recall: 0.7826237921249264
[110, 96, 0, 11, 343]
[0.8454545454545455, 0.9895833333333334, 0.0, 0.0, 0.0]
[0.05325443339391447, 0.019914295695661405, 0.0, 0.011698731509862986, 0.001711392842344759]
Accuracy: 0.5
[110, 96, 0, 11, 343]
[0.8454545454545455, 0.9895833333333334, 0.0, 0.7272727272727273, 0.9591836734693877]
[0.05325443339391447, 0.019914295695661405, 0.0, 0.011698731509862986, 0.001711392842344759]
FScore: 0.7826237921249264
[110, 96, 0, 11, 343]
[0.916256157635468, 0.9947643979057591, 0.0, 0.0, 0.0]
[0.05325443339391447, 0.019914295695661405, 0.0, 0.011698731509862986, 0.001711392842344759]
Matthews: NaN
[110, 96, 0, 11, 343]
[0.0, 0.0, 0.0, 0.0, 0.0]
[0.05325443339391447, 0.019914295695661405, 0.0, 0.011698731509862986, 0.001711392842344759]
