MultiResolutionExperiment(4, 10, MultiResolutionTransform(10, 0.10)

Analysis for appendicitis (100)
Precision: -0.9486832980505138
[2, 15, 7, 76]
[1.0, 0.2, 0.0, 1.0]
[0.03139757923783438, 0.04905340279877363, 0.2527052821425844, 0.0037662616099540303]
Recall: -0.8
[2, 15, 7, 76]
[1.0, 0.3333333333333333, 0.0, 0.9733333333333334]
[0.03139757923783438, 0.04905340279877363, 0.2527052821425844, 0.0037662616099540303]
Accuracy: -0.8
[2, 15, 7, 76]
[1.0, 0.6, 0.14285714285714285, 0.9736842105263158]
[0.03139757923783438, 0.04905340279877363, 0.2527052821425844, 0.0037662616099540303]
FScore: -0.8
[2, 15, 7, 76]
[1.0, 0.25, 0.0, 0.9864864864864865]
[0.03139757923783438, 0.04905340279877363, 0.2527052821425844, 0.0037662616099540303]
Matthews: -0.7745966692414834
[2, 15, 7, 76]
[0.0, 0.0, 0.0, 0.5696002496878354]
[0.03139757923783438, 0.04905340279877363, 0.2527052821425844, 0.0037662616099540303]

Analysis for banana (5300)
Precision: -0.8
[2829, 702, 446, 1323]
[0.9965889710062535, 0.9061224489795918, 0.0, 0.9971910112359551]
[0.012163862191905375, 0.1983172363636546, 0.3701796216970892, 0.07799025026351743]
Recall: -1.0
[2829, 702, 446, 1323]
[0.9988603988603989, 0.5904255319148937, 0.0, 0.9726027397260274]
[0.012163862191905375, 0.1983172363636546, 0.3701796216970892, 0.07799025026351743]
Accuracy: -1.0
[2829, 702, 446, 1323]
[0.9971721456344999, 0.7478632478632479, 0.17937219730941703, 0.983371126228269]
[0.012163862191905375, 0.1983172363636546, 0.3701796216970892, 0.07799025026351743]
FScore: -1.0
[2829, 702, 446, 1323]
[0.9977233921457029, 0.714975845410628, 0.0, 0.984743411927878]
[0.012163862191905375, 0.1983172363636546, 0.3701796216970892, 0.07799025026351743]
Matthews: -1.0
[2829, 702, 446, 1323]
[0.9939965464596761, 0.5439502293892376, -0.590369867890088, 0.9668409782762276]
[0.012163862191905375, 0.1983172363636546, 0.3701796216970892, 0.07799025026351743]

Analysis for breast-cancer-original (650)
Precision: -0.7745966692414835
[580, 43, 12, 15]
[1.0, 1.0, 0.0, 1.0]
[6.800169055428832E-4, 0.030849191006048913, 0.1695729460534423, 0.09404164434153137]
Recall: -0.8000000000000002
[580, 43, 12, 15]
[0.9927536231884058, 0.14285714285714285, 0.0, 0.25]
[6.800169055428832E-4, 0.030849191006048913, 0.1695729460534423, 0.09404164434153137]
Accuracy: -1.0
[580, 43, 12, 15]
[0.9948275862068966, 0.8604651162790697, 0.6666666666666666, 0.8]
[6.800169055428832E-4, 0.030849191006048913, 0.1695729460534423, 0.09404164434153137]
FScore: -0.8000000000000002
[580, 43, 12, 15]
[0.9963636363636363, 0.25, 0.0, 0.4]
[6.800169055428832E-4, 0.030849191006048913, 0.1695729460534423, 0.09404164434153137]
Matthews: -0.8000000000000002
[580, 43, 12, 15]
[0.9874871026025419, 0.3499271061118826, 0.0, 0.44320263021395917]
[6.800169055428832E-4, 0.030849191006048913, 0.1695729460534423, 0.09404164434153137]

Analysis for mammographic-masses (960)
Precision: -1.0
[109, 123, 516, 212]
[0.3387096774193548, 0.2608695652173913, 0.991044776119403, 0.7901234567901234]
[0.1964560136813052, 0.34363345098791254, 0.03475509518733084, 0.09772940134480855]
Recall: -1.0
[109, 123, 516, 212]
[0.7777777777777778, 0.2535211267605634, 0.9851632047477745, 0.8]
[0.1964560136813052, 0.34363345098791254, 0.03475509518733084, 0.09772940134480855]
Accuracy: -1.0
[109, 123, 516, 212]
[0.5688073394495413, 0.15447154471544716, 0.9844961240310077, 0.8443396226415094]
[0.1964560136813052, 0.34363345098791254, 0.03475509518733084, 0.09772940134480855]
FScore: -1.0
[109, 123, 516, 212]
[0.47191011235955055, 0.2571428571428571, 0.9880952380952381, 0.7950310559006211]
[0.1964560136813052, 0.34363345098791254, 0.03475509518733084, 0.09772940134480855]
Matthews: -1.0
[109, 123, 516, 212]
[0.24212605931120865, -0.7239224059449412, 0.9659087341916143, 0.6695971438439423]
[0.1964560136813052, 0.34363345098791254, 0.03475509518733084, 0.09772940134480855]

Analysis for phoneme (5400)
Precision: 0.8
[993, 728, 3062, 617]
[0.39791666666666664, 0.9458544839255499, 0.5142857142857142, 0.9970845481049563]
[0.10528033348421444, 0.18209400438771892, 0.011264808905783229, 0.3237525487462059]
Recall: -1.0
[993, 728, 3062, 617]
[0.8925233644859814, 0.8208516886930984, 0.972972972972973, 0.5551948051948052]
[0.10528033348421444, 0.18209400438771892, 0.011264808905783229, 0.3237525487462059]
Accuracy: -0.8
[993, 728, 3062, 617]
[0.6858006042296072, 0.7884615384615384, 0.977139124755062, 0.5542949756888168]
[0.10528033348421444, 0.18209400438771892, 0.011264808905783229, 0.3237525487462059]
FScore: 0.6
[993, 728, 3062, 617]
[0.5504322766570604, 0.8789308176100629, 0.6728971962616821, 0.7132429614181439]
[0.10528033348421444, 0.18209400438771892, 0.011264808905783229, 0.3237525487462059]
Matthews: -1.0
[993, 728, 3062, 617]
[0.42912093737498364, 0.08802345985591685, 0.6985926959138532, -0.03601122253020718]
[0.10528033348421444, 0.18209400438771892, 0.011264808905783229, 0.3237525487462059]

Analysis for pima (700)
Precision: -0.8
[97, 107, 113, 383]
[0.12121212121212122, 0.0, 1.0, 0.9676375404530745]
[0.09573670142168245, 0.23678669429146829, 0.09304937075576004, 0.02094554502760155]
Recall: -1.0
[97, 107, 113, 383]
[0.3333333333333333, 0.0, 0.6018518518518519, 0.9088145896656535]
[0.09573670142168245, 0.23678669429146829, 0.09304937075576004, 0.02094554502760155]
Accuracy: -1.0
[97, 107, 113, 383]
[0.6185567010309279, 0.27102803738317754, 0.6194690265486725, 0.8955613577023499]
[0.09573670142168245, 0.23678669429146829, 0.09304937075576004, 0.02094554502760155]
FScore: -1.0
[97, 107, 113, 383]
[0.17777777777777776, 0.0, 0.7514450867052023, 0.9373040752351097]
[0.09573670142168245, 0.23678669429146829, 0.09304937075576004, 0.02094554502760155]
Matthews: -1.0
[97, 107, 113, 383]
[-0.005450582834731072, -0.15560795763066687, 0.2503855052405548, 0.6378461452923636]
[0.09573670142168245, 0.23678669429146829, 0.09304937075576004, 0.02094554502760155]

Analysis for ring (7400)
Precision: -0.39999999999999997
[1574, 568, 755, 4503]
[0.7211055276381909, 0.8625954198473282, 0.8787375415282392, 0.9935064935064936]
[0.07351067192533395, 0.30469231472243485, 0.136255952015142, 0.019271940288543777]
Recall: -1.0
[1574, 568, 755, 4503]
[0.9778534923339012, 0.20545454545454545, 0.7802359882005899, 0.9929691725256896]
[0.07351067192533395, 0.30469231472243485, 0.136255952015142, 0.019271940288543777]
Accuracy: -1.0
[1574, 568, 755, 4503]
[0.8506988564167726, 0.198943661971831, 0.7059602649006622, 0.9944481456806573]
[0.07351067192533395, 0.30469231472243485, 0.136255952015142, 0.019271940288543777]
FScore: -1.0
[1574, 568, 755, 4503]
[0.8300795372378886, 0.3318649045521292, 0.8265624999999999, 0.9932377603462268]
[0.07351067192533395, 0.30469231472243485, 0.136255952015142, 0.019271940288543777]
Matthews: -1.0
[1574, 568, 755, 4503]
[0.7282585572566745, -0.3304151700422242, -0.1263425126660972, 0.9885288802513952]
[0.07351067192533395, 0.30469231472243485, 0.136255952015142, 0.019271940288543777]

Analysis for spambase (4550)
Precision: -1.0
[405, 1489, 617, 2039]
[0.10106382978723404, 0.975609756097561, 0.6183206106870229, 0.994475138121547]
[0.3268621375353395, 0.06169454850301697, 0.16488626616132357, 0.008389426140064363]
Recall: -1.0
[405, 1489, 617, 2039]
[0.2261904761904762, 0.9389671361502347, 0.5225806451612903, 0.989010989010989]
[0.3268621375353395, 0.06169454850301697, 0.16488626616132357, 0.008389426140064363]
Accuracy: -1.0
[405, 1489, 617, 2039]
[0.4222222222222222, 0.9395567494963063, 0.7990275526742301, 0.9882295242766062]
[0.3268621375353395, 0.06169454850301697, 0.16488626616132357, 0.008389426140064363]
FScore: -1.0
[405, 1489, 617, 2039]
[0.13970588235294118, 0.9569377990430622, 0.5664335664335666, 0.9917355371900827]
[0.3268621375353395, 0.06169454850301697, 0.16488626616132357, 0.008389426140064363]
Matthews: -1.0
[405, 1489, 617, 2039]
[-0.24413114526496993, 0.8574758270453038, 0.4394466934102873, 0.9713376171276361]
[0.3268621375353395, 0.06169454850301697, 0.16488626616132357, 0.008389426140064363]

Analysis for twonorm (7400)
Precision: -1.0
[189, 4782, 1837, 592]
[0.21052631578947367, 1.0, 0.9988751406074241, 0.9601226993865031]
[0.21405827986859527, 0.0036694614787029737, 0.025281293712986454, 0.08546120659573427]
Recall: -0.9486832980505139
[189, 4782, 1837, 592]
[0.24691358024691357, 1.0, 1.0, 0.9660493827160493]
[0.21405827986859527, 0.0036694614787029737, 0.025281293712986454, 0.08546120659573427]
Accuracy: -1.0
[189, 4782, 1837, 592]
[0.2804232804232804, 1.0, 0.9994556341861731, 0.9594594594594594]
[0.21405827986859527, 0.0036694614787029737, 0.025281293712986454, 0.08546120659573427]
FScore: -1.0
[189, 4782, 1837, 592]
[0.22727272727272727, 1.0, 0.9994372537985369, 0.963076923076923]
[0.21405827986859527, 0.0036694614787029737, 0.025281293712986454, 0.08546120659573427]
Matthews: -1.0
[189, 4782, 1837, 592]
[-0.44294688284575356, 1.0, 0.9989106992809064, 0.918155412879878]
[0.21405827986859527, 0.0036694614787029737, 0.025281293712986454, 0.08546120659573427]

Analysis for wdbc (560)
Precision: 0.9486832980505138
[38, 36, 436, 50]
[1.0, 1.0, 0.8350515463917526, 0.9782608695652174]
[0.1018411753257224, 0.04755708281592834, 0.003018265675002703, 0.015285350929135378]
Recall: -1.0
[38, 36, 436, 50]
[0.7631578947368421, 0.9166666666666666, 0.9759036144578314, 0.9183673469387755]
[0.1018411753257224, 0.04755708281592834, 0.003018265675002703, 0.015285350929135378]
Accuracy: -0.8000000000000002
[38, 36, 436, 50]
[0.7631578947368421, 0.9166666666666666, 0.9587155963302753, 0.9]
[0.1018411753257224, 0.04755708281592834, 0.003018265675002703, 0.015285350929135378]
FScore: -0.2000000000000001
[38, 36, 436, 50]
[0.8656716417910448, 0.9565217391304348, 0.9, 0.9473684210526316]
[0.1018411753257224, 0.04755708281592834, 0.003018265675002703, 0.015285350929135378]
Matthews: -0.31622776601683794
[38, 36, 436, 50]
[0.0, 0.0, 0.8784021435447158, -0.04212627318711346]
[0.1018411753257224, 0.04755708281592834, 0.003018265675002703, 0.015285350929135378]
