MultiResolutionExperiment(4, 10, MultiResolutionTransform(30, 0.15)

Analysis for appendicitis (100)
Precision: -0.4472135954999579
[1, 15, 7, 77]
[1.0, 0.0, 0.0, 1.0]
[0.12832678921048946, 0.04813409874592787, 0.23134188402679595, 0.0040890095162155835]
Recall: -0.210818510677892
[1, 15, 7, 77]
[1.0, 0.0, 0.0, 0.9868421052631579]
[0.12832678921048946, 0.04813409874592787, 0.23134188402679595, 0.0040890095162155835]
Accuracy: -0.39999999999999997
[1, 15, 7, 77]
[1.0, 0.5333333333333333, 0.14285714285714285, 0.987012987012987]
[0.12832678921048946, 0.04813409874592787, 0.23134188402679595, 0.0040890095162155835]
FScore: -0.210818510677892
[1, 15, 7, 77]
[1.0, 0.0, 0.0, 0.9933774834437086]
[0.12832678921048946, 0.04813409874592787, 0.23134188402679595, 0.0040890095162155835]
Matthews: -0.31622776601683794
[1, 15, 7, 77]
[0.0, -0.30151134457776363, 0.0, 0.7024393586862705]
[0.12832678921048946, 0.04813409874592787, 0.23134188402679595, 0.0040890095162155835]

Analysis for banana (5300)
Precision: -0.8
[2520, 800, 477, 1503]
[0.9963076923076923, 0.9442508710801394, 0.003215434083601286, 0.9974874371859297]
[0.013553805082759884, 0.1709346362392184, 0.33030857956651705, 0.06695023679938833]
Recall: -1.0
[2520, 800, 477, 1503]
[0.9993827160493827, 0.62877030162413, 0.015873015873015872, 0.980246913580247]
[0.013553805082759884, 0.1709346362392184, 0.33030857956651705, 0.06695023679938833]
Accuracy: -1.0
[2520, 800, 477, 1503]
[0.9972222222222222, 0.78, 0.22012578616352202, 0.9880239520958084]
[0.013553805082759884, 0.1709346362392184, 0.33030857956651705, 0.06695023679938833]
FScore: -1.0
[2520, 800, 477, 1503]
[0.9978428351309707, 0.7548746518105849, 0.005347593582887701, 0.9887920298879204]
[0.013553805082759884, 0.1709346362392184, 0.33030857956651705, 0.06695023679938833]
Matthews: -1.0
[2520, 800, 477, 1503]
[0.9939524416861496, 0.6084322504482114, -0.5209455565476279, 0.9761079535510744]
[0.013553805082759884, 0.1709346362392184, 0.33030857956651705, 0.06695023679938833]

Analysis for breast-cancer-original (650)
Precision: -0.7745966692414835
[577, 43, 14, 16]
[1.0, 1.0, 0.0, 1.0]
[6.258177722853747E-4, 0.0252737764069643, 0.1417660925292318, 0.07682219976063015]
Recall: -1.0
[577, 43, 14, 16]
[0.9927360774818402, 0.2857142857142857, 0.0, 0.25]
[6.258177722853747E-4, 0.0252737764069643, 0.1417660925292318, 0.07682219976063015]
Accuracy: -1.0
[577, 43, 14, 16]
[0.9948006932409013, 0.8837209302325582, 0.6428571428571429, 0.8125]
[6.258177722853747E-4, 0.0252737764069643, 0.1417660925292318, 0.07682219976063015]
FScore: -1.0
[577, 43, 14, 16]
[0.9963547995139732, 0.4444444444444445, 0.0, 0.4]
[6.258177722853747E-4, 0.0252737764069643, 0.1417660925292318, 0.07682219976063015]
Matthews: -1.0
[577, 43, 14, 16]
[0.9873715082235398, 0.5008703226778094, 0.0, 0.4472135954999579]
[6.258177722853747E-4, 0.0252737764069643, 0.1417660925292318, 0.07682219976063015]

Analysis for mammographic-masses (960)
Precision: -1.0
[139, 127, 545, 149]
[0.7808219178082192, 0.2876712328767123, 0.9881305637982196, 0.375]
[0.09063703510704554, 0.3121073003311581, 0.03463760521226264, 0.16048756708624762]
Recall: -0.8000000000000002
[139, 127, 545, 149]
[0.7808219178082192, 0.28378378378378377, 0.985207100591716, 0.8]
[0.09063703510704554, 0.3121073003311581, 0.03463760521226264, 0.16048756708624762]
Accuracy: -1.0
[139, 127, 545, 149]
[0.7697841726618705, 0.1732283464566929, 0.9834862385321101, 0.6912751677852349]
[0.09063703510704554, 0.3121073003311581, 0.03463760521226264, 0.16048756708624762]
FScore: -1.0
[139, 127, 545, 149]
[0.7808219178082192, 0.28571428571428564, 0.9866666666666667, 0.5106382978723405]
[0.09063703510704554, 0.3121073003311581, 0.03463760521226264, 0.16048756708624762]
Matthews: -1.0
[139, 127, 545, 149]
[0.5383976753839768, -0.6955770206239587, 0.9649873500172036, 0.37577404049591795]
[0.09063703510704554, 0.3121073003311581, 0.03463760521226264, 0.16048756708624762]

Analysis for phoneme (5400)
Precision: 0.8
[730, 1005, 3023, 642]
[0.9618573797678275, 0.3770491803278688, 0.4, 1.0]
[0.16989728526568237, 0.09786170845183338, 0.011000335169835162, 0.2944673866613365]
Recall: -1.0
[730, 1005, 3023, 642]
[0.8345323741007195, 0.8975609756097561, 0.9767441860465116, 0.557632398753894]
[0.16989728526568237, 0.09786170845183338, 0.011000335169835162, 0.2944673866613365]
Accuracy: -0.8
[730, 1005, 3023, 642]
[0.810958904109589, 0.6766169154228856, 0.9788289778365862, 0.557632398753894]
[0.16989728526568237, 0.09786170845183338, 0.011000335169835162, 0.2944673866613365]
FScore: 0.6
[730, 1005, 3023, 642]
[0.8936825885978428, 0.531024531024531, 0.5675675675675677, 0.716]
[0.16989728526568237, 0.09786170845183338, 0.011000335169835162, 0.2944673866613365]
Matthews: -1.0
[730, 1005, 3023, 642]
[0.09997556312544897, 0.4172806673930801, 0.6179917579455574, 0.0]
[0.16989728526568237, 0.09786170845183338, 0.011000335169835162, 0.2944673866613365]

Analysis for pima (700)
Precision: -0.8
[127, 100, 99, 374]
[1.0, 0.0, 0.08333333333333333, 0.9706840390879479]
[0.07915206198098261, 0.22033121128657712, 0.096058122419472, 0.01966311830795542]
Recall: -1.0
[127, 100, 99, 374]
[0.5826086956521739, 0.0, 0.3, 0.916923076923077]
[0.07915206198098261, 0.22033121128657712, 0.096058122419472, 0.01966311830795542]
Accuracy: -1.0
[127, 100, 99, 374]
[0.6220472440944882, 0.26, 0.5959595959595959, 0.9037433155080213]
[0.07915206198098261, 0.22033121128657712, 0.096058122419472, 0.01966311830795542]
FScore: -1.0
[127, 100, 99, 374]
[0.7362637362637362, 0.0, 0.13043478260869565, 0.9430379746835443]
[0.07915206198098261, 0.22033121128657712, 0.096058122419472, 0.01966311830795542]
Matthews: -0.8
[127, 100, 99, 374]
[0.34135280741548735, 0.0, -0.04434289272060925, 0.6451860529252761]
[0.07915206198098261, 0.22033121128657712, 0.096058122419472, 0.01966311830795542]

Analysis for ring (7400)
Precision: -0.39999999999999997
[1551, 560, 738, 4551]
[0.7152858809801633, 0.873015873015873, 0.9195205479452054, 0.9900552486187846]
[0.06723573863689909, 0.27444350106173787, 0.1232284741195677, 0.018485879957468806]
Recall: -1.0
[1551, 560, 738, 4551]
[0.9776714513556619, 0.20220588235294118, 0.7805232558139535, 0.992797783933518]
[0.06723573863689909, 0.27444350106173787, 0.1232284741195677, 0.018485879957468806]
Accuracy: -1.0
[1551, 560, 738, 4551]
[0.8336557059961315, 0.19642857142857142, 0.7317073170731707, 0.993188310261481]
[0.06723573863689909, 0.27444350106173787, 0.1232284741195677, 0.018485879957468806]
FScore: -0.8
[1551, 560, 738, 4551]
[0.8261455525606469, 0.32835820895522394, 0.8443396226415094, 0.9914246196403873]
[0.06723573863689909, 0.27444350106173787, 0.1232284741195677, 0.018485879957468806]
Matthews: -1.0
[1551, 560, 738, 4551]
[0.7042969090018769, -0.318287903544077, -0.09863017370850342, 0.9857775146856766]
[0.06723573863689909, 0.27444350106173787, 0.1232284741195677, 0.018485879957468806]

Analysis for spambase (4550)
Precision: -1.0
[407, 1518, 639, 1986]
[0.09574468085106383, 0.9774011299435028, 0.6062992125984252, 0.9943462897526502]
[0.2920626910901339, 0.055240300489501744, 0.14546416183421593, 0.007543578058605452]
Recall: -1.0
[407, 1518, 639, 1986]
[0.21686746987951808, 0.9393665158371041, 0.5133333333333333, 0.989451476793249]
[0.2920626910901339, 0.055240300489501744, 0.14546416183421593, 0.007543578058605452]
Accuracy: -1.0
[407, 1518, 639, 1986]
[0.4226044226044226, 0.9400527009222661, 0.8075117370892019, 0.9884189325276939]
[0.2920626910901339, 0.055240300489501744, 0.14546416183421593, 0.007543578058605452]
FScore: -1.0
[407, 1518, 639, 1986]
[0.13284132841328414, 0.9580064605445315, 0.555956678700361, 0.9918928445541064]
[0.2920626910901339, 0.055240300489501744, 0.14546416183421593, 0.007543578058605452]
Matthews: -1.0
[407, 1518, 639, 1986]
[-0.2487785250851016, 0.855486471495996, 0.43660994892826244, 0.9716651822134841]
[0.2920626910901339, 0.055240300489501744, 0.14546416183421593, 0.007543578058605452]

Analysis for twonorm (7400)
Precision: -1.0
[254, 4271, 2104, 771]
[0.3333333333333333, 1.0, 0.9990253411306043, 0.9906103286384976]
[0.17522216689442519, 0.003147685903645741, 0.019093967373271445, 0.06383962041874866]
Recall: -0.9486832980505139
[254, 4271, 2104, 771]
[0.3783783783783784, 1.0, 1.0, 0.9929411764705882]
[0.17522216689442519, 0.003147685903645741, 0.019093967373271445, 0.06383962041874866]
Accuracy: -1.0
[254, 4271, 2104, 771]
[0.39763779527559057, 1.0, 0.9995247148288974, 0.9909208819714657]
[0.17522216689442519, 0.003147685903645741, 0.019093967373271445, 0.06383962041874866]
FScore: -1.0
[254, 4271, 2104, 771]
[0.3544303797468354, 1.0, 0.999512432959532, 0.9917743830787308]
[0.17522216689442519, 0.003147685903645741, 0.019093967373271445, 0.06383962041874866]
Matthews: -1.0
[254, 4271, 2104, 771]
[-0.20737510368757778, 1.0, 0.9990492782488728, 0.9816475433095453]
[0.17522216689442519, 0.003147685903645741, 0.019093967373271445, 0.06383962041874866]

Analysis for wdbc (560)
Precision: 0.9486832980505138
[60, 0, 449, 51]
[1.0, 0.0, 0.8440366972477065, 1.0]
[0.06807174319049766, 0.0, 0.0024019213473511214, 0.018311499762466668]
Recall: 0.2000000000000001
[60, 0, 449, 51]
[0.8166666666666667, 0.0, 0.968421052631579, 0.9215686274509803]
[0.06807174319049766, 0.0, 0.0024019213473511214, 0.018311499762466668]
Accuracy: 0.2000000000000001
[60, 0, 449, 51]
[0.8166666666666667, 0.0, 0.955456570155902, 0.9215686274509803]
[0.06807174319049766, 0.0, 0.0024019213473511214, 0.018311499762466668]
FScore: 0.39999999999999997
[60, 0, 449, 51]
[0.8990825688073394, 0.0, 0.9019607843137255, 0.9591836734693878]
[0.06807174319049766, 0.0, 0.0024019213473511214, 0.018311499762466668]
Matthews: -0.25819888974716104
[60, 0, 449, 51]
[0.0, 0.0, 0.8767718678410387, 0.0]
[0.06807174319049766, 0.0, 0.0024019213473511214, 0.018311499762466668]
