MultiResolutionExperiment(3, 10, MultiResolutionTransform(20, 0.25))

Analysis for appendicitis (100)
Precision: -0.8660254037844386
[19, 76, 5]
[0.0, 1.0, 1.0]
[0.17368837814544824, 0.004630793962156665, 0.09561220137087964]
Recall: -1.0
[19, 76, 5]
[0.0, 0.9868421052631579, 0.25]
[0.17368837814544824, 0.004630793962156665, 0.09561220137087964]
Accuracy: -0.5
[19, 76, 5]
[0.47368421052631576, 0.9868421052631579, 0.4]
[0.17368837814544824, 0.004630793962156665, 0.09561220137087964]
FScore: -1.0
[19, 76, 5]
[0.0, 0.9933774834437086, 0.4]
[0.17368837814544824, 0.004630793962156665, 0.09561220137087964]
Matthews: 0.0
[19, 76, 5]
[0.0, 0.0, 0.25]
[0.17368837814544824, 0.004630793962156665, 0.09561220137087964]

Analysis for banana (5300)
Precision: -1.0
[1787, 2867, 646]
[0.9823269513991163, 1.0, 0.04451038575667656]
[0.123917633121776, 0.037047381369129155, 0.3227840203423724]
Recall: -1.0
[1787, 2867, 646]
[0.8529411764705882, 0.9945382323733863, 0.1171875]
[0.123917633121776, 0.037047381369129155, 0.3227840203423724]
Accuracy: -1.0
[1787, 2867, 646]
[0.9289311695579183, 0.9961632368329264, 0.326625386996904]
[0.123917633121776, 0.037047381369129155, 0.3227840203423724]
FScore: -1.0
[1787, 2867, 646]
[0.9130732375085557, 0.9972616380383371, 0.06451612903225806]
[0.123917633121776, 0.037047381369129155, 0.3227840203423724]
Matthews: -1.0
[1787, 2867, 646]
[0.8595637447635758, 0.9908967086862784, -0.4025132031624145]
[0.123917633121776, 0.037047381369129155, 0.3227840203423724]

Analysis for breast-cancer-original (650)
Precision: NaN
[416, 55, 179]
[1.0, 1.0, 1.0]
[0.0011726617478154315, 0.11832161449316744, 0.029620168531363924]
Recall: -1.0
[416, 55, 179]
[0.9879518072289156, 0.09090909090909091, 0.6666666666666666]
[0.0011726617478154315, 0.11832161449316744, 0.029620168531363924]
Accuracy: -0.5
[416, 55, 179]
[0.9879807692307693, 0.8181818181818182, 0.994413407821229]
[0.0011726617478154315, 0.11832161449316744, 0.029620168531363924]
FScore: -1.0
[416, 55, 179]
[0.993939393939394, 0.16666666666666669, 0.8]
[0.0011726617478154315, 0.11832161449316744, 0.029620168531363924]
Matthews: -0.5
[416, 55, 179]
[0.4057815108382251, 0.2721655269759087, 0.814186826424941]
[0.0011726617478154315, 0.11832161449316744, 0.029620168531363924]

Analysis for mammographic-masses (960)
Precision: -1.0
[138, 521, 301]
[0.22784810126582278, 0.9969512195121951, 0.6428571428571429]
[0.31793789933163724, 0.039909065329010084, 0.14106473972744282]
Recall: -1.0
[138, 521, 301]
[0.25, 0.993920972644377, 0.7894736842105263]
[0.31793789933163724, 0.039909065329010084, 0.14106473972744282]
Accuracy: -1.0
[138, 521, 301]
[0.16666666666666666, 0.9942418426103646, 0.7541528239202658]
[0.31793789933163724, 0.039909065329010084, 0.14106473972744282]
FScore: -1.0
[138, 521, 301]
[0.23841059602649006, 0.995433789954338, 0.7086614173228346]
[0.31793789933163724, 0.039909065329010084, 0.14106473972744282]
Matthews: -1.0
[138, 521, 301]
[-0.6807924644051239, 0.9876500112266627, 0.5077442098397849]
[0.31793789933163724, 0.039909065329010084, 0.14106473972744282]

Analysis for phoneme (5400)
Precision: 1.0
[1084, 3180, 1136]
[0.6002886002886003, 0.0, 0.9973333333333333]
[0.13445630481886028, 0.017337841096648425, 0.27834789485737743]
Recall: 0.5
[1084, 3180, 1136]
[0.9223946784922394, 0.0, 0.6596119929453262]
[0.13445630481886028, 0.017337841096648425, 0.27834789485737743]
Accuracy: -1.0
[1084, 3180, 1136]
[0.7121771217712177, 0.9650943396226415, 0.6584507042253521]
[0.13445630481886028, 0.017337841096648425, 0.27834789485737743]
FScore: 1.0
[1084, 3180, 1136]
[0.7272727272727272, 0.0, 0.7940552016985137]
[0.13445630481886028, 0.017337841096648425, 0.27834789485737743]
Matthews: -0.5
[1084, 3180, 1136]
[0.49761573670912435, 0.0, -0.030128082450527723]
[0.13445630481886028, 0.017337841096648425, 0.27834789485737743]

Analysis for pima (700)
Precision: -1.0
[179, 162, 359]
[0.7407407407407407, 0.0, 1.0]
[0.09731943257145004, 0.2040765890098862, 0.028777956030413738]
Recall: -1.0
[179, 162, 359]
[0.4444444444444444, 0.0, 0.9162011173184358]
[0.09731943257145004, 0.2040765890098862, 0.028777956030413738]
Accuracy: -1.0
[179, 162, 359]
[0.6424581005586593, 0.35802469135802467, 0.9164345403899722]
[0.09731943257145004, 0.2040765890098862, 0.028777956030413738]
FScore: -1.0
[179, 162, 359]
[0.5555555555555555, 0.0, 0.956268221574344]
[0.09731943257145004, 0.2040765890098862, 0.028777956030413738]
Matthews: -0.5
[179, 162, 359]
[0.3127949202517423, -0.1457737973711325, 0.17191531273335603]
[0.09731943257145004, 0.2040765890098862, 0.028777956030413738]

Analysis for ring (7400)
Precision: 0.5
[993, 4479, 1928]
[0.8919540229885058, 0.8328792007266121, 0.948940793047257]
[0.2308842957868187, 0.03255336789841618, 0.06950537767735691]
Recall: -1.0
[993, 4479, 1928]
[0.41145281018027574, 1.0, 0.9684035476718403]
[0.2308842957868187, 0.03255336789841618, 0.06950537767735691]
Accuracy: -1.0
[993, 4479, 1928]
[0.39375629405840884, 0.9589194016521545, 0.9216804979253111]
[0.2308842957868187, 0.03255336789841618, 0.06950537767735691]
FScore: -0.5
[993, 4479, 1928]
[0.5631349782293178, 0.908820614469772, 0.9585733882030179]
[0.2308842957868187, 0.03255336789841618, 0.06950537767735691]
Matthews: -1.0
[993, 4479, 1928]
[-0.23295009328734181, 0.8887382529273227, 0.24857786786079528]
[0.2308842957868187, 0.03255336789841618, 0.06950537767735691]

Analysis for spambase (4550)
Precision: -1.0
[512, 932, 3106]
[0.1939655172413793, 0.7900355871886121, 0.9973672663448881]
[0.2513554250294948, 0.09625795422715698, 0.01919244597581609]
Recall: -1.0
[512, 932, 3106]
[0.30405405405405406, 0.7302631578947368, 0.9848353552859619]
[0.2513554250294948, 0.09625795422715698, 0.01919244597581609]
Accuracy: -1.0
[512, 932, 3106]
[0.43359375, 0.8487124463519313, 0.9867997424339987]
[0.2513554250294948, 0.09625795422715698, 0.01919244597581609]
FScore: -1.0
[512, 932, 3106]
[0.23684210526315788, 0.7589743589743589, 0.9910616960976675]
[0.2513554250294948, 0.09625795422715698, 0.01919244597581609]
Matthews: -1.0
[512, 932, 3106]
[-0.19095020372951907, 0.650046636276404, 0.9661169184712975]
[0.2513554250294948, 0.09625795422715698, 0.01919244597581609]

Analysis for twonorm (7400)
Precision: -0.8660254037844386
[2046, 4928, 426]
[1.0, 1.0, 0.6061946902654868]
[0.041510550765161025, 0.007976653028690973, 0.1555118898756855]
Recall: -0.8660254037844386
[2046, 4928, 426]
[1.0, 1.0, 0.6555023923444976]
[0.041510550765161025, 0.007976653028690973, 0.1555118898756855]
Accuracy: -0.8660254037844386
[2046, 4928, 426]
[1.0, 1.0, 0.6220657276995305]
[0.041510550765161025, 0.007976653028690973, 0.1555118898756855]
FScore: -0.8660254037844386
[2046, 4928, 426]
[1.0, 1.0, 0.6298850574712643]
[0.041510550765161025, 0.007976653028690973, 0.1555118898756855]
Matthews: -0.8660254037844386
[2046, 4928, 426]
[1.0, 1.0, 0.24577906605403727]
[0.041510550765161025, 0.007976653028690973, 0.1555118898756855]

Analysis for wdbc (560)
Precision: 0.8660254037844386
[92, 111, 357]
[1.0, 1.0, 0.15]
[0.048002107159576334, 0.017318203708223606, 0.0016998431433739951]
Recall: -1.0
[92, 111, 357]
[0.8369565217391305, 0.972972972972973, 1.0]
[0.048002107159576334, 0.017318203708223606, 0.0016998431433739951]
Accuracy: -0.5
[92, 111, 357]
[0.8369565217391305, 0.972972972972973, 0.9523809523809523]
[0.048002107159576334, 0.017318203708223606, 0.0016998431433739951]
FScore: 0.5
[92, 111, 357]
[0.911242603550296, 0.9863013698630138, 0.2608695652173913]
[0.048002107159576334, 0.017318203708223606, 0.0016998431433739951]
Matthews: -0.8660254037844386
[92, 111, 357]
[0.0, 0.0, 0.3778843873058155]
[0.048002107159576334, 0.017318203708223606, 0.0016998431433739951]
