MultiResolutionExperiment(5, 10, MultiResolutionTransform(30, 0.25))

Analysis for appendicitis (100)
Precision: -0.288675134594813
[1, 0, 76, 18, 5]
[0.0, 0.0, 1.0, 0.0, 1.0]
[0.37880099009131446, 0.0, 0.0043560931082645945, 0.15388306960613618, 0.08972370139263006]
Recall: -0.33541019662496846
[1, 0, 76, 18, 5]
[0.0, 0.0, 0.9868421052631579, 0.0, 0.25]
[0.37880099009131446, 0.0, 0.0043560931082645945, 0.15388306960613618, 0.08972370139263006]
Accuracy: -0.10259783520851513
[1, 0, 76, 18, 5]
[0.0, 0.0, 0.9868421052631579, 0.5, 0.4]
[0.37880099009131446, 0.0, 0.0043560931082645945, 0.15388306960613618, 0.08972370139263006]
FScore: -0.33541019662496846
[1, 0, 76, 18, 5]
[0.0, 0.0, 0.9933774834437086, 0.0, 0.4]
[0.37880099009131446, 0.0, 0.0043560931082645945, 0.15388306960613618, 0.08972370139263006]
Matthews: 0.0
[1, 0, 76, 18, 5]
[0.0, 0.0, 0.0, 0.0, 0.25]
[0.37880099009131446, 0.0, 0.0043560931082645945, 0.15388306960613618, 0.08972370139263006]

Analysis for banana (5300)
Precision: -0.9
[738, 1004, 486, 2669, 403]
[0.9983471074380166, 0.9585798816568047, 0.6730769230769231, 1.0, 0.0]
[0.1270414701230559, 0.0913515183475986, 0.21490565652739785, 0.03105665573088225, 0.35280002173115527]
Recall: -1.0
[738, 1004, 486, 2669, 403]
[0.8531073446327684, 0.9938650306748467, 0.42168674698795183, 0.9994594594594595, 0.0]
[0.1270414701230559, 0.0913515183475986, 0.21490565652739785, 0.03105665573088225, 0.35280002173115527]
Accuracy: -1.0
[738, 1004, 486, 2669, 403]
[0.8577235772357723, 0.9920318725099602, 0.7325102880658436, 0.9996253278381416, 0.18362282878411912]
[0.1270414701230559, 0.0913515183475986, 0.21490565652739785, 0.03105665573088225, 0.35280002173115527]
FScore: -1.0
[738, 1004, 486, 2669, 403]
[0.9200304645849201, 0.9759036144578314, 0.5185185185185185, 0.9997296566639632, 0.0]
[0.1270414701230559, 0.0913515183475986, 0.21490565652739785, 0.03105665573088225, 0.35280002173115527]
Matthews: -1.0
[738, 1004, 486, 2669, 403]
[0.42118014956039496, 0.9713599059418461, 0.36474804045775744, 0.9991199159560972, -0.51569183551493]
[0.1270414701230559, 0.0913515183475986, 0.21490565652739785, 0.03105665573088225, 0.35280002173115527]

Analysis for breast-cancer-original (650)
Precision: -0.0
[414, 109, 11, 85, 31]
[1.0, 0.0, 1.0, 1.0, 0.0]
[0.0010087844896064754, 0.017522725938709297, 0.14793049055136345, 0.04650364647637202, 0.11701413820335307]
Recall: -0.2051956704170307
[414, 109, 11, 85, 31]
[0.9903381642512077, 0.0, 0.09090909090909091, 1.0, 0.0]
[0.0010087844896064754, 0.017522725938709297, 0.14793049055136345, 0.04650364647637202, 0.11701413820335307]
Accuracy: -0.15389675281277299
[414, 109, 11, 85, 31]
[0.9903381642512077, 0.981651376146789, 0.09090909090909091, 1.0, 1.0]
[0.0010087844896064754, 0.017522725938709297, 0.14793049055136345, 0.04650364647637202, 0.11701413820335307]
FScore: -0.2051956704170307
[414, 109, 11, 85, 31]
[0.9951456310679612, 0.0, 0.16666666666666669, 1.0, 0.0]
[0.0010087844896064754, 0.017522725938709297, 0.14793049055136345, 0.04650364647637202, 0.11701413820335307]
Matthews: -0.0
[414, 109, 11, 85, 31]
[0.0, 0.0, 0.0, 1.0, 0.0]
[0.0010087844896064754, 0.017522725938709297, 0.14793049055136345, 0.04650364647637202, 0.11701413820335307]

Analysis for mammographic-masses (960)
Precision: -0.9
[103, 59, 104, 196, 498]
[0.3103448275862069, 0.10344827586206896, 0.4166666666666667, 0.8625, 1.0]
[0.1862564505776946, 0.3899585580416726, 0.22470841785059953, 0.09840211343525852, 0.037183469867466054]
Recall: -1.0
[103, 59, 104, 196, 498]
[0.72, 0.09090909090909091, 0.44642857142857145, 0.8734177215189873, 0.9937888198757764]
[0.1862564505776946, 0.3899585580416726, 0.22470841785059953, 0.09840211343525852, 0.037183469867466054]
Accuracy: -1.0
[103, 59, 104, 196, 498]
[0.5436893203883495, 0.05084745762711865, 0.36538461538461536, 0.8928571428571429, 0.9959839357429718]
[0.1862564505776946, 0.3899585580416726, 0.22470841785059953, 0.09840211343525852, 0.037183469867466054]
FScore: -1.0
[103, 59, 104, 196, 498]
[0.4337349397590362, 0.0967741935483871, 0.43103448275862066, 0.8679245283018868, 0.9968847352024921]
[0.1862564505776946, 0.3899585580416726, 0.22470841785059953, 0.09840211343525852, 0.037183469867466054]
Matthews: -1.0
[103, 59, 104, 196, 498]
[0.1790786475272708, -0.9027995469336333, -0.28529686318692704, 0.7778453136408153, 0.9912732485850297]
[0.1862564505776946, 0.3899585580416726, 0.22470841785059953, 0.09840211343525852, 0.037183469867466054]

Analysis for phoneme (5400)
Precision: 0.9746794344808963
[658, 985, 2169, 740, 848]
[0.006779661016949152, 0.0, 0.0, 0.9954614220877458, 1.0]
[0.12964530755755194, 0.04132888630873623, 0.004083843847642008, 0.15604333539101395, 0.29099218283884404]
Recall: 0.5642880936468347
[658, 985, 2169, 740, 848]
[1.0, 0.0, 0.0, 0.8952380952380953, 0.5943396226415094]
[0.12964530755755194, 0.04132888630873623, 0.004083843847642008, 0.15604333539101395, 0.29099218283884404]
Accuracy: -0.7000000000000001
[658, 985, 2169, 740, 848]
[0.5547112462006079, 0.9197969543147209, 0.9930843706777317, 0.8918918918918919, 0.5943396226415094]
[0.12964530755755194, 0.04132888630873623, 0.004083843847642008, 0.15604333539101395, 0.29099218283884404]
FScore: 0.872081599272381
[658, 985, 2169, 740, 848]
[0.01346801346801347, 0.0, 0.0, 0.9426934097421205, 0.7455621301775148]
[0.12964530755755194, 0.04132888630873623, 0.004083843847642008, 0.15604333539101395, 0.29099218283884404]
Matthews: 0.33541019662496846
[658, 985, 2169, 740, 848]
[0.06124989981515627, 0.0, 0.0, 0.07832254503029669, 0.0]
[0.12964530755755194, 0.04132888630873623, 0.004083843847642008, 0.15604333539101395, 0.29099218283884404]

Analysis for pima (700)
Precision: -0.6708203932499369
[116, 130, 137, 240, 77]
[0.03333333333333333, 1.0, 0.0, 1.0, 1.0]
[0.09657856953639955, 0.04873717071160214, 0.20582888666749727, 0.01616044732840345, 0.1087801318876112]
Recall: -0.9
[116, 130, 137, 240, 77]
[0.125, 0.7983870967741935, 0.0, 0.9583333333333334, 0.5]
[0.09657856953639955, 0.04873717071160214, 0.20582888666749727, 0.01616044732840345, 0.1087801318876112]
Accuracy: -1.0
[116, 130, 137, 240, 77]
[0.6896551724137931, 0.8076923076923077, 0.35036496350364965, 0.9583333333333334, 0.5064935064935064]
[0.09657856953639955, 0.04873717071160214, 0.20582888666749727, 0.01616044732840345, 0.1087801318876112]
FScore: -0.9
[116, 130, 137, 240, 77]
[0.052631578947368425, 0.8878923766816144, 0.0, 0.9787234042553191, 0.6666666666666666]
[0.09657856953639955, 0.04873717071160214, 0.20582888666749727, 0.01616044732840345, 0.1087801318876112]
Matthews: -0.5
[116, 130, 137, 240, 77]
[-0.08305293048490431, 0.3930986324823852, -0.16055459438389727, 0.0, 0.11322770341445958]
[0.09657856953639955, 0.04873717071160214, 0.20582888666749727, 0.01616044732840345, 0.1087801318876112]

Analysis for ring (7400)
Precision: -0.5
[1778, 974, 947, 304, 3397]
[1.0, 0.017391304347826087, 0.9821882951653944, 0.04411764705882353, 0.989406779661017]
[0.061297033208016216, 0.06306029427782853, 0.22327636429387154, 0.13542824737719025, 0.01828560903572843]
Recall: -0.8207826816681233
[1778, 974, 947, 304, 3397]
[0.967941507311586, 1.0, 0.4106382978723404, 0.9, 1.0]
[0.061297033208016216, 0.06306029427782853, 0.22327636429387154, 0.13542824737719025, 0.01828560903572843]
Accuracy: -0.9
[1778, 974, 947, 304, 3397]
[0.967941507311586, 0.8839835728952772, 0.40760295670538543, 0.35526315789473684, 0.9970562260818369]
[0.061297033208016216, 0.06306029427782853, 0.22327636429387154, 0.13542824737719025, 0.01828560903572843]
FScore: -0.6
[1778, 974, 947, 304, 3397]
[0.9837096313232352, 0.03418803418803419, 0.5791447861965492, 0.08411214953271029, 0.9946751863684772]
[0.061297033208016216, 0.06306029427782853, 0.22327636429387154, 0.13542824737719025, 0.01828560903572843]
Matthews: -0.7000000000000001
[1778, 974, 947, 304, 3397]
[0.0, 0.12397368977306912, -0.10245748717940831, 0.08987118966772899, 0.9926679705520045]
[0.061297033208016216, 0.06306029427782853, 0.22327636429387154, 0.13542824737719025, 0.01828560903572843]

Analysis for spambase (4550)
Precision: -0.9
[291, 286, 2750, 328, 895]
[0.11612903225806452, 0.4430379746835443, 0.9990421455938697, 0.5963302752293578, 0.9307479224376731]
[0.2862566851605063, 0.13820344696245368, 0.014606952657598371, 0.15305421026682875, 0.058735607313067206]
Recall: -1.0
[291, 286, 2750, 328, 895]
[0.20930232558139536, 0.7291666666666666, 0.9895635673624289, 0.47794117647058826, 0.8795811518324608]
[0.2862566851605063, 0.13820344696245368, 0.014606952657598371, 0.15305421026682875, 0.058735607313067206]
Accuracy: -1.0
[291, 286, 2750, 328, 895]
[0.29553264604810997, 0.8006993006993007, 0.9912727272727273, 0.649390243902439, 0.9206703910614525]
[0.2862566851605063, 0.13820344696245368, 0.014606952657598371, 0.15305421026682875, 0.058735607313067206]
FScore: -1.0
[291, 286, 2750, 328, 895]
[0.14937759336099585, 0.5511811023622047, 0.994280266920877, 0.5306122448979591, 0.9044414535666219]
[0.2862566851605063, 0.13820344696245368, 0.014606952657598371, 0.15305421026682875, 0.058735607313067206]
Matthews: -1.0
[291, 286, 2750, 328, 895]
[-0.4197535856409192, 0.4549282455582804, 0.9760743613260882, 0.2601900240817403, 0.8376986628948476]
[0.2862566851605063, 0.13820344696245368, 0.014606952657598371, 0.15305421026682875, 0.058735607313067206]

Analysis for twonorm (7400)
Precision: -0.8944271909999159
[151, 2422, 476, 3170, 1181]
[0.08860759493670886, 1.0, 0.9356060606060606, 1.0, 1.0]
[0.20998969589141867, 0.015609805715000228, 0.09944378719529806, 0.004043749479148326, 0.04194391944961115]
Recall: -0.8944271909999159
[151, 2422, 476, 3170, 1181]
[0.10144927536231885, 1.0, 0.9610894941634242, 1.0, 1.0]
[0.20998969589141867, 0.015609805715000228, 0.09944378719529806, 0.004043749479148326, 0.04194391944961115]
Accuracy: -0.8944271909999159
[151, 2422, 476, 3170, 1181]
[0.11258278145695365, 1.0, 0.9432773109243697, 1.0, 1.0]
[0.20998969589141867, 0.015609805715000228, 0.09944378719529806, 0.004043749479148326, 0.04194391944961115]
FScore: -0.8944271909999159
[151, 2422, 476, 3170, 1181]
[0.0945945945945946, 1.0, 0.9481765834932822, 1.0, 1.0]
[0.20998969589141867, 0.015609805715000228, 0.09944378719529806, 0.004043749479148326, 0.04194391944961115]
Matthews: -0.8944271909999159
[151, 2422, 476, 3170, 1181]
[-0.774548803090379, 1.0, 0.8859465979803617, 1.0, 1.0]
[0.20998969589141867, 0.015609805715000228, 0.09944378719529806, 0.004043749479148326, 0.04194391944961115]

Analysis for wdbc (560)
Precision: 0.7071067811865476
[43, 60, 62, 40, 355]
[1.0, 1.0, 1.0, 1.0, 0.05555555555555555]
[0.05527982080527993, 0.0317380705656863, 0.017857083669568962, 0.00729584581433603, 0.001479856450532653]
Recall: -1.0
[43, 60, 62, 40, 355]
[0.7906976744186046, 0.9, 0.967741935483871, 0.975, 1.0]
[0.05527982080527993, 0.0317380705656863, 0.017857083669568962, 0.00729584581433603, 0.001479856450532653]
Accuracy: -0.7000000000000001
[43, 60, 62, 40, 355]
[0.7906976744186046, 0.9, 0.967741935483871, 0.975, 0.952112676056338]
[0.05527982080527993, 0.0317380705656863, 0.017857083669568962, 0.00729584581433603, 0.001479856450532653]
FScore: 0.0
[43, 60, 62, 40, 355]
[0.8831168831168831, 0.9473684210526316, 0.9836065573770492, 0.9873417721518987, 0.10526315789473684]
[0.05527982080527993, 0.0317380705656863, 0.017857083669568962, 0.00729584581433603, 0.001479856450532653]
Matthews: -0.7071067811865476
[43, 60, 62, 40, 355]
[0.0, 0.0, 0.0, 0.0, 0.22997311450712662]
[0.05527982080527993, 0.0317380705656863, 0.017857083669568962, 0.00729584581433603, 0.001479856450532653]
