MultiResolutionExperiment(5, 10, MultiResolutionTransform(40, 0.15)

Analysis for appendicitis (100)
Precision: -0.288675134594813
[4, 13, 77, 5, 1]
[0.0, 0.0, 1.0, 0.0, 1.0]
[0.2937137032418739, 0.04156099809080419, 0.003923252455756005, 0.11572279041641269, 0.12777117507757652]
Recall: -0.11180339887498948
[4, 13, 77, 5, 1]
[0.0, 0.0, 0.9868421052631579, 0.0, 1.0]
[0.2937137032418739, 0.04156099809080419, 0.003923252455756005, 0.11572279041641269, 0.12777117507757652]
Accuracy: -0.39999999999999997
[4, 13, 77, 5, 1]
[0.0, 0.6153846153846154, 0.987012987012987, 0.2, 1.0]
[0.2937137032418739, 0.04156099809080419, 0.003923252455756005, 0.11572279041641269, 0.12777117507757652]
FScore: -0.11180339887498948
[4, 13, 77, 5, 1]
[0.0, 0.0, 0.9933774834437086, 0.0, 1.0]
[0.2937137032418739, 0.04156099809080419, 0.003923252455756005, 0.11572279041641269, 0.12777117507757652]
Matthews: -0.22360679774997896
[4, 13, 77, 5, 1]
[0.0, -0.23354968324845687, 0.7024393586862705, 0.0, 0.0]
[0.2937137032418739, 0.04156099809080419, 0.003923252455756005, 0.11572279041641269, 0.12777117507757652]

Analysis for banana (5300)
Precision: -0.8
[1410, 439, 477, 2426, 548]
[0.9973718791064389, 0.6857142857142857, 0.006369426751592357, 0.9961414790996784, 0.9915254237288136]
[0.05760577982392535, 0.14609744948343445, 0.3252430015471266, 0.012274405653491988, 0.1648510955273044]
Recall: -1.0
[1410, 439, 477, 2426, 548]
[0.9895697522816167, 0.75, 0.031746031746031744, 0.9993548387096775, 0.685546875]
[0.05760577982392535, 0.14609744948343445, 0.3252430015471266, 0.012274405653491988, 0.1648510955273044]
Accuracy: -1.0
[1410, 439, 477, 2426, 548]
[0.9929078014184397, 0.9567198177676538, 0.2180293501048218, 0.9971145919208574, 0.7007299270072993]
[0.05760577982392535, 0.14609744948343445, 0.3252430015471266, 0.012274405653491988, 0.1648510955273044]
FScore: -0.9
[1410, 439, 477, 2426, 548]
[0.993455497382199, 0.7164179104477612, 0.010610079575596818, 0.9977455716586152, 0.8106235565819861]
[0.05760577982392535, 0.14609744948343445, 0.3252430015471266, 0.012274405653491988, 0.1648510955273044]
Matthews: -1.0
[1410, 439, 477, 2426, 548]
[0.985752023967275, 0.6938563246511351, -0.5153177692432508, 0.9937486700163587, 0.3119853864577839]
[0.05760577982392535, 0.14609744948343445, 0.3252430015471266, 0.012274405653491988, 0.1648510955273044]

Analysis for breast-cancer-original (650)
Precision: -0.5773502691896258
[11, 566, 13, 40, 20]
[1.0, 1.0, 0.0, 1.0, 0.0]
[0.07911774030678986, 5.26822965482565E-4, 0.14424834447160845, 0.013054038188721103, 0.048586125709587855]
Recall: -0.8207826816681233
[11, 566, 13, 40, 20]
[0.5, 0.9927007299270073, 0.0, 0.5714285714285714, 0.0]
[0.07911774030678986, 5.26822965482565E-4, 0.14424834447160845, 0.013054038188721103, 0.048586125709587855]
Accuracy: -0.9
[11, 566, 13, 40, 20]
[0.9090909090909091, 0.9946996466431095, 0.6923076923076923, 0.925, 0.75]
[0.07911774030678986, 5.26822965482565E-4, 0.14424834447160845, 0.013054038188721103, 0.048586125709587855]
FScore: -0.8207826816681233
[11, 566, 13, 40, 20]
[0.6666666666666666, 0.9963369963369962, 0.0, 0.7272727272727273, 0.0]
[0.07911774030678986, 5.26822965482565E-4, 0.14424834447160845, 0.013054038188721103, 0.048586125709587855]
Matthews: -0.8207826816681233
[11, 566, 13, 40, 20]
[0.6708203932499369, 0.9868393901189892, 0.0, 0.723746864455746, 0.0]
[0.07911774030678986, 5.26822965482565E-4, 0.14424834447160845, 0.013054038188721103, 0.048586125709587855]

Analysis for mammographic-masses (960)
Precision: -0.9
[58, 95, 240, 473, 94]
[0.11538461538461539, 0.4406779661016949, 0.8421052631578947, 0.990909090909091, 0.26785714285714285]
[0.38973717913786393, 0.21555772746824933, 0.08139182104624838, 0.029618223938162897, 0.1847425078233761]
Recall: -1.0
[58, 95, 240, 473, 94]
[0.08571428571428572, 0.4727272727272727, 0.8533333333333334, 0.9879154078549849, 0.7894736842105263]
[0.38973717913786393, 0.21555772746824933, 0.08139182104624838, 0.029618223938162897, 0.1847425078233761]
Accuracy: -1.0
[58, 95, 240, 473, 94]
[0.05172413793103448, 0.3473684210526316, 0.9041666666666667, 0.985200845665962, 0.5212765957446809]
[0.38973717913786393, 0.21555772746824933, 0.08139182104624838, 0.029618223938162897, 0.1847425078233761]
FScore: -0.9
[58, 95, 240, 473, 94]
[0.09836065573770493, 0.45614035087719296, 0.847682119205298, 0.989409984871407, 0.4]
[0.38973717913786393, 0.21555772746824933, 0.08139182104624838, 0.029618223938162897, 0.1847425078233761]
Matthews: -1.0
[58, 95, 240, 473, 94]
[-0.899328198596713, -0.3585197673178008, 0.7778140835135852, 0.9648609332457573, 0.1986931316359299]
[0.38973717913786393, 0.21555772746824933, 0.08139182104624838, 0.029618223938162897, 0.1847425078233761]

Analysis for phoneme (5400)
Precision: 0.9
[654, 642, 2826, 535, 743]
[0.9707495429616088, 0.6223175965665236, 0.08333333333333333, 0.1602787456445993, 0.9977220956719818]
[0.15229231638913898, 0.05438156795993966, 0.00891717808636967, 0.1272660654064084, 0.27910089162559204]
Recall: -0.39999999999999997
[654, 642, 2826, 535, 743]
[0.8482428115015974, 0.9119496855345912, 0.8, 0.8679245283018868, 0.5902964959568733]
[0.15229231638913898, 0.05438156795993966, 0.00891717808636967, 0.1272660654064084, 0.27910089162559204]
Accuracy: -0.7000000000000001
[654, 642, 2826, 535, 743]
[0.8302752293577982, 0.8411214953271028, 0.9840764331210191, 0.5364485981308411, 0.5895020188425303]
[0.15229231638913898, 0.05438156795993966, 0.00891717808636967, 0.1272660654064084, 0.27910089162559204]
FScore: 0.8
[654, 642, 2826, 535, 743]
[0.9053708439897697, 0.739795918367347, 0.1509433962264151, 0.27058823529411763, 0.741744284504657]
[0.15229231638913898, 0.05438156795993966, 0.00891717808636967, 0.1272660654064084, 0.27910089162559204]
Matthews: -0.9
[654, 642, 2826, 535, 743]
[0.15148480001264245, 0.6551030676520262, 0.2551166964204115, 0.22042122257953578, -0.03054939254820085]
[0.15229231638913898, 0.05438156795993966, 0.00891717808636967, 0.1272660654064084, 0.27910089162559204]

Analysis for pima (700)
Precision: -0.7000000000000001
[79, 60, 118, 364, 79]
[0.13043478260869565, 0.0, 1.0, 0.9767441860465116, 0.022727272727272728]
[0.06409809278592299, 0.24419922220108273, 0.07992578330415057, 0.018493207606412373, 0.15135895083788428]
Recall: -0.7000000000000001
[79, 60, 118, 364, 79]
[0.23076923076923078, 0.0, 0.6194690265486725, 0.9158878504672897, 0.3333333333333333]
[0.06409809278592299, 0.24419922220108273, 0.07992578330415057, 0.018493207606412373, 0.15135895083788428]
Accuracy: -0.9
[79, 60, 118, 364, 79]
[0.620253164556962, 0.23333333333333334, 0.635593220338983, 0.9065934065934066, 0.43037974683544306]
[0.06409809278592299, 0.24419922220108273, 0.07992578330415057, 0.018493207606412373, 0.15135895083788428]
FScore: -0.9
[79, 60, 118, 364, 79]
[0.16666666666666669, 0.0, 0.7650273224043715, 0.9453376205787781, 0.04255319148936171]
[0.06409809278592299, 0.24419922220108273, 0.07992578330415057, 0.018493207606412373, 0.15135895083788428]
Matthews: -0.5
[79, 60, 118, 364, 79]
[-0.05897800990469834, 0.0, 0.2540236673989651, 0.6425164144931257, -0.08944335593640565]
[0.06409809278592299, 0.24419922220108273, 0.07992578330415057, 0.018493207606412373, 0.15135895083788428]

Analysis for ring (7400)
Precision: -0.6
[772, 894, 487, 598, 4649]
[0.989159891598916, 0.07575757575757576, 0.8863636363636364, 0.9046511627906977, 0.9881529348411416]
[0.0507168267350261, 0.08579656245648833, 0.27936748930156075, 0.14411159206486335, 0.0182369340761777]
Recall: -0.7000000000000001
[772, 894, 487, 598, 4649]
[0.958005249343832, 1.0, 0.16352201257861634, 0.6996402877697842, 0.9924283396430503]
[0.0507168267350261, 0.08579656245648833, 0.27936748930156075, 0.14411159206486335, 0.0182369340761777]
Accuracy: -1.0
[772, 894, 487, 598, 4649]
[0.9481865284974094, 0.727069351230425, 0.1601642710472279, 0.6521739130434783, 0.9922563992256399]
[0.0507168267350261, 0.08579656245648833, 0.27936748930156075, 0.14411159206486335, 0.0182369340761777]
FScore: -0.7000000000000001
[772, 894, 487, 598, 4649]
[0.9733333333333333, 0.14084507042253522, 0.2761061946902655, 0.7890466531440163, 0.9902860226659472]
[0.0507168267350261, 0.08579656245648833, 0.27936748930156075, 0.14411159206486335, 0.0182369340761777]
Matthews: -0.9
[772, 894, 487, 598, 4649]
[0.0870725697402039, 0.23368325471104825, -0.30830880096492536, -0.15723424188768093, 0.9838546417411373]
[0.0507168267350261, 0.08579656245648833, 0.27936748930156075, 0.14411159206486335, 0.0182369340761777]

Analysis for spambase (4550)
Precision: -0.9
[349, 1416, 662, 449, 1674]
[0.09090909090909091, 0.9963336388634281, 0.8920863309352518, 0.358974358974359, 0.9931565440547476]
[0.29910670895563346, 0.03788156573778654, 0.09773541120936986, 0.16266219635094456, 0.004877840234142617]
Recall: -1.0
[349, 1416, 662, 449, 1674]
[0.19753086419753085, 0.9748878923766816, 0.7337278106508875, 0.5, 0.9923076923076923]
[0.29910670895563346, 0.03788156573778654, 0.09773541120936986, 0.16266219635094456, 0.004877840234142617]
Accuracy: -0.9
[349, 1416, 662, 449, 1674]
[0.3553008595988539, 0.9774011299435028, 0.8187311178247734, 0.8262806236080178, 0.9898446833930705]
[0.29910670895563346, 0.03788156573778654, 0.09773541120936986, 0.16266219635094456, 0.004877840234142617]
FScore: -1.0
[349, 1416, 662, 449, 1674]
[0.12451361867704278, 0.9854941069809611, 0.8051948051948051, 0.417910447761194, 0.9927319367250962]
[0.29910670895563346, 0.03788156573778654, 0.09773541120936986, 0.16266219635094456, 0.004877840234142617]
Matthews: -1.0
[349, 1416, 662, 449, 1674]
[-0.33731059079071035, 0.9355361282552305, 0.6493703855109071, 0.3250881259113385, 0.9758845641920982]
[0.29910670895563346, 0.03788156573778654, 0.09773541120936986, 0.16266219635094456, 0.004877840234142617]

Analysis for twonorm (7400)
Precision: -0.9746794344808963
[146, 2132, 1002, 3720, 400]
[0.13580246913580246, 1.0, 0.9980353634577603, 1.0, 0.9178082191780822]
[0.20301824123314544, 0.01274233712875507, 0.038755306768007806, 0.0023322439539184762, 0.09646426724953788]
Recall: -0.8944271909999159
[146, 2132, 1002, 3720, 400]
[0.171875, 1.0, 1.0, 1.0, 0.9136363636363637]
[0.20301824123314544, 0.01274233712875507, 0.038755306768007806, 0.0023322439539184762, 0.09646426724953788]
Accuracy: -0.9746794344808963
[146, 2132, 1002, 3720, 400]
[0.15753424657534246, 1.0, 0.999001996007984, 1.0, 0.9075]
[0.20301824123314544, 0.01274233712875507, 0.038755306768007806, 0.0023322439539184762, 0.09646426724953788]
FScore: -0.9746794344808963
[146, 2132, 1002, 3720, 400]
[0.15172413793103448, 1.0, 0.9990167158308751, 1.0, 0.9157175398633258]
[0.20301824123314544, 0.01274233712875507, 0.038755306768007806, 0.0023322439539184762, 0.09646426724953788]
Matthews: -0.9746794344808963
[146, 2132, 1002, 3720, 400]
[-0.6806819514793887, 1.0, 0.9980055355341642, 1.0, 0.8132360050615351]
[0.20301824123314544, 0.01274233712875507, 0.038755306768007806, 0.0023322439539184762, 0.09646426724953788]

Analysis for wdbc (560)
Precision: 0.872081599272381
[59, 0, 50, 226, 225]
[1.0, 0.0, 1.0, 0.6486486486486487, 0.9459459459459459]
[0.06561278313724256, 0.0, 0.01784594790955393, 0.004129862289406754, 4.195724664231536E-4]
Recall: 0.0
[59, 0, 50, 226, 225]
[0.8135593220338984, 0.0, 0.92, 0.9230769230769231, 0.9859154929577465]
[0.06561278313724256, 0.0, 0.01784594790955393, 0.004129862289406754, 4.195724664231536E-4]
Accuracy: 0.0
[59, 0, 50, 226, 225]
[0.8135593220338984, 0.0, 0.92, 0.9336283185840708, 0.9777777777777777]
[0.06561278313724256, 0.0, 0.01784594790955393, 0.004129862289406754, 4.195724664231536E-4]
FScore: 0.30000000000000004
[59, 0, 50, 226, 225]
[0.897196261682243, 0.0, 0.9583333333333334, 0.7619047619047619, 0.9655172413793103]
[0.06561278313724256, 0.0, 0.01784594790955393, 0.004129862289406754, 4.195724664231536E-4]
Matthews: -0.33541019662496846
[59, 0, 50, 226, 225]
[0.0, 0.0, 0.0, 0.7399393606980625, 0.949576490221027]
[0.06561278313724256, 0.0, 0.01784594790955393, 0.004129862289406754, 4.195724664231536E-4]
