MultiResolutionExperiment(5, 10, MultiResolutionTransform(50, 0.10))

Analysis for appendicitis (100)
Precision: -0.33541019662496846
[1, 0, 13, 9, 77]
[0.0, 0.0, 0.5, 0.0, 1.0]
[0.3502880097680098, 0.0, 0.039401880990877935, 0.11928974725969417, 0.0024699608809910885]
Recall: -0.33541019662496846
[1, 0, 13, 9, 77]
[0.0, 0.0, 0.25, 0.0, 0.9868421052631579]
[0.3502880097680098, 0.0, 0.039401880990877935, 0.11928974725969417, 0.0024699608809910885]
Accuracy: -0.2051956704170307
[1, 0, 13, 9, 77]
[0.0, 0.0, 0.6923076923076923, 0.1111111111111111, 0.987012987012987]
[0.3502880097680098, 0.0, 0.039401880990877935, 0.11928974725969417, 0.0024699608809910885]
FScore: -0.33541019662496846
[1, 0, 13, 9, 77]
[0.0, 0.0, 0.3333333333333333, 0.0, 0.9933774834437086]
[0.3502880097680098, 0.0, 0.039401880990877935, 0.11928974725969417, 0.0024699608809910885]
Matthews: -0.33541019662496846
[1, 0, 13, 9, 77]
[0.0, 0.0, 0.17766726362967536, 0.0, 0.7024393586862705]
[0.3502880097680098, 0.0, 0.039401880990877935, 0.11928974725969417, 0.0024699608809910885]

Analysis for banana (5300)
Precision: -0.9
[1279, 781, 405, 2487, 348]
[0.9876288659793815, 0.9908466819221968, 0.4594594594594595, 1.0, 0.0]
[0.04203108582364781, 0.12121438286901155, 0.21519878649647484, 0.00859115246859929, 0.3391062349775431]
Recall: -1.0
[1279, 781, 405, 2487, 348]
[0.9937759336099585, 0.8342967244701349, 0.31875, 1.0, 0.0]
[0.04203108582364781, 0.12121438286901155, 0.21519878649647484, 0.00859115246859929, 0.3391062349775431]
Accuracy: -1.0
[1279, 781, 405, 2487, 348]
[0.9929632525410477, 0.8847631241997439, 0.582716049382716, 1.0, 0.1235632183908046]
[0.04203108582364781, 0.12121438286901155, 0.21519878649647484, 0.00859115246859929, 0.3391062349775431]
FScore: -1.0
[1279, 781, 405, 2487, 348]
[0.9906928645294726, 0.9058577405857741, 0.37638376383763833, 1.0, 0.0]
[0.04203108582364781, 0.12121438286901155, 0.21519878649647484, 0.00859115246859929, 0.3391062349775431]
Matthews: -1.0
[1279, 781, 405, 2487, 348]
[0.9850483863879052, 0.7789578446212814, 0.08094133813758662, 1.0, -0.6478658094285605]
[0.04203108582364781, 0.12121438286901155, 0.21519878649647484, 0.00859115246859929, 0.3391062349775431]

Analysis for breast-cancer-original (650)
Precision: NaN
[421, 136, 28, 33, 32]
[1.0, 1.0, 1.0, 1.0, 1.0]
[2.8651400419601856E-4, 0.011599632104909169, 0.12375325405589034, 0.03256799595577041, 0.061527880927803154]
Recall: -0.7000000000000001
[421, 136, 28, 33, 32]
[0.9975429975429976, 0.6, 0.09090909090909091, 1.0, 0.25]
[2.8651400419601856E-4, 0.011599632104909169, 0.12375325405589034, 0.03256799595577041, 0.061527880927803154]
Accuracy: -0.7000000000000001
[421, 136, 28, 33, 32]
[0.997624703087886, 0.9852941176470589, 0.6428571428571429, 1.0, 0.90625]
[2.8651400419601856E-4, 0.011599632104909169, 0.12375325405589034, 0.03256799595577041, 0.061527880927803154]
FScore: -0.7000000000000001
[421, 136, 28, 33, 32]
[0.998769987699877, 0.7499999999999999, 0.16666666666666669, 1.0, 0.4]
[2.8651400419601856E-4, 0.011599632104909169, 0.12375325405589034, 0.03256799595577041, 0.061527880927803154]
Matthews: -0.7000000000000001
[421, 136, 28, 33, 32]
[0.9649042082197232, 0.7687505730788254, 0.23924685418842448, 1.0, 0.47519096331149147]
[2.8651400419601856E-4, 0.011599632104909169, 0.12375325405589034, 0.03256799595577041, 0.061527880927803154]

Analysis for mammographic-masses (960)
Precision: -1.0
[110, 67, 171, 92, 520]
[0.38095238095238093, 0.08333333333333333, 0.8472222222222222, 0.45098039215686275, 0.9969230769230769]
[0.18475191847153935, 0.36310229863528876, 0.07768711703889006, 0.17887448158324037, 0.029864117655048296]
Recall: -0.9
[110, 67, 171, 92, 520]
[0.6857142857142857, 0.08823529411764706, 0.8472222222222222, 0.46938775510204084, 0.9969230769230769]
[0.18475191847153935, 0.36310229863528876, 0.07768711703889006, 0.17887448158324037, 0.029864117655048296]
Accuracy: -0.9
[110, 67, 171, 92, 520]
[0.5454545454545454, 0.04477611940298507, 0.8713450292397661, 0.41304347826086957, 0.9961538461538462]
[0.18475191847153935, 0.36310229863528876, 0.07768711703889006, 0.17887448158324037, 0.029864117655048296]
FScore: -0.9
[110, 67, 171, 92, 520]
[0.48979591836734687, 0.08571428571428572, 0.8472222222222222, 0.46, 0.9969230769230769]
[0.18475191847153935, 0.36310229863528876, 0.07768711703889006, 0.17887448158324037, 0.029864117655048296]
Matthews: -0.9
[110, 67, 171, 92, 520]
[0.15602902669633267, -0.914212400772102, 0.7361111111111112, -0.18246916713545466, 0.9917948717948718]
[0.18475191847153935, 0.36310229863528876, 0.07768711703889006, 0.17887448158324037, 0.029864117655048296]

Analysis for phoneme (5400)
Precision: 0.9
[409, 766, 2856, 708, 661]
[0.25384615384615383, 0.5448275862068965, 0.0, 0.9780775716694773, 0.997229916897507]
[0.1370448664833848, 0.06418300543999145, 0.007148228295824515, 0.14115246168227136, 0.26794105473805413]
Recall: 0.0
[409, 766, 2856, 708, 661]
[0.8918918918918919, 0.9461077844311377, 0.0, 0.847953216374269, 0.5454545454545454]
[0.1370448664833848, 0.06418300543999145, 0.007148228295824515, 0.14115246168227136, 0.26794105473805413]
Accuracy: -0.5
[409, 766, 2856, 708, 661]
[0.5061124694376528, 0.8159268929503917, 0.9824929971988795, 0.8347457627118644, 0.5446293494704992]
[0.1370448664833848, 0.06418300543999145, 0.007148228295824515, 0.14115246168227136, 0.26794105473805413]
FScore: 0.8
[409, 766, 2856, 708, 661]
[0.39520958083832336, 0.6914660831509846, 0.0, 0.9083790133124511, 0.7051909892262488]
[0.1370448664833848, 0.06418300543999145, 0.007148228295824515, 0.14115246168227136, 0.26794105473805413]
Matthews: -0.39999999999999997
[409, 766, 2856, 708, 661]
[0.25021176422647345, 0.6178037419330433, 0.0, 0.15027451342556264, -0.035484203287539054]
[0.1370448664833848, 0.06418300543999145, 0.007148228295824515, 0.14115246168227136, 0.26794105473805413]

Analysis for pima (700)
Precision: -0.872081599272381
[90, 117, 77, 327, 89]
[0.0, 0.5625, 0.0, 1.0, 0.9787234042553191]
[0.10853901813377856, 0.04754426559123639, 0.18804802817867108, 0.016057560248609094, 0.08948717365810582]
Recall: -0.872081599272381
[90, 117, 77, 327, 89]
[0.0, 0.42857142857142855, 0.0, 0.9382716049382716, 0.575]
[0.10853901813377856, 0.04754426559123639, 0.18804802817867108, 0.016057560248609094, 0.08948717365810582]
Accuracy: -1.0
[90, 117, 77, 327, 89]
[0.4111111111111111, 0.6752136752136753, 0.3246753246753247, 0.9388379204892966, 0.6067415730337079]
[0.10853901813377856, 0.04754426559123639, 0.18804802817867108, 0.016057560248609094, 0.08948717365810582]
FScore: -0.872081599272381
[90, 117, 77, 327, 89]
[0.0, 0.4864864864864864, 0.0, 0.9681528662420382, 0.7244094488188976]
[0.10853901813377856, 0.04754426559123639, 0.18804802817867108, 0.016057560248609094, 0.08948717365810582]
Matthews: -0.8
[90, 117, 77, 327, 89]
[-0.20761369963434995, 0.2603246195868251, -0.16065402764696032, 0.3498331785552014, 0.28016033266765356]
[0.10853901813377856, 0.04754426559123639, 0.18804802817867108, 0.016057560248609094, 0.08948717365810582]

Analysis for ring (7400)
Precision: -0.6
[727, 762, 569, 1247, 4095]
[0.06854838709677419, 0.9503311258278145, 0.8382352941176471, 0.9958677685950413, 0.9686174724342663]
[0.0862184600097886, 0.10456499108498057, 0.2194090316492523, 0.03191784549158469, 0.015529974494326748]
Recall: -0.8207826816681233
[727, 762, 569, 1247, 4095]
[1.0, 0.7841530054644809, 0.2087912087912088, 0.9820700896495518, 1.0]
[0.0862184600097886, 0.10456499108498057, 0.2194090316492523, 0.03191784549158469, 0.015529974494326748]
Accuracy: -0.9
[727, 762, 569, 1247, 4095]
[0.6822558459422283, 0.7532808398950132, 0.20210896309314588, 0.9783480352846833, 0.990964590964591]
[0.0862184600097886, 0.10456499108498057, 0.2194090316492523, 0.03191784549158469, 0.015529974494326748]
FScore: -0.6
[727, 762, 569, 1247, 4095]
[0.1283018867924528, 0.8592814371257484, 0.33431085043988273, 0.988920804267542, 0.984058595433003]
[0.0862184600097886, 0.10456499108498057, 0.2194090316492523, 0.03191784549158469, 0.015529974494326748]
Matthews: -1.0
[727, 762, 569, 1247, 4095]
[0.2150488887074346, -0.10354166896486214, -0.34529632053118803, 0.5419963915603748, 0.9779984933715492]
[0.0862184600097886, 0.10456499108498057, 0.2194090316492523, 0.03191784549158469, 0.015529974494326748]

Analysis for spambase (4550)
Precision: -1.0
[234, 312, 2623, 457, 924]
[0.11194029850746269, 0.336283185840708, 0.9989674754775426, 0.7293233082706767, 0.9578947368421052]
[0.25429948419219994, 0.1395943256055393, 0.006901270567992751, 0.08955360515533065, 0.038166872809724965]
Recall: -1.0
[234, 312, 2623, 457, 924]
[0.2, 0.4318181818181818, 0.9933264887063655, 0.6178343949044586, 0.9247967479674797]
[0.25429948419219994, 0.1395943256055393, 0.006901270567992751, 0.08955360515533065, 0.038166872809724965]
Accuracy: -1.0
[234, 312, 2623, 457, 924]
[0.23504273504273504, 0.5993589743589743, 0.994281357224552, 0.7899343544857768, 0.9383116883116883]
[0.25429948419219994, 0.1395943256055393, 0.006901270567992751, 0.08955360515533065, 0.038166872809724965]
FScore: -1.0
[234, 312, 2623, 457, 924]
[0.14354066985645933, 0.3781094527363184, 0.9961389961389961, 0.6689655172413793, 0.9410548086866598]
[0.25429948419219994, 0.1395943256055393, 0.006901270567992751, 0.08955360515533065, 0.038166872809724965]
Matthews: -1.0
[234, 312, 2623, 457, 924]
[-0.5173639399428027, 0.09081483176600741, 0.9851766994811159, 0.5204715873616095, 0.8769936293843559]
[0.25429948419219994, 0.1395943256055393, 0.006901270567992751, 0.08955360515533065, 0.038166872809724965]

Analysis for twonorm (7400)
Precision: -0.8944271909999159
[146, 1926, 375, 4029, 924]
[0.06666666666666667, 1.0, 0.909952606635071, 1.0, 1.0]
[0.18172458283446527, 0.009970081053795158, 0.08459343476700322, 0.0015001701930032424, 0.03280509451100733]
Recall: -0.8944271909999159
[146, 1926, 375, 4029, 924]
[0.07462686567164178, 1.0, 0.9504950495049505, 1.0, 1.0]
[0.18172458283446527, 0.009970081053795158, 0.08459343476700322, 0.0015001701930032424, 0.03280509451100733]
Accuracy: -0.8944271909999159
[146, 1926, 375, 4029, 924]
[0.0958904109589041, 1.0, 0.9226666666666666, 1.0, 1.0]
[0.18172458283446527, 0.009970081053795158, 0.08459343476700322, 0.0015001701930032424, 0.03280509451100733]
FScore: -0.8944271909999159
[146, 1926, 375, 4029, 924]
[0.07042253521126761, 1.0, 0.929782082324455, 1.0, 1.0]
[0.18172458283446527, 0.009970081053795158, 0.08459343476700322, 0.0015001701930032424, 0.03280509451100733]
Matthews: -0.8944271909999159
[146, 1926, 375, 4029, 924]
[-0.8090072528179845, 1.0, 0.8448125143870103, 1.0, 1.0]
[0.18172458283446527, 0.009970081053795158, 0.08459343476700322, 0.0015001701930032424, 0.03280509451100733]

Analysis for wdbc (560)
Precision: 0.4472135954999579
[52, 1, 81, 66, 360]
[1.0, 0.0, 1.0, 1.0, 0.30434782608695654]
[0.031032139292158388, 0.008677084639420502, 0.013705360836957049, 0.005022075917040798, 6.846849573806368E-4]
Recall: -0.7000000000000001
[52, 1, 81, 66, 360]
[0.8076923076923077, 0.0, 0.9135802469135802, 0.9848484848484849, 1.0]
[0.031032139292158388, 0.008677084639420502, 0.013705360836957049, 0.005022075917040798, 6.846849573806368E-4]
Accuracy: -0.6
[52, 1, 81, 66, 360]
[0.8076923076923077, 0.0, 0.9135802469135802, 0.9848484848484849, 0.9555555555555556]
[0.031032139292158388, 0.008677084639420502, 0.013705360836957049, 0.005022075917040798, 6.846849573806368E-4]
FScore: 0.09999999999999983
[52, 1, 81, 66, 360]
[0.8936170212765957, 0.0, 0.9548387096774192, 0.9923664122137404, 0.4666666666666667]
[0.031032139292158388, 0.008677084639420502, 0.013705360836957049, 0.005022075917040798, 6.846849573806368E-4]
Matthews: -0.7071067811865476
[52, 1, 81, 66, 360]
[0.0, 0.0, 0.0, 0.0, 0.5390297058339183]
[0.031032139292158388, 0.008677084639420502, 0.013705360836957049, 0.005022075917040798, 6.846849573806368E-4]
