MultiResolutionExperiment(4, 10, MultiResolutionTransform(20, 0.15))

Analysis for appendicitis (100)
Precision: -0.7745966692414834
[12, 7, 11, 70]
[1.0, 1.0, 0.0, 1.0]
[0.08256953138687695, 0.021949838594239515, 0.18679924491239586, 0.0017709397137287968]
Recall: -0.8
[12, 7, 11, 70]
[0.25, 1.0, 0.0, 0.9855072463768116]
[0.08256953138687695, 0.021949838594239515, 0.18679924491239586, 0.0017709397137287968]
Accuracy: -0.8
[12, 7, 11, 70]
[0.75, 1.0, 0.09090909090909091, 0.9857142857142858]
[0.08256953138687695, 0.021949838594239515, 0.18679924491239586, 0.0017709397137287968]
FScore: -0.8
[12, 7, 11, 70]
[0.4, 1.0, 0.0, 0.9927007299270074]
[0.08256953138687695, 0.021949838594239515, 0.18679924491239586, 0.0017709397137287968]
Matthews: -0.6324555320336759
[12, 7, 11, 70]
[0.42640143271122083, 0.0, 0.0, 0.7019641181630338]
[0.08256953138687695, 0.021949838594239515, 0.18679924491239586, 0.0017709397137287968]

Analysis for banana (5300)
Precision: -1.0
[2801, 505, 847, 1147]
[1.0, 0.0189873417721519, 0.9630484988452656, 0.9735099337748344]
[0.020661353347664238, 0.3375822684678085, 0.16752143516703957, 0.0699287701538863]
Recall: -1.0
[2801, 505, 847, 1147]
[0.9979716024340771, 0.08333333333333333, 0.7152658662092625, 0.98989898989899]
[0.020661353347664238, 0.3375822684678085, 0.16752143516703957, 0.0699287701538863]
Accuracy: -1.0
[2801, 505, 847, 1147]
[0.9985719385933595, 0.25544554455445545, 0.7851239669421488, 0.990409764603313]
[0.020661353347664238, 0.3375822684678085, 0.16752143516703957, 0.0699287701538863]
FScore: -1.0
[2801, 505, 847, 1147]
[0.9989847715736041, 0.030927835051546393, 0.8208661417322834, 0.981636060100167]
[0.020661353347664238, 0.3375822684678085, 0.16752143516703957, 0.0699287701538863]
Matthews: -1.0
[2801, 505, 847, 1147]
[0.9965838759834357, -0.4570527377112059, 0.6066075331282235, 0.9752092257205117]
[0.020661353347664238, 0.3375822684678085, 0.16752143516703957, 0.0699287701538863]

Analysis for breast-cancer-original (650)
Precision: -0.7745966692414834
[422, 11, 53, 164]
[1.0, 0.0, 1.0, 1.0]
[0.0011282160629888143, 0.18874239695286466, 0.08293085643912206, 0.022659823084424772]
Recall: -0.9486832980505138
[422, 11, 53, 164]
[0.9903381642512077, 0.0, 0.3333333333333333, 0.3333333333333333]
[0.0011282160629888143, 0.18874239695286466, 0.08293085643912206, 0.022659823084424772]
Accuracy: -1.0
[422, 11, 53, 164]
[0.990521327014218, 0.45454545454545453, 0.9245283018867925, 0.9878048780487805]
[0.0011282160629888143, 0.18874239695286466, 0.08293085643912206, 0.022659823084424772]
FScore: -0.9486832980505138
[422, 11, 53, 164]
[0.9951456310679612, 0.0, 0.5, 0.5]
[0.0011282160629888143, 0.18874239695286466, 0.08293085643912206, 0.022659823084424772]
Matthews: -1.0
[422, 11, 53, 164]
[0.8125425790899443, 0.0, 0.5542468245138262, 0.5737973107145337]
[0.0011282160629888143, 0.18874239695286466, 0.08293085643912206, 0.022659823084424772]

Analysis for mammographic-masses (960)
Precision: -1.0
[135, 113, 154, 558]
[0.44594594594594594, 0.24615384615384617, 0.7162162162162162, 0.9970059880239521]
[0.18473271554831236, 0.32649754228447797, 0.10901492982315587, 0.037478452906210845]
Recall: -1.0
[135, 113, 154, 558]
[0.673469387755102, 0.25396825396825395, 0.7910447761194029, 0.9910714285714286]
[0.18473271554831236, 0.32649754228447797, 0.10901492982315587, 0.037478452906210845]
Accuracy: -1.0
[135, 113, 154, 558]
[0.5777777777777777, 0.1504424778761062, 0.7727272727272727, 0.992831541218638]
[0.18473271554831236, 0.32649754228447797, 0.10901492982315587, 0.037478452906210845]
FScore: -1.0
[135, 113, 154, 558]
[0.5365853658536585, 0.25, 0.7517730496453902, 0.9940298507462687]
[0.18473271554831236, 0.32649754228447797, 0.10901492982315587, 0.037478452906210845]
Matthews: -1.0
[135, 113, 154, 558]
[0.19007565141325472, -0.7295139326569288, 0.5454244801723148, 0.985088920354502]
[0.18473271554831236, 0.32649754228447797, 0.10901492982315587, 0.037478452906210845]

Analysis for phoneme (5400)
Precision: 1.0
[998, 761, 2958, 683]
[0.3403361344537815, 0.9736024844720497, 0.0, 0.9973404255319149]
[0.10745052270523045, 0.17047698333263533, 0.010760485376336575, 0.3002045251379162]
Recall: 0.2000000000000001
[998, 761, 2958, 683]
[0.9585798816568047, 0.8542234332425068, 0.0, 0.5498533724340176]
[0.10745052270523045, 0.17047698333263533, 0.010760485376336575, 0.3002045251379162]
Accuracy: -0.8
[998, 761, 2958, 683]
[0.6783567134268537, 0.8370565045992115, 0.9803921568627451, 0.5490483162518301]
[0.10745052270523045, 0.17047698333263533, 0.010760485376336575, 0.3002045251379162]
FScore: 0.8
[998, 761, 2958, 683]
[0.5023255813953488, 0.9100145137880987, 0.0, 0.7088846880907371]
[0.10745052270523045, 0.17047698333263533, 0.010760485376336575, 0.3002045251379162]
Matthews: -0.39999999999999997
[998, 761, 2958, 683]
[0.4353793239034112, 0.11518391021532416, 0.0, -0.03460055602976782]
[0.10745052270523045, 0.17047698333263533, 0.010760485376336575, 0.3002045251379162]

Analysis for pima (700)
Precision: -0.6324555320336759
[138, 145, 108, 309]
[1.0, 0.010752688172043012, 0.04, 1.0]
[0.08250881233891269, 0.18834576805497322, 0.0789945354043522, 0.01863831321443302]
Recall: -0.39999999999999997
[138, 145, 108, 309]
[0.5909090909090909, 0.3333333333333333, 0.1111111111111111, 0.9411764705882353]
[0.08250881233891269, 0.18834576805497322, 0.0789945354043522, 0.01863831321443302]
Accuracy: -1.0
[138, 145, 108, 309]
[0.6086956521739131, 0.35172413793103446, 0.7037037037037037, 0.941747572815534]
[0.08250881233891269, 0.18834576805497322, 0.0789945354043522, 0.01863831321443302]
FScore: -0.8
[138, 145, 108, 309]
[0.7428571428571429, 0.020833333333333336, 0.058823529411764705, 0.9696969696969697]
[0.08250881233891269, 0.18834576805497322, 0.0789945354043522, 0.01863831321443302]
Matthews: -0.8
[138, 145, 108, 309]
[0.24308621740219885, -0.09335914220784676, -0.08604744100179437, 0.3666793988112845]
[0.08250881233891269, 0.18834576805497322, 0.0789945354043522, 0.01863831321443302]

Analysis for ring (7400)
Precision: 0.0
[1014, 613, 4292, 1481]
[0.8022113022113022, 0.8823529411764706, 0.8580441640378549, 0.9924605894448252]
[0.12189585974525009, 0.24910664329582546, 0.02726208644453414, 0.03720177859328793]
Recall: -1.0
[1014, 613, 4292, 1481]
[0.8276299112801014, 0.226890756302521, 1.0, 0.9890710382513661]
[0.12189585974525009, 0.24910664329582546, 0.02726208644453414, 0.03720177859328793]
Accuracy: -0.8
[1014, 613, 4292, 1481]
[0.7071005917159763, 0.22022838499184338, 0.9685461323392358, 0.9817690749493585]
[0.12189585974525009, 0.24910664329582546, 0.02726208644453414, 0.03720177859328793]
FScore: -0.8
[1014, 613, 4292, 1481]
[0.8147223955084217, 0.3609625668449198, 0.9235993208828522, 0.9907629148135476]
[0.12189585974525009, 0.24910664329582546, 0.02726208644453414, 0.03720177859328793]
Matthews: -1.0
[1014, 613, 4292, 1481]
[0.11703312760748326, -0.30158585621724976, 0.9081407732263256, 0.3011602365168078]
[0.12189585974525009, 0.24910664329582546, 0.02726208644453414, 0.03720177859328793]

Analysis for spambase (4550)
Precision: -1.0
[279, 512, 871, 2888]
[0.11409395973154363, 0.4942528735632184, 0.9166666666666666, 0.9981247069854665]
[0.2789115558065994, 0.1410201820679845, 0.062365620974825106, 0.012351763699597758]
Recall: -1.0
[279, 512, 871, 2888]
[0.19318181818181818, 0.5850340136054422, 0.8191489361702128, 0.9906933457422057]
[0.2789115558065994, 0.1410201820679845, 0.062365620974825106, 0.012351763699597758]
Accuracy: -1.0
[279, 512, 871, 2888]
[0.2724014336917563, 0.708984375, 0.8897818599311137, 0.9916897506925207]
[0.2789115558065994, 0.1410201820679845, 0.062365620974825106, 0.012351763699597758]
FScore: -1.0
[279, 512, 871, 2888]
[0.14345991561181434, 0.5358255451713396, 0.8651685393258427, 0.9943951424567959]
[0.2789115558065994, 0.1410201820679845, 0.062365620974825106, 0.012351763699597758]
Matthews: -1.0
[279, 512, 871, 2888]
[-0.46382135232716315, 0.32851291085118056, 0.7759563132349285, 0.9784338439293155]
[0.2789115558065994, 0.1410201820679845, 0.062365620974825106, 0.012351763699597758]

Analysis for twonorm (7400)
Precision: -0.9486832980505138
[185, 4592, 629, 1994]
[0.13978494623655913, 1.0, 0.9741379310344828, 1.0]
[0.1922847880079285, 0.003937026576170313, 0.07876593059437621, 0.02363483285544166]
Recall: -0.9486832980505138
[185, 4592, 629, 1994]
[0.1625, 1.0, 0.9854651162790697, 1.0]
[0.1922847880079285, 0.003937026576170313, 0.07876593059437621, 0.02363483285544166]
Accuracy: -0.9486832980505138
[185, 4592, 629, 1994]
[0.20540540540540542, 1.0, 0.9777424483306836, 1.0]
[0.1922847880079285, 0.003937026576170313, 0.07876593059437621, 0.02363483285544166]
FScore: -0.9486832980505138
[185, 4592, 629, 1994]
[0.15028901734104047, 1.0, 0.9797687861271676, 1.0]
[0.1922847880079285, 0.003937026576170313, 0.07876593059437621, 0.02363483285544166]
Matthews: -0.9486832980505138
[185, 4592, 629, 1994]
[-0.5939152049825793, 1.0, 0.955114461999859, 1.0]
[0.1922847880079285, 0.003937026576170313, 0.07876593059437621, 0.02363483285544166]

Analysis for wdbc (560)
Precision: 0.7745966692414834
[51, 87, 68, 354]
[1.0, 1.0, 1.0, 0.0]
[0.04648300709772545, 0.022415486148545903, 0.008631146114002581, 0.0011553208171356608]
Recall: 0.2000000000000001
[51, 87, 68, 354]
[0.803921568627451, 0.9195402298850575, 0.9852941176470589, 0.0]
[0.04648300709772545, 0.022415486148545903, 0.008631146114002581, 0.0011553208171356608]
Accuracy: -0.8
[51, 87, 68, 354]
[0.803921568627451, 0.9195402298850575, 0.9852941176470589, 0.9519774011299436]
[0.04648300709772545, 0.022415486148545903, 0.008631146114002581, 0.0011553208171356608]
FScore: 0.2000000000000001
[51, 87, 68, 354]
[0.891304347826087, 0.9580838323353293, 0.9925925925925926, 0.0]
[0.04648300709772545, 0.022415486148545903, 0.008631146114002581, 0.0011553208171356608]
Matthews: NaN
[51, 87, 68, 354]
[0.0, 0.0, 0.0, 0.0]
[0.04648300709772545, 0.022415486148545903, 0.008631146114002581, 0.0011553208171356608]
