MultiResolutionExperiment(4, 10, MultiResolutionTransform(10, 0.25)

Analysis for appendicitis (100)
Precision: -0.7745966692414834
[5, 7, 10, 78]
[0.0, 0.0, 0.0, 1.0]
[0.3543617423004367, 0.06707068911212638, 0.1398544528856884, 0.008135455040045748]
Recall: -0.7745966692414834
[5, 7, 10, 78]
[0.0, 0.0, 0.0, 0.987012987012987]
[0.3543617423004367, 0.06707068911212638, 0.1398544528856884, 0.008135455040045748]
Accuracy: -1.0
[5, 7, 10, 78]
[0.0, 0.5714285714285714, 0.5, 0.9871794871794872]
[0.3543617423004367, 0.06707068911212638, 0.1398544528856884, 0.008135455040045748]
FScore: -0.7745966692414834
[5, 7, 10, 78]
[0.0, 0.0, 0.0, 0.9934640522875817]
[0.3543617423004367, 0.06707068911212638, 0.1398544528856884, 0.008135455040045748]
Matthews: -0.7745966692414834
[5, 7, 10, 78]
[0.0, 0.0, 0.0, 0.7025001733142089]
[0.3543617423004367, 0.06707068911212638, 0.1398544528856884, 0.008135455040045748]

Analysis for banana (5300)
Precision: -1.0
[2749, 840, 507, 1204]
[0.9979274611398964, 0.9682539682539683, 0.0031746031746031746, 0.98989898989899]
[0.041868804173081496, 0.1973188508832064, 0.3627642028262354, 0.10603510128406597]
Recall: -1.0
[2749, 840, 507, 1204]
[0.9963786859803414, 0.6828358208955224, 0.017857142857142856, 0.9824561403508771]
[0.041868804173081496, 0.1973188508832064, 0.3627642028262354, 0.10603510128406597]
Accuracy: -1.0
[2749, 840, 507, 1204]
[0.9959985449254274, 0.7833333333333333, 0.27218934911242604, 0.9908637873754153]
[0.041868804173081496, 0.1973188508832064, 0.3627642028262354, 0.10603510128406597]
FScore: -1.0
[2749, 840, 507, 1204]
[0.9971524721718872, 0.8008752735229759, 0.005390835579514825, 0.9861635220125785]
[0.041868804173081496, 0.1973188508832064, 0.3627642028262354, 0.10603510128406597]
Matthews: -1.0
[2749, 840, 507, 1204]
[0.9904280342911141, 0.6214522962459141, -0.43837445523573554, 0.9793596165546434]
[0.041868804173081496, 0.1973188508832064, 0.3627642028262354, 0.10603510128406597]

Analysis for breast-cancer-original (650)
Precision: -0.8944271909999159
[566, 39, 16, 29]
[1.0, 1.0, 0.0, 0.0]
[0.0012741882284673617, 0.028435040502311226, 0.19224782665682089, 0.08155380411190909]
Recall: -0.9486832980505139
[566, 39, 16, 29]
[0.9903614457831326, 0.4, 0.0, 0.0]
[0.0012741882284673617, 0.028435040502311226, 0.19224782665682089, 0.08155380411190909]
Accuracy: -1.0
[566, 39, 16, 29]
[0.9929328621908127, 0.9230769230769231, 0.6875, 0.8620689655172413]
[0.0012741882284673617, 0.028435040502311226, 0.19224782665682089, 0.08155380411190909]
FScore: -0.9486832980505139
[566, 39, 16, 29]
[0.9951573849878934, 0.5714285714285715, 0.0, 0.0]
[0.0012741882284673617, 0.028435040502311226, 0.19224782665682089, 0.08155380411190909]
Matthews: -0.9486832980505139
[566, 39, 16, 29]
[0.982244231875782, 0.6062735088782681, 0.0, 0.0]
[0.0012741882284673617, 0.028435040502311226, 0.19224782665682089, 0.08155380411190909]

Analysis for mammographic-masses (960)
Precision: -1.0
[137, 129, 522, 172]
[0.7681159420289855, 0.29333333333333333, 0.9881305637982196, 0.4090909090909091]
[0.12963364553225756, 0.35972235266911323, 0.04535552793762845, 0.16889170147117363]
Recall: -0.8000000000000002
[137, 129, 522, 172]
[0.7910447761194029, 0.29333333333333333, 0.9823008849557522, 0.7941176470588235]
[0.12963364553225756, 0.35972235266911323, 0.04535552793762845, 0.16889170147117363]
Accuracy: -1.0
[137, 129, 522, 172]
[0.781021897810219, 0.17829457364341086, 0.9808429118773946, 0.7325581395348837]
[0.12963364553225756, 0.35972235266911323, 0.04535552793762845, 0.16889170147117363]
FScore: -1.0
[137, 129, 522, 172]
[0.7794117647058824, 0.29333333333333333, 0.9852071005917159, 0.54]
[0.12963364553225756, 0.35972235266911323, 0.04535552793762845, 0.16889170147117363]
Matthews: -1.0
[137, 129, 522, 172]
[0.5623534555403144, -0.6881481481481482, 0.9580676090700991, 0.41889708631317035]
[0.12963364553225756, 0.35972235266911323, 0.04535552793762845, 0.16889170147117363]

Analysis for phoneme (5400)
Precision: 1.0
[662, 984, 2988, 766]
[0.9821109123434705, 0.3360995850622407, 0.03225806451612903, 1.0]
[0.21332963920875703, 0.1232933365349605, 0.01628853251491774, 0.34895055514807555]
Recall: -1.0
[662, 984, 2988, 766]
[0.8538102643856921, 0.9310344827586207, 1.0, 0.5887728459530026]
[0.21332963920875703, 0.1232933365349605, 0.01628853251491774, 0.34895055514807555]
Accuracy: -0.8
[662, 984, 2988, 766]
[0.8429003021148036, 0.6626016260162602, 0.9799196787148594, 0.5887728459530026]
[0.21332963920875703, 0.1232933365349605, 0.01628853251491774, 0.34895055514807555]
FScore: 0.8
[662, 984, 2988, 766]
[0.913477537437604, 0.49390243902439024, 0.0625, 0.7411668036154478]
[0.21332963920875703, 0.1232933365349605, 0.01628853251491774, 0.34895055514807555]
Matthews: -0.8
[662, 984, 2988, 766]
[0.15085570824784852, 0.40905760307368505, 0.17779167122524087, 0.0]
[0.21332963920875703, 0.1232933365349605, 0.01628853251491774, 0.34895055514807555]

Analysis for pima (700)
Precision: -0.39999999999999997
[106, 130, 100, 364]
[1.0, 0.0, 0.07142857142857142, 0.9840255591054313]
[0.1098191503413359, 0.26195882731185866, 0.10163266762813414, 0.030255249584585663]
Recall: -0.8
[106, 130, 100, 364]
[0.5523809523809524, 0.0, 0.18181818181818182, 0.924924924924925]
[0.1098191503413359, 0.26195882731185866, 0.10163266762813414, 0.030255249584585663]
Accuracy: -1.0
[106, 130, 100, 364]
[0.5566037735849056, 0.3384615384615385, 0.65, 0.9175824175824175]
[0.1098191503413359, 0.26195882731185866, 0.10163266762813414, 0.030255249584585663]
FScore: -0.8
[106, 130, 100, 364]
[0.7116564417177914, 0.0, 0.10256410256410255, 0.953560371517028]
[0.1098191503413359, 0.26195882731185866, 0.10163266762813414, 0.030255249584585663]
Matthews: -0.8
[106, 130, 100, 364]
[0.10727505072446486, -0.12100640283171159, -0.076875357017461, 0.6140889830475849]
[0.1098191503413359, 0.26195882731185866, 0.10163266762813414, 0.030255249584585663]

Analysis for ring (7400)
Precision: -0.6000000000000001
[840, 755, 1045, 4760]
[0.05862068965517241, 0.9282868525896414, 0.9926315789473684, 0.9856839872746553]
[0.11215670123270292, 0.30662055669222593, 0.11001472753723511, 0.027680829415080925]
Recall: -0.39999999999999997
[840, 755, 1045, 4760]
[1.0, 0.31657608695652173, 0.9084778420038536, 0.9925253603844101]
[0.11215670123270292, 0.30662055669222593, 0.11001472753723511, 0.027680829415080925]
Accuracy: -1.0
[840, 755, 1045, 4760]
[0.675, 0.30993377483443707, 0.9023923444976076, 0.9913865546218488]
[0.11215670123270292, 0.30662055669222593, 0.11001472753723511, 0.027680829415080925]
FScore: -0.8
[840, 755, 1045, 4760]
[0.11074918566775244, 0.4721377912867275, 0.9486921529175051, 0.9890928438414472]
[0.11215670123270292, 0.30662055669222593, 0.11001472753723511, 0.027680829415080925]
Matthews: -0.8
[840, 755, 1045, 4760]
[0.1979278416765743, -0.20972489491926785, -0.025968708011009693, 0.9819922004643679]
[0.11215670123270292, 0.30662055669222593, 0.11001472753723511, 0.027680829415080925]

Analysis for spambase (4550)
Precision: -1.0
[436, 1594, 651, 1869]
[0.1, 0.9817391304347826, 0.57, 0.9940387481371088]
[0.3411640538382265, 0.07193572866470202, 0.1748853262546049, 0.01127589594790282]
Recall: -1.0
[436, 1594, 651, 1869]
[0.23809523809523808, 0.9276910435497124, 0.4956521739130435, 0.9925595238095238]
[0.3411640538382265, 0.07193572866470202, 0.1748853262546049, 0.01127589594790282]
Accuracy: -1.0
[436, 1594, 651, 1869]
[0.44036697247706424, 0.9316185696361355, 0.8448540706605223, 0.9903691813804173]
[0.3411640538382265, 0.07193572866470202, 0.1748853262546049, 0.01127589594790282]
FScore: -1.0
[436, 1594, 651, 1869]
[0.1408450704225352, 0.9539501478664977, 0.5302325581395348, 0.9932985852568875]
[0.3411640538382265, 0.07193572866470202, 0.1748853262546049, 0.01127589594790282]
Matthews: -1.0
[436, 1594, 651, 1869]
[-0.21628648697811886, 0.8265823546212393, 0.43939143500627104, 0.976191769449064]
[0.3411640538382265, 0.07193572866470202, 0.1748853262546049, 0.01127589594790282]

Analysis for twonorm (7400)
Precision: -0.9486832980505139
[284, 3528, 2573, 1015]
[0.40559440559440557, 1.0, 1.0, 0.9926873857404022]
[0.21122449299882148, 0.006891097046356922, 0.027927038932658788, 0.08091265740862799]
Recall: -0.9486832980505139
[284, 3528, 2573, 1015]
[0.4566929133858268, 1.0, 1.0, 0.9945054945054945]
[0.21122449299882148, 0.006891097046356922, 0.027927038932658788, 0.08091265740862799]
Accuracy: -0.9486832980505139
[284, 3528, 2573, 1015]
[0.45774647887323944, 1.0, 1.0, 0.993103448275862]
[0.21122449299882148, 0.006891097046356922, 0.027927038932658788, 0.08091265740862799]
FScore: -0.9486832980505139
[284, 3528, 2573, 1015]
[0.42962962962962964, 1.0, 1.0, 0.9935956084172004]
[0.21122449299882148, 0.006891097046356922, 0.027927038932658788, 0.08091265740862799]
Matthews: -0.9486832980505139
[284, 3528, 2573, 1015]
[-0.0842365143676385, 1.0, 1.0, 0.986126908153533]
[0.21122449299882148, 0.006891097046356922, 0.027927038932658788, 0.08091265740862799]

Analysis for wdbc (560)
Precision: 0.9486832980505138
[53, 49, 423, 35]
[1.0, 1.0, 0.8117647058823529, 0.9696969696969697]
[0.11007909297937768, 0.047083738360910524, 0.004649038887032477, 0.014540854959863727]
Recall: -1.0
[53, 49, 423, 35]
[0.7924528301886793, 0.9183673469387755, 0.9857142857142858, 0.9411764705882353]
[0.11007909297937768, 0.047083738360910524, 0.004649038887032477, 0.014540854959863727]
Accuracy: -0.8000000000000002
[53, 49, 423, 35]
[0.7924528301886793, 0.9183673469387755, 0.9598108747044918, 0.9142857142857143]
[0.11007909297937768, 0.047083738360910524, 0.004649038887032477, 0.014540854959863727]
FScore: -0.2000000000000001
[53, 49, 423, 35]
[0.8842105263157896, 0.9574468085106383, 0.8903225806451613, 0.955223880597015]
[0.11007909297937768, 0.047083738360910524, 0.004649038887032477, 0.014540854959863727]
Matthews: -0.31622776601683794
[53, 49, 423, 35]
[0.0, 0.0, 0.8721192493124865, -0.04222003309207491]
[0.11007909297937768, 0.047083738360910524, 0.004649038887032477, 0.014540854959863727]
