MultiResolutionExperiment(5, 10, MultiResolutionTransform(50, 0.20))

Analysis for appendicitis (100)
Precision: -0.5773502691896258
[1, 9, 76, 10, 4]
[0.0, 0.0, 1.0, 0.0, 1.0]
[0.35824576614731407, 0.07734298197134469, 0.0037879861188540812, 0.17042769606792238, 0.09528815604600979]
Recall: -0.6708203932499369
[1, 9, 76, 10, 4]
[0.0, 0.0, 0.9868421052631579, 0.0, 0.25]
[0.35824576614731407, 0.07734298197134469, 0.0037879861188540812, 0.17042769606792238, 0.09528815604600979]
Accuracy: -0.9
[1, 9, 76, 10, 4]
[0.0, 1.0, 0.9868421052631579, 0.1, 0.25]
[0.35824576614731407, 0.07734298197134469, 0.0037879861188540812, 0.17042769606792238, 0.09528815604600979]
FScore: -0.6708203932499369
[1, 9, 76, 10, 4]
[0.0, 0.0, 0.9933774834437086, 0.0, 0.4]
[0.35824576614731407, 0.07734298197134469, 0.0037879861188540812, 0.17042769606792238, 0.09528815604600979]
Matthews: NaN
[1, 9, 76, 10, 4]
[0.0, 0.0, 0.0, 0.0, 0.0]
[0.35824576614731407, 0.07734298197134469, 0.0037879861188540812, 0.17042769606792238, 0.09528815604600979]

Analysis for banana (5300)
Precision: -0.9
[711, 1003, 495, 2685, 406]
[0.99830220713073, 0.9585798816568047, 0.6936936936936937, 1.0, 0.0034129692832764505]
[0.12071204390357926, 0.07437775150034258, 0.20094553924057698, 0.02271419340883098, 0.34062779418415884]
Recall: -0.9
[711, 1003, 495, 2685, 406]
[0.8534107402031931, 1.0, 0.44508670520231214, 0.9994617868675996, 0.023809523809523808]
[0.12071204390357926, 0.07437775150034258, 0.20094553924057698, 0.02271419340883098, 0.34062779418415884]
Accuracy: -1.0
[711, 1003, 495, 2685, 406]
[0.8565400843881856, 0.9930209371884346, 0.7373737373737373, 0.9996275605214152, 0.17980295566502463]
[0.12071204390357926, 0.07437775150034258, 0.20094553924057698, 0.02271419340883098, 0.34062779418415884]
FScore: -1.0
[711, 1003, 495, 2685, 406]
[0.92018779342723, 0.9788519637462235, 0.5422535211267605, 0.9997308209959622, 0.005970149253731344]
[0.12071204390357926, 0.07437775150034258, 0.20094553924057698, 0.02271419340883098, 0.34062779418415884]
Matthews: -0.9
[711, 1003, 495, 2685, 406]
[0.37108312370519414, 0.9749878021748499, 0.38811405484655975, 0.9991269726190265, -0.5289304777806859]
[0.12071204390357926, 0.07437775150034258, 0.20094553924057698, 0.02271419340883098, 0.34062779418415884]

Analysis for breast-cancer-original (650)
Precision: -0.0
[415, 109, 28, 79, 19]
[1.0, 0.0, 1.0, 1.0, 0.0]
[9.774972509036975E-4, 0.013716912944393141, 0.13637081076263877, 0.04161840761560757, 0.0629190724519124]
Recall: -0.41039134083406165
[415, 109, 28, 79, 19]
[0.9903381642512077, 0.0, 0.09090909090909091, 0.6666666666666666, 0.0]
[9.774972509036975E-4, 0.013716912944393141, 0.13637081076263877, 0.04161840761560757, 0.0629190724519124]
Accuracy: -0.29999999999999977
[415, 109, 28, 79, 19]
[0.9903614457831326, 0.9908256880733946, 0.6428571428571429, 0.9873417721518988, 1.0]
[9.774972509036975E-4, 0.013716912944393141, 0.13637081076263877, 0.04161840761560757, 0.0629190724519124]
FScore: -0.41039134083406165
[415, 109, 28, 79, 19]
[0.9951456310679612, 0.0, 0.16666666666666669, 0.8, 0.0]
[9.774972509036975E-4, 0.013716912944393141, 0.13637081076263877, 0.04161840761560757, 0.0629190724519124]
Matthews: -0.2051956704170307
[415, 109, 28, 79, 19]
[0.44504789950098805, 0.0, 0.23924685418842448, 0.8111773283374345, 0.0]
[9.774972509036975E-4, 0.013716912944393141, 0.13637081076263877, 0.04161840761560757, 0.0629190724519124]

Analysis for mammographic-masses (960)
Precision: -0.9
[105, 63, 103, 186, 503]
[0.3442622950819672, 0.09375, 0.423728813559322, 0.8904109589041096, 0.9968944099378882]
[0.18182185466475032, 0.37661605067495885, 0.20422318916234544, 0.08966345182018522, 0.03385353878311583]
Recall: -1.0
[105, 63, 103, 186, 503]
[0.7777777777777778, 0.08823529411764706, 0.45454545454545453, 0.8552631578947368, 0.9938080495356038]
[0.18182185466475032, 0.37661605067495885, 0.20422318916234544, 0.08966345182018522, 0.03385353878311583]
Accuracy: -1.0
[105, 63, 103, 186, 503]
[0.5619047619047619, 0.047619047619047616, 0.3786407766990291, 0.8978494623655914, 0.9940357852882704]
[0.18182185466475032, 0.37661605067495885, 0.20422318916234544, 0.08966345182018522, 0.03385353878311583]
FScore: -1.0
[105, 63, 103, 186, 503]
[0.4772727272727273, 0.0909090909090909, 0.4385964912280701, 0.8724832214765101, 0.9953488372093025]
[0.18182185466475032, 0.37661605067495885, 0.20422318916234544, 0.08966345182018522, 0.03385353878311583]
Matthews: -1.0
[105, 63, 103, 186, 503]
[0.23470036216907034, -0.9090031708997952, -0.2559295866212418, 0.7877832622433445, 0.9870478558790012]
[0.18182185466475032, 0.37661605067495885, 0.20422318916234544, 0.08966345182018522, 0.03385353878311583]

Analysis for phoneme (5400)
Precision: 0.9746794344808963
[547, 631, 2646, 746, 830]
[0.06227106227106227, 0.0, 0.0, 0.9924357034795764, 0.9979674796747967]
[0.13315225998309646, 0.05847306067819989, 0.0070579415940398, 0.1414906086547369, 0.2768699197725339]
Recall: 0.5642880936468347
[547, 631, 2646, 746, 830]
[0.8947368421052632, 0.0, 0.0, 0.8900949796472184, 0.5922798552472859]
[0.13315225998309646, 0.05847306067819989, 0.0070579415940398, 0.1414906086547369, 0.2768699197725339]
Accuracy: -0.5
[547, 631, 2646, 746, 830]
[0.5283363802559415, 0.8462757527733756, 0.9882842025699169, 0.8847184986595175, 0.591566265060241]
[0.13315225998309646, 0.05847306067819989, 0.0070579415940398, 0.1414906086547369, 0.2768699197725339]
FScore: 0.872081599272381
[547, 631, 2646, 746, 830]
[0.11643835616438357, 0.0, 0.0, 0.9384835479256081, 0.7433762301286903]
[0.13315225998309646, 0.05847306067819989, 0.0070579415940398, 0.1414906086547369, 0.2768699197725339]
Matthews: -0.15389675281277299
[547, 631, 2646, 746, 830]
[0.15010762005816933, 0.0, 0.0, 0.11494553632203178, -0.028787140900143303]
[0.13315225998309646, 0.05847306067819989, 0.0070579415940398, 0.1414906086547369, 0.2768699197725339]

Analysis for pima (700)
Precision: -0.4743416490252569
[104, 105, 132, 284, 75]
[0.0, 0.9824561403508771, 0.0, 1.0, 1.0]
[0.09189564343493467, 0.05036271099871368, 0.1911687805006347, 0.017584559906823775, 0.10047734931350454]
Recall: -0.8207826816681233
[104, 105, 132, 284, 75]
[0.0, 0.6666666666666666, 0.0, 0.9471830985915493, 0.5733333333333334]
[0.09189564343493467, 0.05036271099871368, 0.1911687805006347, 0.017584559906823775, 0.10047734931350454]
Accuracy: -1.0
[104, 105, 132, 284, 75]
[0.6538461538461539, 0.7238095238095238, 0.3484848484848485, 0.9471830985915493, 0.5733333333333334]
[0.09189564343493467, 0.05036271099871368, 0.1911687805006347, 0.017584559906823775, 0.10047734931350454]
FScore: -0.8207826816681233
[104, 105, 132, 284, 75]
[0.0, 0.7943262411347518, 0.0, 0.9728752260397829, 0.728813559322034]
[0.09189564343493467, 0.05036271099871368, 0.1911687805006347, 0.017584559906823775, 0.10047734931350454]
Matthews: -0.6668859288553503
[104, 105, 132, 284, 75]
[-0.1464491386607429, 0.4970674233862171, -0.1640825308284734, 0.0, 0.0]
[0.09189564343493467, 0.05036271099871368, 0.1911687805006347, 0.017584559906823775, 0.10047734931350454]

Analysis for ring (7400)
Precision: -0.09999999999999983
[1557, 967, 853, 304, 3719]
[1.0, 0.049586776859504134, 0.9717868338557993, 0.07729468599033816, 0.9919871794871795]
[0.06277445496853777, 0.060599275711560235, 0.2156124031060522, 0.12967210148500663, 0.016289807952124192]
Recall: -0.9
[1557, 967, 853, 304, 3719]
[0.9518304431599229, 1.0, 0.36729857819905215, 0.8888888888888888, 0.9991928974979822]
[0.06277445496853777, 0.060599275711560235, 0.2156124031060522, 0.12967210148500663, 0.016289807952124192]
Accuracy: -0.9
[1557, 967, 853, 304, 3719]
[0.9518304431599229, 0.8810754912099276, 0.3634232121922626, 0.3651315789473684, 0.9970422156493681]
[0.06277445496853777, 0.060599275711560235, 0.2156124031060522, 0.12967210148500663, 0.016289807952124192]
FScore: -0.30000000000000004
[1557, 967, 853, 304, 3719]
[0.9753208292201382, 0.09448818897637795, 0.5331040412725709, 0.14222222222222222, 0.9955770004020909]
[0.06277445496853777, 0.060599275711560235, 0.2156124031060522, 0.12967210148500663, 0.016289807952124192]
Matthews: -0.9
[1557, 967, 853, 304, 3719]
[0.0, 0.20893270534377567, -0.13360580201825856, 0.11193140445326794, 0.9933699511536306]
[0.06277445496853777, 0.060599275711560235, 0.2156124031060522, 0.12967210148500663, 0.016289807952124192]

Analysis for spambase (4550)
Precision: -1.0
[291, 326, 2770, 274, 889]
[0.11464968152866242, 0.5841584158415841, 0.9990389235944258, 0.4823529411764706, 0.9320652173913043]
[0.26724366268572836, 0.11955080370275203, 0.01221659247627387, 0.15185487015643176, 0.05346495471960757]
Recall: -1.0
[291, 326, 2770, 274, 889]
[0.20689655172413793, 0.7866666666666666, 0.9904716531681753, 0.3942307692307692, 0.8683544303797468]
[0.26724366268572836, 0.11955080370275203, 0.01221659247627387, 0.15185487015643176, 0.05346495471960757]
Accuracy: -1.0
[291, 326, 2770, 274, 889]
[0.2852233676975945, 0.8220858895705522, 0.992057761732852, 0.6094890510948905, 0.9133858267716536]
[0.26724366268572836, 0.11955080370275203, 0.01221659247627387, 0.15185487015643176, 0.05346495471960757]
FScore: -1.0
[291, 326, 2770, 274, 889]
[0.14754098360655737, 0.6704545454545454, 0.9947368421052631, 0.43386243386243384, 0.8990825688073394]
[0.26724366268572836, 0.11955080370275203, 0.01221659247627387, 0.15185487015643176, 0.05346495471960757]
Matthews: -1.0
[291, 326, 2770, 274, 889]
[-0.435799504322495, 0.5636919904272638, 0.9787121649761923, 0.1420504620793248, 0.8249702488445227]
[0.26724366268572836, 0.11955080370275203, 0.01221659247627387, 0.15185487015643176, 0.05346495471960757]

Analysis for twonorm (7400)
Precision: -0.8944271909999159
[151, 2337, 426, 3407, 1079]
[0.08860759493670886, 1.0, 0.9264069264069265, 1.0, 1.0]
[0.19739447623356082, 0.013328421306938665, 0.09422978334018323, 0.002904762123942663, 0.038942109561786134]
Recall: -0.8944271909999159
[151, 2337, 426, 3407, 1079]
[0.10144927536231885, 1.0, 0.9553571428571429, 1.0, 1.0]
[0.19739447623356082, 0.013328421306938665, 0.09422978334018323, 0.002904762123942663, 0.038942109561786134]
Accuracy: -0.8944271909999159
[151, 2337, 426, 3407, 1079]
[0.11258278145695365, 1.0, 0.9366197183098591, 1.0, 1.0]
[0.19739447623356082, 0.013328421306938665, 0.09422978334018323, 0.002904762123942663, 0.038942109561786134]
FScore: -0.8944271909999159
[151, 2337, 426, 3407, 1079]
[0.0945945945945946, 1.0, 0.9406593406593406, 1.0, 1.0]
[0.19739447623356082, 0.013328421306938665, 0.09422978334018323, 0.002904762123942663, 0.038942109561786134]
Matthews: -0.8944271909999159
[151, 2337, 426, 3407, 1079]
[-0.774548803090379, 1.0, 0.8731595943402563, 1.0, 1.0]
[0.19739447623356082, 0.013328421306938665, 0.09422978334018323, 0.002904762123942663, 0.038942109561786134]

Analysis for wdbc (560)
Precision: 0.7071067811865476
[53, 56, 57, 39, 355]
[1.0, 1.0, 1.0, 1.0, 0.05555555555555555]
[0.04303482618401581, 0.02333201944303428, 0.013006653148281916, 0.005022081552493188, 0.0011429115664155498]
Recall: -0.9746794344808963
[53, 56, 57, 39, 355]
[0.8113207547169812, 0.875, 0.9824561403508771, 1.0, 1.0]
[0.04303482618401581, 0.02333201944303428, 0.013006653148281916, 0.005022081552493188, 0.0011429115664155498]
Accuracy: -0.7000000000000001
[53, 56, 57, 39, 355]
[0.8113207547169812, 0.875, 0.9824561403508771, 1.0, 0.952112676056338]
[0.04303482618401581, 0.02333201944303428, 0.013006653148281916, 0.005022081552493188, 0.0011429115664155498]
FScore: 0.0
[53, 56, 57, 39, 355]
[0.8958333333333334, 0.9333333333333333, 0.9911504424778761, 1.0, 0.10526315789473684]
[0.04303482618401581, 0.02333201944303428, 0.013006653148281916, 0.005022081552493188, 0.0011429115664155498]
Matthews: -0.7071067811865476
[53, 56, 57, 39, 355]
[0.0, 0.0, 0.0, 0.0, 0.22997311450712662]
[0.04303482618401581, 0.02333201944303428, 0.013006653148281916, 0.005022081552493188, 0.0011429115664155498]
