MultiResolutionExperiment(3, 10, MultiResolutionTransform(10, 0.30))

Analysis for appendicitis (100)
Precision: -0.8660254037844386
[19, 76, 5]
[0.0, 1.0, 1.0]
[0.21791955007681563, 0.005887941761552081, 0.10704562606467813]
Recall: -1.0
[19, 76, 5]
[0.0, 0.9868421052631579, 0.25]
[0.21791955007681563, 0.005887941761552081, 0.10704562606467813]
Accuracy: -0.5
[19, 76, 5]
[0.47368421052631576, 0.9868421052631579, 0.4]
[0.21791955007681563, 0.005887941761552081, 0.10704562606467813]
FScore: -1.0
[19, 76, 5]
[0.0, 0.9933774834437086, 0.4]
[0.21791955007681563, 0.005887941761552081, 0.10704562606467813]
Matthews: 0.0
[19, 76, 5]
[0.0, 0.0, 0.25]
[0.21791955007681563, 0.005887941761552081, 0.10704562606467813]

Analysis for banana (5300)
Precision: -1.0
[634, 3179, 1487]
[0.044642857142857144, 1.0, 0.9692671394799054]
[0.34663836137092363, 0.06099228500720821, 0.15083927055498209]
Recall: -1.0
[634, 3179, 1487]
[0.12, 0.9804772234273319, 0.8299595141700404]
[0.34663836137092363, 0.06099228500720821, 0.15083927055498209]
Accuracy: -1.0
[634, 3179, 1487]
[0.32018927444794953, 0.9858446052217679, 0.9347679892400808]
[0.34663836137092363, 0.06099228500720821, 0.15083927055498209]
FScore: -1.0
[634, 3179, 1487]
[0.0650759219088937, 0.9901423877327492, 0.8942202835332606]
[0.34663836137092363, 0.06099228500720821, 0.15083927055498209]
Matthews: -1.0
[634, 3179, 1487]
[-0.4070596388401781, 0.9656432639689602, 0.8528033872994644]
[0.34663836137092363, 0.06099228500720821, 0.15083927055498209]

Analysis for breast-cancer-original (650)
Precision: NaN
[416, 51, 183]
[1.0, 1.0, 1.0]
[0.001495047155341887, 0.14317126411020853, 0.042660218606222426]
Recall: -0.5
[416, 51, 183]
[0.9855769230769231, 0.09090909090909091, 1.0]
[0.001495047155341887, 0.14317126411020853, 0.042660218606222426]
Accuracy: -0.5
[416, 51, 183]
[0.9855769230769231, 0.803921568627451, 1.0]
[0.001495047155341887, 0.14317126411020853, 0.042660218606222426]
FScore: -0.5
[416, 51, 183]
[0.9927360774818402, 0.16666666666666669, 1.0]
[0.001495047155341887, 0.14317126411020853, 0.042660218606222426]
Matthews: 0.5
[416, 51, 183]
[0.0, 0.26967994498529685, 1.0]
[0.001495047155341887, 0.14317126411020853, 0.042660218606222426]

Analysis for mammographic-masses (960)
Precision: -1.0
[135, 520, 305]
[0.23684210526315788, 0.996969696969697, 0.624113475177305]
[0.3482530006370297, 0.04760262381697721, 0.16031415971561166]
Recall: -1.0
[135, 520, 305]
[0.25, 0.9909638554216867, 0.7927927927927928]
[0.3482530006370297, 0.04760262381697721, 0.16031415971561166]
Accuracy: -1.0
[135, 520, 305]
[0.17037037037037037, 0.9923076923076923, 0.7508196721311475]
[0.3482530006370297, 0.04760262381697721, 0.16031415971561166]
FScore: -1.0
[135, 520, 305]
[0.24324324324324326, 0.9939577039274925, 0.6984126984126985]
[0.3482530006370297, 0.04760262381697721, 0.16031415971561166]
Matthews: -1.0
[135, 520, 305]
[-0.674512317395567, 0.9834099314068457, 0.501415135376848]
[0.3482530006370297, 0.04760262381697721, 0.16031415971561166]

Analysis for phoneme (5400)
Precision: 1.0
[971, 3101, 1328]
[0.44545454545454544, 0.0, 1.0]
[0.14517462105097823, 0.01866841926558345, 0.30118332496493894]
Recall: 0.5
[971, 3101, 1328]
[0.953307392996109, 0.0, 0.6920180722891566]
[0.14517462105097823, 0.01866841926558345, 0.30118332496493894]
Accuracy: -0.5
[971, 3101, 1328]
[0.6735324407826982, 0.9725894872621735, 0.6920180722891566]
[0.14517462105097823, 0.01866841926558345, 0.30118332496493894]
FScore: 1.0
[971, 3101, 1328]
[0.6071871127633209, 0.0, 0.8179795282599021]
[0.14517462105097823, 0.01866841926558345, 0.30118332496493894]
Matthews: 0.0
[971, 3101, 1328]
[0.4683728652326783, 0.0, 0.0]
[0.14517462105097823, 0.01866841926558345, 0.30118332496493894]

Analysis for pima (700)
Precision: -1.0
[142, 137, 421]
[0.2222222222222222, 0.0, 1.0]
[0.1271402827080395, 0.2548887768544177, 0.04603744077744433]
Recall: -1.0
[142, 137, 421]
[0.27586206896551724, 0.0, 0.8591885441527446]
[0.1271402827080395, 0.2548887768544177, 0.04603744077744433]
Accuracy: -1.0
[142, 137, 421]
[0.6549295774647887, 0.34306569343065696, 0.8598574821852731]
[0.1271402827080395, 0.2548887768544177, 0.04603744077744433]
FScore: -1.0
[142, 137, 421]
[0.24615384615384614, 0.0, 0.9242618741976892]
[0.1271402827080395, 0.2548887768544177, 0.04603744077744433]
Matthews: -1.0
[142, 137, 421]
[0.026016293515007553, -0.16311406449098576, 0.16783955493783143]
[0.1271402827080395, 0.2548887768544177, 0.04603744077744433]

Analysis for ring (7400)
Precision: 0.5
[2040, 4290, 1070]
[0.9798691494715652, 0.7316798196166855, 0.9065606361829026]
[0.07640449528325709, 0.04143418349933937, 0.2622474928946303]
Recall: -1.0
[2040, 4290, 1070]
[0.9759398496240601, 1.0, 0.4470588235294118]
[0.07640449528325709, 0.04143418349933937, 0.2622474928946303]
Accuracy: -0.5
[2040, 4290, 1070]
[0.9568627450980393, 0.9445221445221446, 0.4289719626168224]
[0.07640449528325709, 0.04143418349933937, 0.2622474928946303]
FScore: -0.5
[2040, 4290, 1070]
[0.9779005524861879, 0.8450520833333334, 0.5988181221273802]
[0.07640449528325709, 0.04143418349933937, 0.2622474928946303]
Matthews: -1.0
[2040, 4290, 1070]
[0.0803737824630677, 0.8269536597897124, -0.20845132658681512]
[0.07640449528325709, 0.04143418349933937, 0.2622474928946303]

Analysis for spambase (4550)
Precision: -1.0
[523, 981, 3046]
[0.19658119658119658, 0.7900355871886121, 0.9978041282389108]
[0.288145399489879, 0.11175394194433441, 0.02433912013794811]
Recall: -1.0
[523, 981, 3046]
[0.3108108108108108, 0.7278688524590164, 0.9848287819679237]
[0.288145399489879, 0.11175394194433441, 0.02433912013794811]
Accuracy: -1.0
[523, 981, 3046]
[0.44550669216061184, 0.855249745158002, 0.9868680236375574]
[0.288145399489879, 0.11175394194433441, 0.02433912013794811]
FScore: -1.0
[523, 981, 3046]
[0.24083769633507854, 0.7576791808873721, 0.9912739965095986]
[0.288145399489879, 0.11175394194433441, 0.02433912013794811]
Matthews: -1.0
[523, 981, 3046]
[-0.1725980816524268, 0.6558458098115479, 0.9650906515656724]
[0.288145399489879, 0.11175394194433441, 0.02433912013794811]

Analysis for twonorm (7400)
Precision: -0.8660254037844386
[467, 4737, 2196]
[0.6482213438735178, 1.0, 1.0]
[0.1736064454544807, 0.012123781523002251, 0.050384141846435984]
Recall: -0.8660254037844386
[467, 4737, 2196]
[0.6949152542372882, 1.0, 1.0]
[0.1736064454544807, 0.012123781523002251, 0.050384141846435984]
Accuracy: -0.8660254037844386
[467, 4737, 2196]
[0.6552462526766595, 1.0, 1.0]
[0.1736064454544807, 0.012123781523002251, 0.050384141846435984]
FScore: -0.8660254037844386
[467, 4737, 2196]
[0.6707566462167689, 1.0, 1.0]
[0.1736064454544807, 0.012123781523002251, 0.050384141846435984]
Matthews: -0.8660254037844386
[467, 4737, 2196]
[0.3107014668444775, 1.0, 1.0]
[0.1736064454544807, 0.012123781523002251, 0.050384141846435984]

Analysis for wdbc (560)
Precision: 0.8660254037844386
[110, 96, 354]
[1.0, 1.0, 0.0]
[0.06401842075840714, 0.025192771822766264, 0.002646874278845659]
Recall: 0.5
[110, 96, 354]
[0.8454545454545455, 0.9895833333333334, 0.0]
[0.06401842075840714, 0.025192771822766264, 0.002646874278845659]
Accuracy: -0.5
[110, 96, 354]
[0.8454545454545455, 0.9895833333333334, 0.9519774011299436]
[0.06401842075840714, 0.025192771822766264, 0.002646874278845659]
FScore: 0.5
[110, 96, 354]
[0.916256157635468, 0.9947643979057591, 0.0]
[0.06401842075840714, 0.025192771822766264, 0.002646874278845659]
Matthews: NaN
[110, 96, 354]
[0.0, 0.0, 0.0]
[0.06401842075840714, 0.025192771822766264, 0.002646874278845659]
