MultiResolutionExperiment(5, 10, MultiResolutionTransform(40, 0.20))

Analysis for appendicitis (100)
Precision: -0.5773502691896258
[1, 9, 76, 10, 4]
[0.0, 0.0, 1.0, 0.0, 1.0]
[0.3554816232804081, 0.07939727854865748, 0.0038498236415312535, 0.17301795394911956, 0.09670338305338395]
Recall: -0.6708203932499369
[1, 9, 76, 10, 4]
[0.0, 0.0, 0.9868421052631579, 0.0, 0.25]
[0.3554816232804081, 0.07939727854865748, 0.0038498236415312535, 0.17301795394911956, 0.09670338305338395]
Accuracy: -0.9
[1, 9, 76, 10, 4]
[0.0, 1.0, 0.9868421052631579, 0.1, 0.25]
[0.3554816232804081, 0.07939727854865748, 0.0038498236415312535, 0.17301795394911956, 0.09670338305338395]
FScore: -0.6708203932499369
[1, 9, 76, 10, 4]
[0.0, 0.0, 0.9933774834437086, 0.0, 0.4]
[0.3554816232804081, 0.07939727854865748, 0.0038498236415312535, 0.17301795394911956, 0.09670338305338395]
Matthews: NaN
[1, 9, 76, 10, 4]
[0.0, 0.0, 0.0, 0.0, 0.0]
[0.3554816232804081, 0.07939727854865748, 0.0038498236415312535, 0.17301795394911956, 0.09670338305338395]

Analysis for banana (5300)
Precision: -0.9
[706, 1003, 495, 2692, 404]
[0.9982876712328768, 0.9585798816568047, 0.6875, 1.0, 0.0]
[0.1223875546722185, 0.07573108606249875, 0.20364245649682952, 0.02329585513570259, 0.344920827521781]
Recall: -0.9
[706, 1003, 495, 2692, 404]
[0.8523391812865497, 1.0, 0.44508670520231214, 0.9994635193133047, 0.0]
[0.1223875546722185, 0.07573108606249875, 0.20364245649682952, 0.02329585513570259, 0.344920827521781]
Accuracy: -1.0
[706, 1003, 495, 2692, 404]
[0.8555240793201133, 0.9930209371884346, 0.7353535353535353, 0.99962852897474, 0.1782178217821782]
[0.1223875546722185, 0.07573108606249875, 0.20364245649682952, 0.02329585513570259, 0.344920827521781]
FScore: -1.0
[706, 1003, 495, 2692, 404]
[0.9195583596214512, 0.9788519637462235, 0.5403508771929825, 0.9997316876844646, 0.0]
[0.1223875546722185, 0.07573108606249875, 0.20364245649682952, 0.02329585513570259, 0.344920827521781]
Matthews: -0.9
[706, 1003, 495, 2692, 404]
[0.370821151669193, 0.9749878021748499, 0.3833425482444567, 0.9991285672212837, -0.5393192086377745]
[0.1223875546722185, 0.07573108606249875, 0.20364245649682952, 0.02329585513570259, 0.344920827521781]

Analysis for breast-cancer-original (650)
Precision: -0.288675134594813
[415, 115, 13, 75, 32]
[1.0, 0.0, 0.0, 1.0, 1.0]
[9.89951378256337E-4, 0.014866429199404202, 0.1733974929722352, 0.043307811702572675, 0.0876998293001361]
Recall: -0.5642880936468347
[415, 115, 13, 75, 32]
[0.9903381642512077, 0.0, 0.0, 0.6666666666666666, 0.3333333333333333]
[9.89951378256337E-4, 0.014866429199404202, 0.1733974929722352, 0.043307811702572675, 0.0876998293001361]
Accuracy: -0.9
[415, 115, 13, 75, 32]
[0.9903614457831326, 0.991304347826087, 0.38461538461538464, 0.9866666666666667, 0.9375]
[9.89951378256337E-4, 0.014866429199404202, 0.1733974929722352, 0.043307811702572675, 0.0876998293001361]
FScore: -0.5642880936468347
[415, 115, 13, 75, 32]
[0.9951456310679612, 0.0, 0.0, 0.8, 0.5]
[9.89951378256337E-4, 0.014866429199404202, 0.1733974929722352, 0.043307811702572675, 0.0876998293001361]
Matthews: -0.051298917604258434
[415, 115, 13, 75, 32]
[0.44504789950098805, 0.0, 0.0, 0.8108848540793832, 0.5584155773160767]
[9.89951378256337E-4, 0.014866429199404202, 0.1733974929722352, 0.043307811702572675, 0.0876998293001361]

Analysis for mammographic-masses (960)
Precision: -0.9
[101, 64, 101, 194, 500]
[0.31666666666666665, 0.09090909090909091, 0.43103448275862066, 0.9054054054054054, 0.9968944099378882]
[0.18772104787126953, 0.3768948317511646, 0.20439558392774462, 0.09169547809096265, 0.03385934024531432]
Recall: -1.0
[101, 64, 101, 194, 500]
[0.76, 0.08823529411764706, 0.46296296296296297, 0.8481012658227848, 0.9938080495356038]
[0.18772104787126953, 0.3768948317511646, 0.20439558392774462, 0.09169547809096265, 0.03385934024531432]
Accuracy: -1.0
[101, 64, 101, 194, 500]
[0.5346534653465347, 0.046875, 0.38613861386138615, 0.9020618556701031, 0.994]
[0.18772104787126953, 0.3768948317511646, 0.20439558392774462, 0.09169547809096265, 0.03385934024531432]
FScore: -1.0
[101, 64, 101, 194, 500]
[0.4470588235294118, 0.08955223880597016, 0.44642857142857145, 0.8758169934640523, 0.9953488372093025]
[0.18772104787126953, 0.3768948317511646, 0.20439558392774462, 0.09169547809096265, 0.03385934024531432]
Matthews: -1.0
[101, 64, 101, 194, 500]
[0.1938070936763255, -0.9104268259160609, -0.2412651853717967, 0.7962667059309172, 0.9869076019155885]
[0.18772104787126953, 0.3768948317511646, 0.20439558392774462, 0.09169547809096265, 0.03385934024531432]

Analysis for phoneme (5400)
Precision: 0.9746794344808963
[545, 636, 2642, 745, 832]
[0.055350553505535055, 0.0, 0.0, 0.9924242424242424, 0.997979797979798]
[0.13464488199488153, 0.059043381426555824, 0.007126516985480368, 0.1434815860206527, 0.2799768513298183]
Recall: 0.6668859288553503
[545, 636, 2642, 745, 832]
[0.8333333333333334, 0.0, 0.0, 0.8899456521739131, 0.5944645006016848]
[0.13464488199488153, 0.059043381426555824, 0.007126516985480368, 0.1434815860206527, 0.2799768513298183]
Accuracy: -0.5
[545, 636, 2642, 745, 832]
[0.5247706422018349, 0.8474842767295597, 0.9882664647993944, 0.8845637583892617, 0.59375]
[0.13464488199488153, 0.059043381426555824, 0.007126516985480368, 0.1434815860206527, 0.2799768513298183]
FScore: 0.872081599272381
[545, 636, 2642, 745, 832]
[0.10380622837370242, 0.0, 0.0, 0.9383954154727794, 0.7450980392156864]
[0.13464488199488153, 0.059043381426555824, 0.007126516985480368, 0.1434815860206527, 0.2799768513298183]
Matthews: -0.15389675281277299
[545, 636, 2642, 745, 832]
[0.12422741840016718, 0.0, 0.0, 0.1149032037805361, -0.02862278175069837]
[0.13464488199488153, 0.059043381426555824, 0.007126516985480368, 0.1434815860206527, 0.2799768513298183]

Analysis for pima (700)
Precision: -0.6708203932499369
[115, 146, 136, 231, 72]
[0.03571428571428571, 1.0, 0.0, 1.0, 1.0]
[0.08492490669170433, 0.04660668911612536, 0.19149913679232644, 0.013227822684914885, 0.10670992994930983]
Recall: -0.9
[115, 146, 136, 231, 72]
[0.125, 0.8156028368794326, 0.0, 0.9567099567099567, 0.45588235294117646]
[0.08492490669170433, 0.04660668911612536, 0.19149913679232644, 0.013227822684914885, 0.10670992994930983]
Accuracy: -1.0
[115, 146, 136, 231, 72]
[0.7043478260869566, 0.821917808219178, 0.33088235294117646, 0.9567099567099567, 0.4861111111111111]
[0.08492490669170433, 0.04660668911612536, 0.19149913679232644, 0.013227822684914885, 0.10670992994930983]
FScore: -0.9
[115, 146, 136, 231, 72]
[0.05555555555555556, 0.8984375, 0.0, 0.9778761061946903, 0.6262626262626263]
[0.08492490669170433, 0.04660668911612536, 0.19149913679232644, 0.013227822684914885, 0.10670992994930983]
Matthews: -0.5
[115, 146, 136, 231, 72]
[-0.07548331653009625, 0.36269662895865606, -0.1681158547432948, 0.0, 0.2108941135172159]
[0.08492490669170433, 0.04660668911612536, 0.19149913679232644, 0.013227822684914885, 0.10670992994930983]

Analysis for ring (7400)
Precision: -0.09999999999999983
[1562, 982, 845, 303, 3708]
[1.0, 0.05042016806722689, 0.9712460063897763, 0.06310679611650485, 0.9920255183413078]
[0.06459199525279308, 0.060859132703147426, 0.21953113309280065, 0.13076999006254394, 0.016522130009003082]
Recall: -0.9
[1562, 982, 845, 303, 3708]
[0.9507042253521126, 1.0, 0.36363636363636365, 0.8666666666666667, 0.9991967871485944]
[0.06459199525279308, 0.060859132703147426, 0.21953113309280065, 0.13076999006254394, 0.016522130009003082]
Accuracy: -0.8
[1562, 982, 845, 303, 3708]
[0.9507042253521126, 0.884928716904277, 0.35976331360946745, 0.3564356435643564, 0.9970334412081985]
[0.06459199525279308, 0.060859132703147426, 0.21953113309280065, 0.13076999006254394, 0.016522130009003082]
FScore: -0.30000000000000004
[1562, 982, 845, 303, 3708]
[0.9747292418772564, 0.096, 0.5291557876414275, 0.11764705882352941, 0.9955982392957182]
[0.06459199525279308, 0.060859132703147426, 0.21953113309280065, 0.13076999006254394, 0.016522130009003082]
Matthews: -0.9
[1562, 982, 845, 303, 3708]
[0.0, 0.21114589063776246, -0.1352700851399846, 0.09137898704851832, 0.9933758011473481]
[0.06459199525279308, 0.060859132703147426, 0.21953113309280065, 0.13076999006254394, 0.016522130009003082]

Analysis for spambase (4550)
Precision: -1.0
[288, 326, 2767, 288, 881]
[0.1111111111111111, 0.56, 0.9990379990379991, 0.5168539325842697, 0.9272237196765498]
[0.27193715308729405, 0.12255018863622441, 0.012422436076427453, 0.1507553366668375, 0.053585767029271966]
Recall: -1.0
[288, 326, 2767, 288, 881]
[0.19540229885057472, 0.7887323943661971, 0.9904625655698617, 0.4144144144144144, 0.8730964467005076]
[0.27193715308729405, 0.12255018863622441, 0.012422436076427453, 0.1507553366668375, 0.053585767029271966]
Accuracy: -1.0
[288, 326, 2767, 288, 881]
[0.2847222222222222, 0.8190184049079755, 0.9920491507047343, 0.625, 0.9125993189557321]
[0.27193715308729405, 0.12255018863622441, 0.012422436076427453, 0.1507553366668375, 0.053585767029271966]
FScore: -1.0
[288, 326, 2767, 288, 881]
[0.14166666666666666, 0.6549707602339182, 0.9947318007662834, 0.45999999999999996, 0.8993464052287582]
[0.27193715308729405, 0.12255018863622441, 0.012422436076427453, 0.1507553366668375, 0.053585767029271966]
Matthews: -1.0
[288, 326, 2767, 288, 881]
[-0.44277578902224857, 0.5515120698782798, 0.9786837056122727, 0.1806056559810983, 0.8233995562864667]
[0.27193715308729405, 0.12255018863622441, 0.012422436076427453, 0.1507553366668375, 0.053585767029271966]

Analysis for twonorm (7400)
Precision: -0.8944271909999159
[167, 2321, 457, 3377, 1078]
[0.10588235294117647, 1.0, 0.9494163424124513, 1.0, 1.0]
[0.19428861669669997, 0.013384969748603294, 0.0904126653713917, 0.002980711627145841, 0.03802871354201251]
Recall: -0.8944271909999159
[167, 2321, 457, 3377, 1078]
[0.125, 1.0, 0.9644268774703557, 1.0, 1.0]
[0.19428861669669997, 0.013384969748603294, 0.0904126653713917, 0.002980711627145841, 0.03802871354201251]
Accuracy: -0.8944271909999159
[167, 2321, 457, 3377, 1078]
[0.16766467065868262, 1.0, 0.9518599562363238, 1.0, 1.0]
[0.19428861669669997, 0.013384969748603294, 0.0904126653713917, 0.002980711627145841, 0.03802871354201251]
FScore: -0.8944271909999159
[167, 2321, 457, 3377, 1078]
[0.11464968152866241, 1.0, 0.9568627450980391, 1.0, 1.0]
[0.19428861669669997, 0.013384969748603294, 0.0904126653713917, 0.002980711627145841, 0.03802871354201251]
Matthews: -0.8944271909999159
[167, 2321, 457, 3377, 1078]
[-0.6686755362209056, 1.0, 0.9025569534851653, 1.0, 1.0]
[0.19428861669669997, 0.013384969748603294, 0.0904126653713917, 0.002980711627145841, 0.03802871354201251]

Analysis for wdbc (560)
Precision: 0.4472135954999579
[71, 1, 91, 43, 354]
[1.0, 0.0, 1.0, 1.0, 0.058823529411764705]
[0.04049406870163231, 0.013049927679892928, 0.01719589780659832, 0.005715703588291432, 0.001159833539450166]
Recall: -0.7000000000000001
[71, 1, 91, 43, 354]
[0.8169014084507042, 0.0, 0.9560439560439561, 0.9767441860465116, 1.0]
[0.04049406870163231, 0.013049927679892928, 0.01719589780659832, 0.005715703588291432, 0.001159833539450166]
Accuracy: -0.30000000000000004
[71, 1, 91, 43, 354]
[0.8169014084507042, 0.0, 0.9560439560439561, 0.9767441860465116, 0.9548022598870056]
[0.04049406870163231, 0.013049927679892928, 0.01719589780659832, 0.005715703588291432, 0.001159833539450166]
FScore: 0.09999999999999983
[71, 1, 91, 43, 354]
[0.8992248062015504, 0.0, 0.9775280898876404, 0.988235294117647, 0.1111111111111111]
[0.04049406870163231, 0.013049927679892928, 0.01719589780659832, 0.005715703588291432, 0.001159833539450166]
Matthews: -0.7071067811865476
[71, 1, 91, 43, 354]
[0.0, 0.0, 0.0, 0.0, 0.23697533018329306]
[0.04049406870163231, 0.013049927679892928, 0.01719589780659832, 0.005715703588291432, 0.001159833539450166]
