MultiResolutionExperiment(4, 10, MultiResolutionTransform(50, 0.15))

Analysis for appendicitis (100)
Precision: -0.9486832980505138
[1, 13, 9, 77]
[0.0, 0.5, 0.0, 1.0]
[0.36002777891019117, 0.07718022948211173, 0.1546599160731529, 0.0032644192573348767]
Recall: -0.9486832980505138
[1, 13, 9, 77]
[0.0, 0.25, 0.0, 0.9868421052631579]
[0.36002777891019117, 0.07718022948211173, 0.1546599160731529, 0.0032644192573348767]
Accuracy: -1.0
[1, 13, 9, 77]
[0.0, 0.6923076923076923, 0.1111111111111111, 0.987012987012987]
[0.36002777891019117, 0.07718022948211173, 0.1546599160731529, 0.0032644192573348767]
FScore: -0.9486832980505138
[1, 13, 9, 77]
[0.0, 0.3333333333333333, 0.0, 0.9933774834437086]
[0.36002777891019117, 0.07718022948211173, 0.1546599160731529, 0.0032644192573348767]
Matthews: -0.9486832980505138
[1, 13, 9, 77]
[0.0, 0.17766726362967536, 0.0, 0.7024393586862705]
[0.36002777891019117, 0.07718022948211173, 0.1546599160731529, 0.0032644192573348767]

Analysis for banana (5300)
Precision: -1.0
[2639, 496, 862, 1303]
[1.0, 0.009615384615384616, 0.9592326139088729, 0.981941309255079]
[0.016267755750053344, 0.31931480693235553, 0.1586827453309399, 0.061971009436219894]
Recall: -1.0
[2639, 496, 862, 1303]
[0.9983783783783784, 0.04477611940298507, 0.70298769771529, 0.9931506849315068]
[0.016267755750053344, 0.31931480693235553, 0.1586827453309399, 0.061971009436219894]
Accuracy: -1.0
[2639, 496, 862, 1303]
[0.9988632057597575, 0.24798387096774194, 0.7842227378190255, 0.9915579432079816]
[0.016267755750053344, 0.31931480693235553, 0.1586827453309399, 0.061971009436219894]
FScore: -1.0
[2639, 496, 862, 1303]
[0.9991885312415472, 0.0158311345646438, 0.8113590263691685, 0.9875141884222475]
[0.016267755750053344, 0.31931480693235553, 0.1586827453309399, 0.061971009436219894]
Matthews: -1.0
[2639, 496, 862, 1303]
[0.9972946616204471, -0.47797755939634634, 0.6113354113102631, 0.9811737506661714]
[0.016267755750053344, 0.31931480693235553, 0.1586827453309399, 0.061971009436219894]

Analysis for breast-cancer-original (650)
Precision: -0.7745966692414834
[421, 15, 59, 155]
[1.0, 0.0, 1.0, 1.0]
[9.88084218883782E-4, 0.15289987322472964, 0.06883478848629103, 0.017164090865225096]
Recall: -1.0
[421, 15, 59, 155]
[0.9927360774818402, 0.0, 0.2857142857142857, 0.3333333333333333]
[9.88084218883782E-4, 0.15289987322472964, 0.06883478848629103, 0.017164090865225096]
Accuracy: -1.0
[421, 15, 59, 155]
[0.9928741092636579, 0.6, 0.9152542372881356, 0.9870967741935484]
[9.88084218883782E-4, 0.15289987322472964, 0.06883478848629103, 0.017164090865225096]
FScore: -1.0
[421, 15, 59, 155]
[0.9963547995139732, 0.0, 0.4444444444444445, 0.5]
[9.88084218883782E-4, 0.15289987322472964, 0.06883478848629103, 0.017164090865225096]
Matthews: -1.0
[421, 15, 59, 155]
[0.8496998732095041, 0.0, 0.5105405263763904, 0.5735889896121865]
[9.88084218883782E-4, 0.15289987322472964, 0.06883478848629103, 0.017164090865225096]

Analysis for mammographic-masses (960)
Precision: -1.0
[163, 73, 177, 547]
[0.4444444444444444, 0.08333333333333333, 0.7160493827160493, 0.9969788519637462]
[0.1939787281836948, 0.356078950342845, 0.09676391819035604, 0.03493036302825573]
Recall: -1.0
[163, 73, 177, 547]
[0.6285714285714286, 0.075, 0.7945205479452054, 0.9939759036144579]
[0.1939787281836948, 0.356078950342845, 0.09676391819035604, 0.03493036302825573]
Accuracy: -1.0
[163, 73, 177, 547]
[0.5030674846625767, 0.0410958904109589, 0.7853107344632768, 0.9945155393053017]
[0.1939787281836948, 0.356078950342845, 0.09676391819035604, 0.03493036302825573]
FScore: -1.0
[163, 73, 177, 547]
[0.5207100591715975, 0.07894736842105263, 0.7532467532467533, 0.995475113122172]
[0.1939787281836948, 0.356078950342845, 0.09676391819035604, 0.03493036302825573]
Matthews: -1.0
[163, 73, 177, 547]
[0.037680554694460994, -0.920823906437418, 0.5665424306552336, 0.9885218409620076]
[0.1939787281836948, 0.356078950342845, 0.09676391819035604, 0.03493036302825573]

Analysis for phoneme (5400)
Precision: 1.0
[1003, 778, 2954, 665]
[0.3438155136268344, 0.9723076923076923, 0.0, 0.997289972899729]
[0.09926008414196319, 0.15871725929778688, 0.009804584514949633, 0.282116167584174]
Recall: 0.2000000000000001
[1003, 778, 2954, 665]
[0.9534883720930233, 0.8437917222963952, 0.0, 0.5542168674698795]
[0.09926008414196319, 0.15871725929778688, 0.009804584514949633, 0.282116167584174]
Accuracy: -0.8
[1003, 778, 2954, 665]
[0.6799601196410767, 0.8264781491002571, 0.980365605958023, 0.5533834586466165]
[0.09926008414196319, 0.15871725929778688, 0.009804584514949633, 0.282116167584174]
FScore: 0.8
[1003, 778, 2954, 665]
[0.5053929121725731, 0.9035025017869909, 0.0, 0.7124878993223621]
[0.09926008414196319, 0.15871725929778688, 0.009804584514949633, 0.282116167584174]
Matthews: -0.39999999999999997
[1003, 778, 2954, 665]
[0.4353748403116635, 0.11399395950610705, 0.0, -0.03475750810976423]
[0.09926008414196319, 0.15871725929778688, 0.009804584514949633, 0.282116167584174]

Analysis for pima (700)
Precision: -0.6324555320336759
[127, 145, 109, 319]
[1.0, 0.010638297872340425, 0.041666666666666664, 1.0]
[0.07860083760766355, 0.1726302579097577, 0.07095198075313679, 0.017789357999260205]
Recall: -0.39999999999999997
[127, 145, 109, 319]
[0.5702479338842975, 0.3333333333333333, 0.1, 0.939873417721519]
[0.07860083760766355, 0.1726302579097577, 0.07095198075313679, 0.017789357999260205]
Accuracy: -1.0
[127, 145, 109, 319]
[0.5905511811023622, 0.3448275862068966, 0.7064220183486238, 0.9404388714733543]
[0.07860083760766355, 0.1726302579097577, 0.07095198075313679, 0.017789357999260205]
FScore: -0.8
[127, 145, 109, 319]
[0.7263157894736841, 0.020618556701030927, 0.058823529411764705, 0.9690048939641109]
[0.07860083760766355, 0.1726302579097577, 0.07095198075313679, 0.017789357999260205]
Matthews: -0.8
[127, 145, 109, 319]
[0.2428809699713785, -0.09586647368722544, -0.09218040558436355, 0.3580007778790785]
[0.07860083760766355, 0.1726302579097577, 0.07095198075313679, 0.017789357999260205]

Analysis for ring (7400)
Precision: -0.6000000000000001
[710, 849, 1429, 4412]
[0.015444015444015444, 0.9216300940438872, 0.9985163204747775, 0.9703652653342523]
[0.09262126491076736, 0.20610608845893075, 0.06129692998285172, 0.018397471550630817]
Recall: -0.39999999999999997
[710, 849, 1429, 4412]
[1.0, 0.3572296476306197, 0.9432375613174492, 0.9985815602836879]
[0.09262126491076736, 0.20610608845893075, 0.06129692998285172, 0.018397471550630817]
Accuracy: -1.0
[710, 849, 1429, 4412]
[0.6408450704225352, 0.3474676089517079, 0.9419174247725682, 0.9898005439709883]
[0.09262126491076736, 0.20610608845893075, 0.06129692998285172, 0.018397471550630817]
FScore: -0.8
[710, 849, 1429, 4412]
[0.030418250950570346, 0.5148861646234676, 0.9700900900900901, 0.9842712338343238]
[0.09262126491076736, 0.20610608845893075, 0.06129692998285172, 0.018397471550630817]
Matthews: -0.8
[710, 849, 1429, 4412]
[0.09932670621914401, -0.21498702194585512, -0.00917699668055956, 0.9769466432015222]
[0.09262126491076736, 0.20610608845893075, 0.06129692998285172, 0.018397471550630817]

Analysis for spambase (4550)
Precision: -1.0
[264, 869, 468, 2949]
[0.11888111888111888, 0.897196261682243, 0.46706586826347307, 0.998149005090236]
[0.2635039696224644, 0.06081555238129787, 0.1370615883354423, 0.011629205574540172]
Recall: -1.0
[264, 869, 468, 2949]
[0.2, 0.8067226890756303, 0.5693430656934306, 0.9889958734525447]
[0.2635039696224644, 0.06081555238129787, 0.1370615883354423, 0.011629205574540172]
Accuracy: -1.0
[264, 869, 468, 2949]
[0.26515151515151514, 0.8826237054085155, 0.6837606837606838, 0.9905052560189895]
[0.2635039696224644, 0.06081555238129787, 0.1370615883354423, 0.011629205574540172]
FScore: -1.0
[264, 869, 468, 2949]
[0.14912280701754385, 0.8495575221238938, 0.5131578947368421, 0.9935513588208199]
[0.2635039696224644, 0.06081555238129787, 0.1370615883354423, 0.011629205574540172]
Matthews: -1.0
[264, 869, 468, 2949]
[-0.4725293415135627, 0.7566376472842308, 0.2853781689580648, 0.9757066578138466]
[0.2635039696224644, 0.06081555238129787, 0.1370615883354423, 0.011629205574540172]

Analysis for twonorm (7400)
Precision: -0.9486832980505138
[185, 4635, 629, 1951]
[0.15625, 1.0, 0.9766763848396501, 1.0]
[0.17904644521474075, 0.003329409110858742, 0.07163634850929337, 0.021009114949409196]
Recall: -0.9486832980505138
[185, 4635, 629, 1951]
[0.18518518518518517, 1.0, 0.9824046920821115, 1.0]
[0.17904644521474075, 0.003329409110858742, 0.07163634850929337, 0.021009114949409196]
Accuracy: -0.9486832980505138
[185, 4635, 629, 1951]
[0.20540540540540542, 1.0, 0.9777424483306836, 1.0]
[0.17904644521474075, 0.003329409110858742, 0.07163634850929337, 0.021009114949409196]
FScore: -0.9486832980505138
[185, 4635, 629, 1951]
[0.1694915254237288, 1.0, 0.97953216374269, 1.0]
[0.17904644521474075, 0.003329409110858742, 0.07163634850929337, 0.021009114949409196]
Matthews: -0.9486832980505138
[185, 4635, 629, 1951]
[-0.5894772592480461, 1.0, 0.955161989125959, 1.0]
[0.17904644521474075, 0.003329409110858742, 0.07163634850929337, 0.021009114949409196]

Analysis for wdbc (560)
Precision: 0.6324555320336759
[54, 85, 63, 358]
[1.0, 0.9871794871794872, 1.0, 0.23809523809523808]
[0.03746286922897628, 0.016904567054103117, 0.0062922692427537594, 9.073904057390614E-4]
Recall: -1.0
[54, 85, 63, 358]
[0.8148148148148148, 0.9166666666666666, 0.9841269841269841, 1.0]
[0.03746286922897628, 0.016904567054103117, 0.0062922692427537594, 9.073904057390614E-4]
Accuracy: -0.8
[54, 85, 63, 358]
[0.8148148148148148, 0.9058823529411765, 0.9841269841269841, 0.9553072625698324]
[0.03746286922897628, 0.016904567054103117, 0.0062922692427537594, 9.073904057390614E-4]
FScore: 0.2000000000000001
[54, 85, 63, 358]
[0.8979591836734693, 0.9506172839506173, 0.9919999999999999, 0.3846153846153846]
[0.03746286922897628, 0.016904567054103117, 0.0062922692427537594, 9.073904057390614E-4]
Matthews: -0.6324555320336759
[54, 85, 63, 358]
[0.0, -0.032686022523030676, 0.0, 0.4767634486237516]
[0.03746286922897628, 0.016904567054103117, 0.0062922692427537594, 9.073904057390614E-4]
