MultiResolutionExperiment(5, 10, MultiResolutionTransform(30, 0.15))

Analysis for appendicitis (100)
Precision: -0.288675134594813
[1, 0, 77, 10, 12]
[0.0, 0.0, 1.0, 0.0, 1.0]
[0.3550385868051772, 0.0, 0.003434867999633377, 0.15920156344153927, 0.07625896321849704]
Recall: -0.33541019662496846
[1, 0, 77, 10, 12]
[0.0, 0.0, 0.9868421052631579, 0.0, 0.25]
[0.3550385868051772, 0.0, 0.003434867999633377, 0.15920156344153927, 0.07625896321849704]
Accuracy: -0.2051956704170307
[1, 0, 77, 10, 12]
[0.0, 0.0, 0.987012987012987, 0.1, 0.75]
[0.3550385868051772, 0.0, 0.003434867999633377, 0.15920156344153927, 0.07625896321849704]
FScore: -0.33541019662496846
[1, 0, 77, 10, 12]
[0.0, 0.0, 0.9933774834437086, 0.0, 0.4]
[0.3550385868051772, 0.0, 0.003434867999633377, 0.15920156344153927, 0.07625896321849704]
Matthews: -0.33541019662496846
[1, 0, 77, 10, 12]
[0.0, 0.0, 0.7024393586862705, 0.0, 0.42640143271122083]
[0.3550385868051772, 0.0, 0.003434867999633377, 0.15920156344153927, 0.07625896321849704]

Analysis for banana (5300)
Precision: -0.9
[691, 979, 506, 2718, 406]
[0.9982456140350877, 0.9556962025316456, 0.7058823529411765, 1.0, 0.003424657534246575]
[0.11962824051106949, 0.06354164165877656, 0.19875810244093348, 0.017343645699827083, 0.3460049412498508]
Recall: -0.9
[691, 979, 506, 2718, 406]
[0.8687022900763359, 1.0, 0.4421052631578947, 0.9994683678894205, 0.02127659574468085]
[0.11962824051106949, 0.06354164165877656, 0.19875810244093348, 0.017343645699827083, 0.3460049412498508]
Accuracy: -1.0
[691, 979, 506, 2718, 406]
[0.874095513748191, 0.992849846782431, 0.7213438735177866, 0.9996320824135394, 0.16995073891625614]
[0.11962824051106949, 0.06354164165877656, 0.19875810244093348, 0.017343645699827083, 0.3460049412498508]
FScore: -1.0
[691, 979, 506, 2718, 406]
[0.9289795918367347, 0.9773462783171522, 0.5436893203883495, 0.999734113267748, 0.0058997050147492625]
[0.11962824051106949, 0.06354164165877656, 0.19875810244093348, 0.017343645699827083, 0.3460049412498508]
Matthews: -1.0
[691, 979, 506, 2718, 406]
[0.49169840488092803, 0.9734560315000703, 0.37833176684844944, 0.9991374704578174, -0.5619517214003974]
[0.11962824051106949, 0.06354164165877656, 0.19875810244093348, 0.017343645699827083, 0.3460049412498508]

Analysis for breast-cancer-original (650)
Precision: -0.0
[415, 97, 33, 82, 23]
[1.0, 0.0, 1.0, 1.0, 0.0]
[9.93990904158713E-4, 0.012224772781533378, 0.12951199589335483, 0.03383269406665008, 0.05716285245104519]
Recall: -0.41039134083406165
[415, 97, 33, 82, 23]
[0.9927360774818402, 0.0, 0.09090909090909091, 0.5, 0.0]
[9.93990904158713E-4, 0.012224772781533378, 0.12951199589335483, 0.03383269406665008, 0.05716285245104519]
Accuracy: -0.39999999999999997
[415, 97, 33, 82, 23]
[0.9927710843373494, 0.9896907216494846, 0.696969696969697, 0.975609756097561, 1.0]
[9.93990904158713E-4, 0.012224772781533378, 0.12951199589335483, 0.03383269406665008, 0.05716285245104519]
FScore: -0.41039134083406165
[415, 97, 33, 82, 23]
[0.9963547995139732, 0.0, 0.16666666666666669, 0.6666666666666666, 0.0]
[9.93990904158713E-4, 0.012224772781533378, 0.12951199589335483, 0.03383269406665008, 0.05716285245104519]
Matthews: -0.2051956704170307
[415, 97, 33, 82, 23]
[0.6301542914181701, 0.0, 0.25, 0.698212002188447, 0.0]
[9.93990904158713E-4, 0.012224772781533378, 0.12951199589335483, 0.03383269406665008, 0.05716285245104519]

Analysis for mammographic-masses (960)
Precision: -0.9
[111, 62, 101, 173, 513]
[0.3548387096774194, 0.0967741935483871, 0.45, 0.8611111111111112, 0.9968944099378882]
[0.18312175422028115, 0.3824651736917066, 0.2045175074011322, 0.08518843893609367, 0.03327367163860457]
Recall: -1.0
[111, 62, 101, 173, 513]
[0.6875, 0.08823529411764706, 0.4909090909090909, 0.8611111111111112, 0.9968944099378882]
[0.18312175422028115, 0.3824651736917066, 0.2045175074011322, 0.08518843893609367, 0.03327367163860457]
Accuracy: -1.0
[111, 62, 101, 173, 513]
[0.5495495495495496, 0.04838709677419355, 0.39603960396039606, 0.884393063583815, 0.9961013645224172]
[0.18312175422028115, 0.3824651736917066, 0.2045175074011322, 0.08518843893609367, 0.03327367163860457]
FScore: -0.9
[111, 62, 101, 173, 513]
[0.4680851063829787, 0.09230769230769231, 0.46956521739130436, 0.8611111111111112, 0.9968944099378882]
[0.18312175422028115, 0.3824651736917066, 0.2045175074011322, 0.08518843893609367, 0.03327367163860457]
Matthews: -1.0
[111, 62, 101, 173, 513]
[0.16526582594935685, -0.9074852129730301, -0.22968191888337508, 0.7621012101210121, 0.9916588078436473]
[0.18312175422028115, 0.3824651736917066, 0.2045175074011322, 0.08518843893609367, 0.03327367163860457]

Analysis for phoneme (5400)
Precision: 0.9
[455, 663, 2888, 727, 667]
[0.21245421245421245, 0.5303643724696356, 0.0, 0.988599348534202, 0.997289972899729]
[0.14441248048548475, 0.074625627235866, 0.009306857079298198, 0.16323648328790596, 0.2908090609843551]
Recall: 0.0
[455, 663, 2888, 727, 667]
[0.8656716417910447, 0.9562043795620438, 0.0, 0.848951048951049, 0.5525525525525525]
[0.14441248048548475, 0.074625627235866, 0.009306857079298198, 0.16323648328790596, 0.2908090609843551]
Accuracy: -0.5
[455, 663, 2888, 727, 667]
[0.5076923076923077, 0.8159879336349924, 0.9823407202216067, 0.8418156808803301, 0.5517241379310345]
[0.14441248048548475, 0.074625627235866, 0.009306857079298198, 0.16323648328790596, 0.2908090609843551]
FScore: 0.8
[455, 663, 2888, 727, 667]
[0.34117647058823525, 0.6822916666666666, 0.0, 0.9134687735139203, 0.711111111111111]
[0.14441248048548475, 0.074625627235866, 0.009306857079298198, 0.16323648328790596, 0.2908090609843551]
Matthews: -0.39999999999999997
[455, 663, 2888, 727, 667]
[0.2253518446001655, 0.6160873280807897, 0.0, 0.09340653760509252, -0.03482233060163647]
[0.14441248048548475, 0.074625627235866, 0.009306857079298198, 0.16323648328790596, 0.2908090609843551]

Analysis for pima (700)
Precision: -0.4743416490252569
[100, 110, 112, 295, 83]
[0.0, 0.9387755102040817, 0.0, 1.0, 1.0]
[0.10043678854354683, 0.047521955908119085, 0.19443971593086778, 0.017379661605262046, 0.10059238973590003]
Recall: -0.8207826816681233
[100, 110, 112, 295, 83]
[0.0, 0.6571428571428571, 0.0, 0.9457627118644067, 0.5443037974683544]
[0.10043678854354683, 0.047521955908119085, 0.19443971593086778, 0.017379661605262046, 0.10059238973590003]
Accuracy: -1.0
[100, 110, 112, 295, 83]
[0.57, 0.7545454545454545, 0.32142857142857145, 0.9457627118644067, 0.5662650602409639]
[0.10043678854354683, 0.047521955908119085, 0.19443971593086778, 0.017379661605262046, 0.10059238973590003]
FScore: -0.8207826816681233
[100, 110, 112, 295, 83]
[0.0, 0.773109243697479, 0.0, 0.9721254355400697, 0.7049180327868853]
[0.10043678854354683, 0.047521955908119085, 0.19443971593086778, 0.017379661605262046, 0.10059238973590003]
Matthews: -0.5
[100, 110, 112, 295, 83]
[-0.16321563730934327, 0.5634373479629989, -0.18816667761480324, 0.0, 0.23330319274891084]
[0.10043678854354683, 0.047521955908119085, 0.19443971593086778, 0.017379661605262046, 0.10059238973590003]

Analysis for ring (7400)
Precision: -0.30000000000000004
[1444, 732, 584, 805, 3835]
[0.9985984583041345, 0.011857707509881422, 0.8642857142857143, 0.9739663093415007, 0.959070796460177]
[0.03556885224634188, 0.0929248295694522, 0.2422438345398006, 0.1162660604180781, 0.018866856473055138]
Recall: -0.8207826816681233
[1444, 732, 584, 805, 3835]
[0.9882108183079057, 1.0, 0.21453900709219859, 0.8071065989847716, 1.0]
[0.03556885224634188, 0.0929248295694522, 0.2422438345398006, 0.1162660604180781, 0.018866856473055138]
Accuracy: -0.9
[1444, 732, 584, 805, 3835]
[0.9868421052631579, 0.6584699453551912, 0.2089041095890411, 0.7900621118012422, 0.9903520208604955]
[0.03556885224634188, 0.0929248295694522, 0.2422438345398006, 0.1162660604180781, 0.018866856473055138]
FScore: -0.6
[1444, 732, 584, 805, 3835]
[0.9933774834437086, 0.0234375, 0.34375, 0.8827203331020124, 0.9791078486730661]
[0.03556885224634188, 0.0929248295694522, 0.2422438345398006, 0.1162660604180781, 0.018866856473055138]
Matthews: -0.9
[1444, 732, 584, 805, 3835]
[-0.004064852974168168, 0.08826821807807887, -0.31329877057767297, -0.07086414560337476, 0.9731981942084074]
[0.03556885224634188, 0.0929248295694522, 0.2422438345398006, 0.1162660604180781, 0.018866856473055138]

Analysis for spambase (4550)
Precision: -1.0
[272, 349, 2796, 268, 865]
[0.11564625850340136, 0.5178571428571429, 0.9990342829550941, 0.5176470588235295, 0.9336870026525199]
[0.26867856966149256, 0.12011870023659746, 0.011012588176474304, 0.14766901142878647, 0.05070977606901482]
Recall: -1.0
[272, 349, 2796, 268, 865]
[0.20238095238095238, 0.725, 0.9909003831417624, 0.4230769230769231, 0.8712871287128713]
[0.26867856966149256, 0.12011870023659746, 0.011012588176474304, 0.14766901142878647, 0.05070977606901482]
Accuracy: -1.0
[272, 349, 2796, 268, 865]
[0.2757352941176471, 0.7822349570200573, 0.9924892703862661, 0.6231343283582089, 0.9109826589595376]
[0.26867856966149256, 0.12011870023659746, 0.011012588176474304, 0.14766901142878647, 0.05070977606901482]
FScore: -1.0
[272, 349, 2796, 268, 865]
[0.14718614718614717, 0.6041666666666666, 0.9949507093051214, 0.4656084656084657, 0.9014084507042254]
[0.26867856966149256, 0.12011870023659746, 0.011012588176474304, 0.14766901142878647, 0.05070977606901482]
Matthews: -1.0
[272, 349, 2796, 268, 865]
[-0.45342976286918557, 0.47204323451013414, 0.9804218122605736, 0.18123528360842778, 0.8220779834024505]
[0.26867856966149256, 0.12011870023659746, 0.011012588176474304, 0.14766901142878647, 0.05070977606901482]

Analysis for twonorm (7400)
Precision: -0.8944271909999159
[145, 2165, 396, 3688, 1006]
[0.06666666666666667, 1.0, 0.9151785714285714, 1.0, 1.0]
[0.19870656509372195, 0.01261329546731619, 0.09532926050420137, 0.0023962563599161735, 0.03850760096835243]
Recall: -0.8944271909999159
[145, 2165, 396, 3688, 1006]
[0.07462686567164178, 1.0, 0.9534883720930233, 1.0, 1.0]
[0.19870656509372195, 0.01261329546731619, 0.09532926050420137, 0.0023962563599161735, 0.03850760096835243]
Accuracy: -0.8944271909999159
[145, 2165, 396, 3688, 1006]
[0.0896551724137931, 1.0, 0.9267676767676768, 1.0, 1.0]
[0.19870656509372195, 0.01261329546731619, 0.09532926050420137, 0.0023962563599161735, 0.03850760096835243]
FScore: -0.8944271909999159
[145, 2165, 396, 3688, 1006]
[0.07042253521126761, 1.0, 0.9339407744874715, 1.0, 1.0]
[0.19870656509372195, 0.01261329546731619, 0.09532926050420137, 0.0023962563599161735, 0.03850760096835243]
Matthews: -0.8944271909999159
[145, 2165, 396, 3688, 1006]
[-0.8209261711002948, 1.0, 0.8527668685224703, 1.0, 1.0]
[0.19870656509372195, 0.01261329546731619, 0.09532926050420137, 0.0023962563599161735, 0.03850760096835243]

Analysis for wdbc (560)
Precision: 0.7071067811865476
[55, 57, 57, 37, 354]
[1.0, 1.0, 1.0, 1.0, 0.0]
[0.040946698604188016, 0.02167348759783414, 0.011949330157379404, 0.004549220596893368, 0.0010252267910862804]
Recall: 0.09999999999999983
[55, 57, 57, 37, 354]
[0.8181818181818182, 0.8947368421052632, 0.9824561403508771, 0.972972972972973, 0.0]
[0.040946698604188016, 0.02167348759783414, 0.011949330157379404, 0.004549220596893368, 0.0010252267910862804]
Accuracy: -0.6000000000000001
[55, 57, 57, 37, 354]
[0.8181818181818182, 0.8947368421052632, 0.9824561403508771, 0.972972972972973, 0.9519774011299436]
[0.040946698604188016, 0.02167348759783414, 0.011949330157379404, 0.004549220596893368, 0.0010252267910862804]
FScore: 0.09999999999999983
[55, 57, 57, 37, 354]
[0.9, 0.9444444444444444, 0.9911504424778761, 0.9863013698630138, 0.0]
[0.040946698604188016, 0.02167348759783414, 0.011949330157379404, 0.004549220596893368, 0.0010252267910862804]
Matthews: NaN
[55, 57, 57, 37, 354]
[0.0, 0.0, 0.0, 0.0, 0.0]
[0.040946698604188016, 0.02167348759783414, 0.011949330157379404, 0.004549220596893368, 0.0010252267910862804]
