MultiResolutionExperiment(5, 10, MultiResolutionTransform(40, 0.10))

Analysis for appendicitis (100)
Precision: -0.33541019662496846
[1, 0, 13, 9, 77]
[0.0, 0.0, 0.5, 0.0, 1.0]
[0.36492719780219784, 0.0, 0.04009128251228982, 0.12368870534172749, 0.002527274642078556]
Recall: -0.33541019662496846
[1, 0, 13, 9, 77]
[0.0, 0.0, 0.25, 0.0, 0.9868421052631579]
[0.36492719780219784, 0.0, 0.04009128251228982, 0.12368870534172749, 0.002527274642078556]
Accuracy: -0.2051956704170307
[1, 0, 13, 9, 77]
[0.0, 0.0, 0.6923076923076923, 0.1111111111111111, 0.987012987012987]
[0.36492719780219784, 0.0, 0.04009128251228982, 0.12368870534172749, 0.002527274642078556]
FScore: -0.33541019662496846
[1, 0, 13, 9, 77]
[0.0, 0.0, 0.3333333333333333, 0.0, 0.9933774834437086]
[0.36492719780219784, 0.0, 0.04009128251228982, 0.12368870534172749, 0.002527274642078556]
Matthews: -0.33541019662496846
[1, 0, 13, 9, 77]
[0.0, 0.0, 0.17766726362967536, 0.0, 0.7024393586862705]
[0.36492719780219784, 0.0, 0.04009128251228982, 0.12368870534172749, 0.002527274642078556]

Analysis for banana (5300)
Precision: -0.9
[1265, 784, 409, 2505, 337]
[0.9874476987447699, 0.9908045977011494, 0.4336283185840708, 1.0, 0.0]
[0.04309531212914541, 0.12274459318793429, 0.22114417487922033, 0.008854941860659497, 0.3440179239337918]
Recall: -1.0
[1265, 784, 409, 2505, 337]
[0.9936842105263158, 0.832046332046332, 0.30246913580246915, 1.0, 0.0]
[0.04309531212914541, 0.12274459318793429, 0.22114417487922033, 0.008854941860659497, 0.3440179239337918]
Accuracy: -1.0
[1265, 784, 409, 2505, 337]
[0.9928853754940712, 0.8839285714285714, 0.5672371638141809, 1.0, 0.12166172106824925]
[0.04309531212914541, 0.12274459318793429, 0.22114417487922033, 0.008854941860659497, 0.3440179239337918]
FScore: -1.0
[1265, 784, 409, 2505, 337]
[0.9905561385099686, 0.9045120671563484, 0.3563636363636363, 1.0, 0.0]
[0.04309531212914541, 0.12274459318793429, 0.22114417487922033, 0.008854941860659497, 0.3440179239337918]
Matthews: -1.0
[1265, 784, 409, 2505, 337]
[0.984861750199966, 0.7783502292221938, 0.04742511776086197, 1.0, -0.6354908677953609]
[0.04309531212914541, 0.12274459318793429, 0.22114417487922033, 0.008854941860659497, 0.3440179239337918]

Analysis for breast-cancer-original (650)
Precision: -0.7071067811865476
[424, 138, 16, 33, 39]
[1.0, 1.0, 0.0, 1.0, 1.0]
[3.6228223976746994E-4, 0.012992788395736355, 0.1434542573065033, 0.033674500845882104, 0.07876502306642934]
Recall: -0.7000000000000001
[424, 138, 16, 33, 39]
[0.9975490196078431, 0.5, 0.0, 1.0, 0.2857142857142857]
[3.6228223976746994E-4, 0.012992788395736355, 0.1434542573065033, 0.033674500845882104, 0.07876502306642934]
Accuracy: -0.7000000000000001
[424, 138, 16, 33, 39]
[0.9976415094339622, 0.9855072463768116, 0.5, 1.0, 0.8717948717948718]
[3.6228223976746994E-4, 0.012992788395736355, 0.1434542573065033, 0.033674500845882104, 0.07876502306642934]
FScore: -0.7000000000000001
[424, 138, 16, 33, 39]
[0.9987730061349693, 0.6666666666666666, 0.0, 1.0, 0.4444444444444445]
[3.6228223976746994E-4, 0.012992788395736355, 0.1434542573065033, 0.033674500845882104, 0.07876502306642934]
Matthews: -0.7000000000000001
[424, 138, 16, 33, 39]
[0.9689528706357519, 0.7018882096342189, 0.0, 1.0, 0.49709581280096005]
[3.6228223976746994E-4, 0.012992788395736355, 0.1434542573065033, 0.033674500845882104, 0.07876502306642934]

Analysis for mammographic-masses (960)
Precision: -1.0
[106, 60, 208, 87, 499]
[0.28125, 0.0967741935483871, 0.8620689655172413, 0.4222222222222222, 1.0]
[0.21695822814535137, 0.3739291879106853, 0.08535650358893153, 0.15463830783932844, 0.02817149685716631]
Recall: -1.0
[106, 60, 208, 87, 499]
[0.4864864864864865, 0.09375, 0.8522727272727273, 0.5135135135135135, 0.9968847352024922]
[0.21695822814535137, 0.3739291879106853, 0.08535650358893153, 0.15463830783932844, 0.02817149685716631]
Accuracy: -1.0
[106, 60, 208, 87, 499]
[0.3867924528301887, 0.05, 0.8798076923076923, 0.4942528735632184, 0.9979959919839679]
[0.21695822814535137, 0.3739291879106853, 0.08535650358893153, 0.15463830783932844, 0.02817149685716631]
FScore: -1.0
[106, 60, 208, 87, 499]
[0.3564356435643565, 0.09523809523809523, 0.8571428571428572, 0.4634146341463415, 0.9984399375975038]
[0.21695822814535137, 0.3739291879106853, 0.08535650358893153, 0.15463830783932844, 0.02817149685716631]
Matthews: -1.0
[106, 60, 208, 87, 499]
[-0.17559728310656128, -0.904736639634305, 0.7534509155080021, -0.0064174793481585266, 0.9956483047430321]
[0.21695822814535137, 0.3739291879106853, 0.08535650358893153, 0.15463830783932844, 0.02817149685716631]

Analysis for phoneme (5400)
Precision: 0.9
[416, 748, 2852, 709, 675]
[0.23371647509578544, 0.5503597122302158, 0.0, 0.9748322147651006, 0.9972972972972973]
[0.13628615947082515, 0.0641792633653852, 0.007212072939437411, 0.14182107648279776, 0.26974517023431677]
Recall: 0.0
[416, 748, 2852, 709, 675]
[0.9104477611940298, 0.9503105590062112, 0.0, 0.8506588579795022, 0.5474777448071216]
[0.13628615947082515, 0.0641792633653852, 0.007212072939437411, 0.14182107648279776, 0.26974517023431677]
Accuracy: -0.5
[416, 748, 2852, 709, 675]
[0.5048076923076923, 0.8221925133689839, 0.9828190743338009, 0.8349788434414669, 0.5466666666666666]
[0.13628615947082515, 0.0641792633653852, 0.007212072939437411, 0.14182107648279776, 0.26974517023431677]
FScore: 0.8
[416, 748, 2852, 709, 675]
[0.3719512195121951, 0.6970387243735764, 0.0, 0.90852228303362, 0.7068965517241379]
[0.13628615947082515, 0.0641792633653852, 0.007212072939437411, 0.14182107648279776, 0.26974517023431677]
Matthews: -0.39999999999999997
[416, 748, 2852, 709, 675]
[0.2564990367285595, 0.6271078266147578, 0.0, 0.1405614548687167, -0.03497189045709303]
[0.13628615947082515, 0.0641792633653852, 0.007212072939437411, 0.14182107648279776, 0.26974517023431677]

Analysis for pima (700)
Precision: -0.872081599272381
[100, 102, 67, 326, 105]
[0.0, 0.4, 0.0, 1.0, 0.9824561403508771]
[0.11523662274784402, 0.04875553505530924, 0.19796884692242814, 0.015800522760262944, 0.08374350002805268]
Recall: -0.872081599272381
[100, 102, 67, 326, 105]
[0.0, 0.37037037037037035, 0.0, 0.934984520123839, 0.5894736842105263]
[0.11523662274784402, 0.04875553505530924, 0.19796884692242814, 0.015800522760262944, 0.08374350002805268]
Accuracy: -1.0
[100, 102, 67, 326, 105]
[0.41, 0.6862745098039216, 0.31343283582089554, 0.9355828220858896, 0.6190476190476191]
[0.11523662274784402, 0.04875553505530924, 0.19796884692242814, 0.015800522760262944, 0.08374350002805268]
FScore: -0.872081599272381
[100, 102, 67, 326, 105]
[0.0, 0.3846153846153846, 0.0, 0.9663999999999999, 0.7368421052631577]
[0.11523662274784402, 0.04875553505530924, 0.19796884692242814, 0.015800522760262944, 0.08374350002805268]
Matthews: -0.9
[100, 102, 67, 326, 105]
[-0.1984003506965489, 0.17473955057144486, -0.24261672707004478, 0.34186702826607873, 0.2884251344313549]
[0.11523662274784402, 0.04875553505530924, 0.19796884692242814, 0.015800522760262944, 0.08374350002805268]

Analysis for ring (7400)
Precision: -0.6
[757, 770, 570, 1254, 4049]
[0.07258064516129033, 0.9461663947797716, 0.8382352941176471, 0.9967213114754099, 0.9689655172413794]
[0.08536066828435568, 0.1059646125882797, 0.22211429464799212, 0.03218535229640123, 0.01558683354176388]
Recall: -0.8207826816681233
[757, 770, 570, 1254, 4049]
[1.0, 0.7869742198100407, 0.20840950639853748, 0.9822294022617124, 1.0]
[0.08536066828435568, 0.1059646125882797, 0.22211429464799212, 0.03218535229640123, 0.01558683354176388]
Accuracy: -0.9
[757, 770, 570, 1254, 4049]
[0.6961690885072656, 0.7532467532467533, 0.20175438596491227, 0.9792663476874003, 0.9911089157816745]
[0.08536066828435568, 0.1059646125882797, 0.22211429464799212, 0.03218535229640123, 0.01558683354176388]
FScore: -0.6
[757, 770, 570, 1254, 4049]
[0.13533834586466167, 0.8592592592592593, 0.3338213762811127, 0.9894222945484134, 0.9842381786339756]
[0.08536066828435568, 0.1059646125882797, 0.22211429464799212, 0.03218535229640123, 0.01558683354176388]
Matthews: -1.0
[757, 770, 570, 1254, 4049]
[0.2235872755919402, -0.10708849495850344, -0.34539020598441056, 0.5059971882748375, 0.9782841038258817]
[0.08536066828435568, 0.1059646125882797, 0.22211429464799212, 0.03218535229640123, 0.01558683354176388]

Analysis for spambase (4550)
Precision: -0.9000000000000001
[251, 298, 2902, 835, 264]
[0.12142857142857143, 0.44954128440366975, 0.9981132075471698, 0.9228486646884273, 0.5465116279069767]
[0.2514189827099449, 0.11697791094330526, 0.009246317995616798, 0.04714812454172403, 0.13625643024695594]
Recall: -1.0
[251, 298, 2902, 835, 264]
[0.2125, 0.6533333333333333, 0.9915651358950328, 0.8474114441416893, 0.4519230769230769]
[0.2514189827099449, 0.11697791094330526, 0.009246317995616798, 0.04714812454172403, 0.13625643024695594]
Accuracy: -1.0
[251, 298, 2902, 835, 264]
[0.2589641434262948, 0.7114093959731543, 0.9924190213645762, 0.9017964071856287, 0.6363636363636364]
[0.2514189827099449, 0.11697791094330526, 0.009246317995616798, 0.04714812454172403, 0.13625643024695594]
FScore: -1.0
[251, 298, 2902, 835, 264]
[0.15454545454545457, 0.532608695652174, 0.9948283968030089, 0.8835227272727273, 0.49473684210526314]
[0.2514189827099449, 0.11697791094330526, 0.009246317995616798, 0.04714812454172403, 0.13625643024695594]
Matthews: -1.0
[251, 298, 2902, 835, 264]
[-0.4755023244351704, 0.3462430666587517, 0.9807098892996983, 0.8010737255353451, 0.21704110687500228]
[0.2514189827099449, 0.11697791094330526, 0.009246317995616798, 0.04714812454172403, 0.13625643024695594]

Analysis for twonorm (7400)
Precision: -0.8944271909999159
[145, 1941, 389, 4000, 925]
[0.07894736842105263, 1.0, 0.9128440366972477, 1.0, 1.0]
[0.18498266894634421, 0.01007527069275808, 0.08523644021234543, 0.0015210600453314299, 0.032826737921422676]
Recall: -0.8944271909999159
[145, 1941, 389, 4000, 925]
[0.08955223880597014, 1.0, 0.9476190476190476, 1.0, 1.0]
[0.18498266894634421, 0.01007527069275808, 0.08523644021234543, 0.0015210600453314299, 0.032826737921422676]
Accuracy: -0.8944271909999159
[145, 1941, 389, 4000, 925]
[0.09655172413793103, 1.0, 0.922879177377892, 1.0, 1.0]
[0.18498266894634421, 0.01007527069275808, 0.08523644021234543, 0.0015210600453314299, 0.032826737921422676]
FScore: -0.8944271909999159
[145, 1941, 389, 4000, 925]
[0.0839160839160839, 1.0, 0.9299065420560747, 1.0, 1.0]
[0.18498266894634421, 0.01007527069275808, 0.08523644021234543, 0.0015210600453314299, 0.032826737921422676]
Matthews: -0.8944271909999159
[145, 1941, 389, 4000, 925]
[-0.8064959387529077, 1.0, 0.8449878363588228, 1.0, 1.0]
[0.18498266894634421, 0.01007527069275808, 0.08523644021234543, 0.0015210600453314299, 0.032826737921422676]

Analysis for wdbc (560)
Precision: 0.4472135954999579
[48, 25, 93, 62, 332]
[1.0, 0.0, 1.0, 1.0, 0.2]
[0.03337491913091505, 0.005486253876926548, 0.014312589216394101, 0.004671346077640441, 3.846183136156373E-4]
Recall: -0.7000000000000001
[48, 25, 93, 62, 332]
[0.7916666666666666, 0.0, 0.9247311827956989, 0.9838709677419355, 1.0]
[0.03337491913091505, 0.005486253876926548, 0.014312589216394101, 0.004671346077640441, 3.846183136156373E-4]
Accuracy: -0.8
[48, 25, 93, 62, 332]
[0.7916666666666666, 0.8, 0.9247311827956989, 0.9838709677419355, 0.963855421686747]
[0.03337491913091505, 0.005486253876926548, 0.014312589216394101, 0.004671346077640441, 3.846183136156373E-4]
FScore: 0.09999999999999983
[48, 25, 93, 62, 332]
[0.8837209302325582, 0.0, 0.9608938547486032, 0.991869918699187, 0.33333333333333337]
[0.03337491913091505, 0.005486253876926548, 0.014312589216394101, 0.004671346077640441, 3.846183136156373E-4]
Matthews: -0.7071067811865476
[48, 25, 93, 62, 332]
[0.0, 0.0, 0.0, 0.0, 0.4389819667973302]
[0.03337491913091505, 0.005486253876926548, 0.014312589216394101, 0.004671346077640441, 3.846183136156373E-4]
