MultiResolutionExperiment(3, 10, MultiResolutionTransform(40, 0.15))

Analysis for appendicitis (100)
Precision: -1.0
[8, 77, 15]
[0.0, 1.0, 0.3333333333333333]
[0.19796634988302983, 0.003323536884742268, 0.08214306284341862]
Recall: -1.0
[8, 77, 15]
[0.0, 0.9868421052631579, 0.25]
[0.19796634988302983, 0.003323536884742268, 0.08214306284341862]
Accuracy: -1.0
[8, 77, 15]
[0.0, 0.987012987012987, 0.6666666666666666]
[0.19796634988302983, 0.003323536884742268, 0.08214306284341862]
FScore: -1.0
[8, 77, 15]
[0.0, 0.9933774834437086, 0.28571428571428575]
[0.19796634988302983, 0.003323536884742268, 0.08214306284341862]
Matthews: -1.0
[8, 77, 15]
[0.0, 0.7024393586862705, 0.07537783614444091]
[0.19796634988302983, 0.003323536884742268, 0.08214306284341862]

Analysis for banana (5300)
Precision: -1.0
[641, 2866, 1793]
[0.05571847507331378, 1.0, 0.9834938101788171]
[0.30017165635292103, 0.01845736026351188, 0.09960500365303367]
Recall: -1.0
[641, 2866, 1793]
[0.13768115942028986, 0.9984646878198568, 0.859375]
[0.30017165635292103, 0.01845736026351188, 0.09960500365303367]
Accuracy: -1.0
[641, 2866, 1793]
[0.31201248049922, 0.9989532449406838, 0.928053541550474]
[0.30017165635292103, 0.01845736026351188, 0.09960500365303367]
FScore: -1.0
[641, 2866, 1793]
[0.07933194154488518, 0.9992317541613316, 0.917254650416934]
[0.30017165635292103, 0.01845736026351188, 0.09960500365303367]
Matthews: -1.0
[641, 2866, 1793]
[-0.41390690577889805, 0.9975926188107515, 0.8602081087317609]
[0.30017165635292103, 0.01845736026351188, 0.09960500365303367]

Analysis for breast-cancer-original (650)
Precision: NaN
[428, 45, 177]
[1.0, 1.0, 1.0]
[0.0011320440970789705, 0.11178571824648345, 0.0233772181115299]
Recall: -1.0
[428, 45, 177]
[0.9927360774818402, 0.09090909090909091, 0.4]
[0.0011320440970789705, 0.11178571824648345, 0.0233772181115299]
Accuracy: -1.0
[428, 45, 177]
[0.9929906542056075, 0.7777777777777778, 0.9830508474576272]
[0.0011320440970789705, 0.11178571824648345, 0.0233772181115299]
FScore: -1.0
[428, 45, 177]
[0.9963547995139732, 0.16666666666666669, 0.5714285714285715]
[0.0011320440970789705, 0.11178571824648345, 0.0233772181115299]
Matthews: -1.0
[428, 45, 177]
[0.9095493744531961, 0.26504326794751365, 0.6270110502557807]
[0.0011320440970789705, 0.11178571824648345, 0.0233772181115299]

Analysis for mammographic-masses (960)
Precision: -1.0
[147, 532, 281]
[0.22727272727272727, 0.9969879518072289, 0.6614173228346457]
[0.2936537737363832, 0.03308890684694554, 0.12164115751936848]
Recall: -1.0
[147, 532, 281]
[0.273972602739726, 0.993993993993994, 0.7706422018348624]
[0.2936537737363832, 0.03308890684694554, 0.12164115751936848]
Accuracy: -1.0
[147, 532, 281]
[0.17687074829931973, 0.9943609022556391, 0.7580071174377224]
[0.2936537737363832, 0.03308890684694554, 0.12164115751936848]
FScore: -1.0
[147, 532, 281]
[0.24844720496894407, 0.9954887218045113, 0.711864406779661]
[0.2936537737363832, 0.03308890684694554, 0.12164115751936848]
Matthews: -1.0
[147, 532, 281]
[-0.6578600512185503, 0.9879779136142298, 0.5097469306745701]
[0.2936537737363832, 0.03308890684694554, 0.12164115751936848]

Analysis for phoneme (5400)
Precision: 1.0
[1224, 3119, 1057]
[0.6226415094339622, 0.0, 0.9955357142857143]
[0.11378221924824117, 0.01306422361209836, 0.2509031890386803]
Recall: 0.5
[1224, 3119, 1057]
[0.9235074626865671, 0.0, 0.6377502383222117]
[0.11378221924824117, 0.01306422361209836, 0.2509031890386803]
Accuracy: -1.0
[1224, 3119, 1057]
[0.7214052287581699, 0.9721064443731965, 0.6376537369914853]
[0.11378221924824117, 0.01306422361209836, 0.2509031890386803]
FScore: 1.0
[1224, 3119, 1057]
[0.7438016528925618, 0.0, 0.7774549680418362]
[0.11378221924824117, 0.01306422361209836, 0.2509031890386803]
Matthews: 0.5
[1224, 3119, 1057]
[0.506878925599077, 0.0, 0.047321756329032245]
[0.11378221924824117, 0.01306422361209836, 0.2509031890386803]

Analysis for pima (700)
Precision: -1.0
[191, 158, 351]
[0.7049180327868853, 0.010101010101010102, 1.0]
[0.0762683587725501, 0.16995296878291372, 0.022132764441911684]
Recall: -1.0
[191, 158, 351]
[0.44329896907216493, 0.25, 0.9283667621776505]
[0.0762683587725501, 0.16995296878291372, 0.022132764441911684]
Accuracy: -1.0
[191, 158, 351]
[0.6230366492146597, 0.36075949367088606, 0.9287749287749287]
[0.0762683587725501, 0.16995296878291372, 0.022132764441911684]
FScore: -1.0
[191, 158, 351]
[0.5443037974683544, 0.01941747572815534, 0.962852897473997]
[0.0762683587725501, 0.16995296878291372, 0.022132764441911684]
Matthews: -0.5
[191, 158, 351]
[0.2700135110630035, -0.12547089556979893, 0.26223635962515873]
[0.0762683587725501, 0.16995296878291372, 0.022132764441911684]

Analysis for ring (7400)
Precision: -1.0
[859, 4831, 1710]
[0.879154078549849, 0.9278752436647173, 0.8845388188453882]
[0.20886548689241596, 0.023476132803290962, 0.0720238721830258]
Recall: -1.0
[859, 4831, 1710]
[0.35574572127139364, 0.9986013986013986, 0.9413841807909604]
[0.20886548689241596, 0.023476132803290962, 0.0720238721830258]
Accuracy: -1.0
[859, 4831, 1710]
[0.33993015133876603, 0.9766093976402401, 0.8497076023391813]
[0.20886548689241596, 0.023476132803290962, 0.0720238721830258]
FScore: -1.0
[859, 4831, 1710]
[0.5065274151436031, 0.9619400471539238, 0.912076633595621]
[0.20886548689241596, 0.023476132803290962, 0.0720238721830258]
Matthews: -1.0
[859, 4831, 1710]
[-0.27154015457742753, 0.9464180735433045, 0.4077620276333591]
[0.20886548689241596, 0.023476132803290962, 0.0720238721830258]

Analysis for spambase (4550)
Precision: -1.0
[464, 819, 3267]
[0.19090909090909092, 0.7611940298507462, 0.9956597222222222]
[0.22295206333591597, 0.08777260271726794, 0.014902582634400972]
Recall: -1.0
[464, 819, 3267]
[0.2937062937062937, 0.710801393728223, 0.984549356223176]
[0.22295206333591597, 0.08777260271726794, 0.014902582634400972]
Accuracy: -1.0
[464, 819, 3267]
[0.39870689655172414, 0.8205128205128205, 0.9859198041016223]
[0.22295206333591597, 0.08777260271726794, 0.014902582634400972]
FScore: -1.0
[464, 819, 3267]
[0.23140495867768596, 0.7351351351351352, 0.9900733707380234]
[0.22295206333591597, 0.08777260271726794, 0.014902582634400972]
Matthews: -1.0
[464, 819, 3267]
[-0.2411792385384295, 0.6004459807251956, 0.9660452806193468]
[0.22295206333591597, 0.08777260271726794, 0.014902582634400972]

Analysis for twonorm (7400)
Precision: -0.8660254037844386
[1593, 5463, 344]
[1.0, 1.0, 0.4971751412429379]
[0.037643016743464396, 0.004920998420047972, 0.146372765842692]
Recall: -0.8660254037844386
[1593, 5463, 344]
[1.0, 1.0, 0.55]
[0.037643016743464396, 0.004920998420047972, 0.146372765842692]
Accuracy: -0.8660254037844386
[1593, 5463, 344]
[1.0, 1.0, 0.5319767441860465]
[0.037643016743464396, 0.004920998420047972, 0.146372765842692]
FScore: -0.8660254037844386
[1593, 5463, 344]
[1.0, 1.0, 0.5222551928783383]
[0.037643016743464396, 0.004920998420047972, 0.146372765842692]
Matthews: -0.8660254037844386
[1593, 5463, 344]
[1.0, 1.0, 0.06617074766001392]
[0.037643016743464396, 0.004920998420047972, 0.146372765842692]

Analysis for wdbc (560)
Precision: 1.0
[80, 115, 365]
[1.0, 0.9910714285714286, 0.42857142857142855]
[0.03367262901354381, 0.011344138192545353, 9.554432064131798E-4]
Recall: -1.0
[80, 115, 365]
[0.8125, 0.9736842105263158, 1.0]
[0.03367262901354381, 0.011344138192545353, 9.554432064131798E-4]
Accuracy: -0.5
[80, 115, 365]
[0.8125, 0.9652173913043478, 0.9561643835616438]
[0.03367262901354381, 0.011344138192545353, 9.554432064131798E-4]
FScore: 0.5
[80, 115, 365]
[0.896551724137931, 0.9823008849557523, 0.6]
[0.03367262901354381, 0.011344138192545353, 9.554432064131798E-4]
Matthews: -0.5
[80, 115, 365]
[0.0, -0.015328483487124145, 0.6396452881859622]
[0.03367262901354381, 0.011344138192545353, 9.554432064131798E-4]
