MultiResolutionExperiment(3, 10, MultiResolutionTransform(30, 0.25))

Analysis for appendicitis (100)
Precision: -0.8660254037844386
[19, 76, 5]
[0.0, 1.0, 1.0]
[0.1657208548948298, 0.0043560931082645945, 0.08972370139263006]
Recall: -1.0
[19, 76, 5]
[0.0, 0.9868421052631579, 0.25]
[0.1657208548948298, 0.0043560931082645945, 0.08972370139263006]
Accuracy: -0.5
[19, 76, 5]
[0.47368421052631576, 0.9868421052631579, 0.4]
[0.1657208548948298, 0.0043560931082645945, 0.08972370139263006]
FScore: -1.0
[19, 76, 5]
[0.0, 0.9933774834437086, 0.4]
[0.1657208548948298, 0.0043560931082645945, 0.08972370139263006]
Matthews: 0.0
[19, 76, 5]
[0.0, 0.0, 0.25]
[0.1657208548948298, 0.0043560931082645945, 0.08972370139263006]

Analysis for banana (5300)
Precision: -1.0
[1795, 2873, 632]
[0.9824304538799414, 1.0, 0.03592814371257485]
[0.12005734872055138, 0.03493712877613993, 0.31504586933585477]
Recall: -1.0
[1795, 2873, 632]
[0.8472222222222222, 0.994535519125683, 0.10084033613445378]
[0.12005734872055138, 0.03493712877613993, 0.31504586933585477]
Accuracy: -1.0
[1795, 2873, 632]
[0.9259052924791087, 0.9961712495649148, 0.3212025316455696]
[0.12005734872055138, 0.03493712877613993, 0.31504586933585477]
FScore: -1.0
[1795, 2873, 632]
[0.9098305084745762, 0.9972602739726028, 0.05298013245033112]
[0.12005734872055138, 0.03493712877613993, 0.31504586933585477]
Matthews: -1.0
[1795, 2873, 632]
[0.8542225175122362, 0.9909467034388669, -0.41260028051724396]
[0.12005734872055138, 0.03493712877613993, 0.31504586933585477]

Analysis for breast-cancer-original (650)
Precision: NaN
[415, 58, 177]
[1.0, 1.0, 1.0]
[0.0010218527484109196, 0.11176132489240957, 0.02615181809337101]
Recall: -1.0
[415, 58, 177]
[0.9903381642512077, 0.09090909090909091, 0.5]
[0.0010218527484109196, 0.11176132489240957, 0.02615181809337101]
Accuracy: -1.0
[415, 58, 177]
[0.9903614457831326, 0.8275862068965517, 0.9887005649717514]
[0.0010218527484109196, 0.11176132489240957, 0.02615181809337101]
FScore: -1.0
[415, 58, 177]
[0.9951456310679612, 0.16666666666666669, 0.6666666666666666]
[0.0010218527484109196, 0.11176132489240957, 0.02615181809337101]
Matthews: -0.5
[415, 58, 177]
[0.44504789950098805, 0.27378847234992665, 0.7030545599636733]
[0.0010218527484109196, 0.11176132489240957, 0.02615181809337101]

Analysis for mammographic-masses (960)
Precision: -1.0
[140, 526, 294]
[0.22784810126582278, 0.996969696969697, 0.6376811594202898]
[0.3063831520467458, 0.038722685897290124, 0.1364083433646711]
Recall: -1.0
[140, 526, 294]
[0.2465753424657534, 0.9939577039274925, 0.7927927927927928]
[0.3063831520467458, 0.038722685897290124, 0.1364083433646711]
Accuracy: -1.0
[140, 526, 294]
[0.17142857142857143, 0.9942965779467681, 0.7517006802721088]
[0.3063831520467458, 0.038722685897290124, 0.1364083433646711]
FScore: -1.0
[140, 526, 294]
[0.23684210526315788, 0.9954614220877459, 0.7068273092369477]
[0.3063831520467458, 0.038722685897290124, 0.1364083433646711]
Matthews: -1.0
[140, 526, 294]
[-0.668813443499755, 0.9877970180386755, 0.5046940830940366]
[0.3063831520467458, 0.038722685897290124, 0.1364083433646711]

Analysis for phoneme (5400)
Precision: 1.0
[1090, 3170, 1140]
[0.5928057553956835, 0.0, 0.99867197875166]
[0.12851575192388168, 0.01639088397407767, 0.2676013948546867]
Recall: 0.5
[1090, 3170, 1140]
[0.9237668161434978, 0.0, 0.6602282704126426]
[0.12851575192388168, 0.01639088397407767, 0.2676013948546867]
Accuracy: -1.0
[1090, 3170, 1140]
[0.7091743119266055, 0.9665615141955836, 0.6596491228070176]
[0.12851575192388168, 0.01639088397407767, 0.2676013948546867]
FScore: 1.0
[1090, 3170, 1140]
[0.7221735319894829, 0.0, 0.7949260042283298]
[0.12851575192388168, 0.01639088397407767, 0.2676013948546867]
Matthews: -0.5
[1090, 3170, 1140]
[0.49540118087911905, 0.0, -0.021242035601072563]
[0.12851575192388168, 0.01639088397407767, 0.2676013948546867]

Analysis for pima (700)
Precision: -1.0
[183, 158, 359]
[0.7272727272727273, 0.0, 1.0]
[0.09351261863657623, 0.1960022016725808, 0.027607031118605647]
Recall: -1.0
[183, 158, 359]
[0.4444444444444444, 0.0, 0.9162011173184358]
[0.09351261863657623, 0.1960022016725808, 0.027607031118605647]
Accuracy: -1.0
[183, 158, 359]
[0.644808743169399, 0.34810126582278483, 0.9164345403899722]
[0.09351261863657623, 0.1960022016725808, 0.027607031118605647]
FScore: -1.0
[183, 158, 359]
[0.5517241379310345, 0.0, 0.956268221574344]
[0.09351261863657623, 0.1960022016725808, 0.027607031118605647]
Matthews: -0.5
[183, 158, 359]
[0.3087445409936067, -0.15072176031628115, 0.17191531273335603]
[0.09351261863657623, 0.1960022016725808, 0.027607031118605647]

Analysis for ring (7400)
Precision: 0.5
[958, 4549, 1893]
[0.8916256157635468, 0.8538657604078165, 0.9392419175027871]
[0.22462182683097165, 0.03050199295300849, 0.06930517364315038]
Recall: -1.0
[958, 4549, 1893]
[0.3973655323819978, 1.0, 0.9639588100686499]
[0.22462182683097165, 0.03050199295300849, 0.06930517364315038]
Accuracy: -1.0
[958, 4549, 1893]
[0.38100208768267224, 0.9621894921960871, 0.9091389329107237]
[0.22462182683097165, 0.03050199295300849, 0.06930517364315038]
FScore: -0.5
[958, 4549, 1893]
[0.5497342444950646, 0.921173235563703, 0.9514398644833428]
[0.22462182683097165, 0.03050199295300849, 0.06930517364315038]
Matthews: -1.0
[958, 4549, 1893]
[-0.23550868169538047, 0.9013463944710419, 0.25353751733258756]
[0.22462182683097165, 0.03050199295300849, 0.06930517364315038]

Analysis for spambase (4550)
Precision: -1.0
[498, 911, 3141]
[0.19298245614035087, 0.7769784172661871, 0.9973753280839895]
[0.24363976058050535, 0.09466899364440451, 0.018525977890778537]
Recall: -1.0
[498, 911, 3141]
[0.3055555555555556, 0.72, 0.9844559585492227]
[0.24363976058050535, 0.09466899364440451, 0.018525977890778537]
Accuracy: -1.0
[498, 911, 3141]
[0.42971887550200805, 0.8397365532381997, 0.9866284622731614]
[0.24363976058050535, 0.09466899364440451, 0.018525977890778537]
FScore: -1.0
[498, 911, 3141]
[0.23655913978494625, 0.7474048442906575, 0.9908735332464146]
[0.24363976058050535, 0.09466899364440451, 0.018525977890778537]
Matthews: -1.0
[498, 911, 3141]
[-0.1949352842714282, 0.631270718739209, 0.9661645246986607]
[0.24363976058050535, 0.09466899364440451, 0.018525977890778537]

Analysis for twonorm (7400)
Precision: -0.8660254037844386
[2000, 4988, 412]
[1.0, 1.0, 0.5879629629629629]
[0.04000069786821629, 0.00741172432906496, 0.15105343265868665]
Recall: -0.8660254037844386
[2000, 4988, 412]
[1.0, 1.0, 0.6381909547738693]
[0.04000069786821629, 0.00741172432906496, 0.15105343265868665]
Accuracy: -0.8660254037844386
[2000, 4988, 412]
[1.0, 1.0, 0.6092233009708737]
[0.04000069786821629, 0.00741172432906496, 0.15105343265868665]
FScore: -0.8660254037844386
[2000, 4988, 412]
[1.0, 1.0, 0.6120481927710842]
[0.04000069786821629, 0.00741172432906496, 0.15105343265868665]
Matthews: -0.8660254037844386
[2000, 4988, 412]
[1.0, 1.0, 0.22048326174030014]
[0.04000069786821629, 0.00741172432906496, 0.15105343265868665]

Analysis for wdbc (560)
Precision: 0.8660254037844386
[90, 111, 359]
[1.0, 1.0, 0.22727272727272727]
[0.04396096203442337, 0.015442352783662091, 0.0014903923301098326]
Recall: -1.0
[90, 111, 359]
[0.8333333333333334, 0.972972972972973, 1.0]
[0.04396096203442337, 0.015442352783662091, 0.0014903923301098326]
Accuracy: -0.5
[90, 111, 359]
[0.8333333333333334, 0.972972972972973, 0.9526462395543176]
[0.04396096203442337, 0.015442352783662091, 0.0014903923301098326]
FScore: 0.5
[90, 111, 359]
[0.9090909090909091, 0.9863013698630138, 0.37037037037037035]
[0.04396096203442337, 0.015442352783662091, 0.0014903923301098326]
Matthews: -0.8660254037844386
[90, 111, 359]
[0.0, 0.0, 0.4651435265128446]
[0.04396096203442337, 0.015442352783662091, 0.0014903923301098326]
