MultiResolutionExperiment(4, 10, MultiResolutionTransform(10, 0.25))

Analysis for appendicitis (100)
Precision: -0.8944271909999159
[1, 76, 18, 5]
[0.0, 1.0, 0.0, 1.0]
[0.3928622542116519, 0.005405198413525839, 0.18773273755834788, 0.10551260104702323]
Recall: -0.9486832980505139
[1, 76, 18, 5]
[0.0, 0.9868421052631579, 0.0, 0.25]
[0.3928622542116519, 0.005405198413525839, 0.18773273755834788, 0.10551260104702323]
Accuracy: -0.8
[1, 76, 18, 5]
[0.0, 0.9868421052631579, 0.5, 0.4]
[0.3928622542116519, 0.005405198413525839, 0.18773273755834788, 0.10551260104702323]
FScore: -0.9486832980505139
[1, 76, 18, 5]
[0.0, 0.9933774834437086, 0.0, 0.4]
[0.3928622542116519, 0.005405198413525839, 0.18773273755834788, 0.10551260104702323]
Matthews: -0.25819888974716104
[1, 76, 18, 5]
[0.0, 0.0, 0.0, 0.25]
[0.3928622542116519, 0.005405198413525839, 0.18773273755834788, 0.10551260104702323]

Analysis for banana (5300)
Precision: -0.8
[2868, 1068, 794, 570]
[1.0, 0.9534883720930233, 0.9864864864864865, 0.024464831804281346]
[0.043014345343008506, 0.12210437400437037, 0.17384251493993588, 0.35562247923990276]
Recall: -0.8
[2868, 1068, 794, 570]
[0.999001996007984, 1.0, 0.750367107195301, 0.10666666666666667]
[0.043014345343008506, 0.12210437400437037, 0.17384251493993588, 0.35562247923990276]
Accuracy: -1.0
[2868, 1068, 794, 570]
[0.999302649930265, 0.9925093632958801, 0.7770780856423174, 0.32280701754385965]
[0.043014345343008506, 0.12210437400437037, 0.17384251493993588, 0.35562247923990276]
FScore: -1.0
[2868, 1068, 794, 570]
[0.999500748876685, 0.9761904761904763, 0.8523769808173478, 0.03980099502487563]
[0.043014345343008506, 0.12210437400437037, 0.17384251493993588, 0.35562247923990276]
Matthews: -1.0
[2868, 1068, 794, 570]
[0.9983460482442533, 0.9721370386409057, 0.5050646406393425, -0.36758609131816505]
[0.043014345343008506, 0.12210437400437037, 0.17384251493993588, 0.35562247923990276]

Analysis for breast-cancer-original (650)
Precision: -0.7745966692414834
[416, 15, 63, 156]
[1.0, 0.0, 1.0, 1.0]
[0.0013973344248021462, 0.2133467484688775, 0.09560942782880587, 0.03322426076457433]
Recall: -0.8
[416, 15, 63, 156]
[0.9855769230769231, 0.0, 0.3333333333333333, 1.0]
[0.0013973344248021462, 0.2133467484688775, 0.09560942782880587, 0.03322426076457433]
Accuracy: -0.8
[416, 15, 63, 156]
[0.9855769230769231, 0.6, 0.9365079365079365, 1.0]
[0.0013973344248021462, 0.2133467484688775, 0.09560942782880587, 0.03322426076457433]
FScore: -0.8
[416, 15, 63, 156]
[0.9927360774818402, 0.0, 0.5, 1.0]
[0.0013973344248021462, 0.2133467484688775, 0.09560942782880587, 0.03322426076457433]
Matthews: -0.1054092553389458
[416, 15, 63, 156]
[0.0, 0.0, 0.5580998206737443, 1.0]
[0.0013973344248021462, 0.2133467484688775, 0.09560942782880587, 0.03322426076457433]

Analysis for mammographic-masses (960)
Precision: -1.0
[137, 125, 195, 503]
[0.4125, 0.2463768115942029, 0.8441558441558441, 0.9968847352024922]
[0.20892249135955018, 0.35154068602996025, 0.11826261146931925, 0.04352934650803713]
Recall: -1.0
[137, 125, 195, 503]
[0.673469387755102, 0.25, 0.8552631578947368, 0.9937888198757764]
[0.20892249135955018, 0.35154068602996025, 0.11826261146931925, 0.04352934650803713]
Accuracy: -1.0
[137, 125, 195, 503]
[0.5401459854014599, 0.176, 0.882051282051282, 0.9940357852882704]
[0.20892249135955018, 0.35154068602996025, 0.11826261146931925, 0.04352934650803713]
FScore: -1.0
[137, 125, 195, 503]
[0.5116279069767442, 0.24817518248175185, 0.8496732026143792, 0.9953343701399688]
[0.20892249135955018, 0.35154068602996025, 0.11826261146931925, 0.04352934650803713]
Matthews: -1.0
[137, 125, 195, 503]
[0.13553537901335522, -0.663308290738164, 0.7526771437824072, 0.9870791308622893]
[0.20892249135955018, 0.35154068602996025, 0.11826261146931925, 0.04352934650803713]

Analysis for phoneme (5400)
Precision: 0.9486832980505138
[835, 728, 2974, 863]
[0.0, 0.9953416149068323, 0.0, 1.0]
[0.13530316093343808, 0.185044787512525, 0.014614561766447029, 0.33616739151853625]
Recall: 0.7378647873726218
[835, 728, 2974, 863]
[0.0, 0.8878116343490304, 0.0, 0.6060254924681344]
[0.13530316093343808, 0.185044787512525, 0.014614561766447029, 0.33616739151853625]
Accuracy: -0.8
[835, 728, 2974, 863]
[0.6095808383233533, 0.8846153846153846, 0.9794889038332213, 0.6060254924681344]
[0.13530316093343808, 0.185044787512525, 0.014614561766447029, 0.33616739151853625]
FScore: 0.7378647873726218
[835, 728, 2974, 863]
[0.0, 0.938506588579795, 0.0, 0.7546897546897546]
[0.13530316093343808, 0.185044787512525, 0.014614561766447029, 0.33616739151853625]
Matthews: 0.2581988897471614
[835, 728, 2974, 863]
[0.0, 0.10974442845109197, 0.0, 0.0]
[0.13530316093343808, 0.185044787512525, 0.014614561766447029, 0.33616739151853625]

Analysis for pima (700)
Precision: -0.9486832980505138
[112, 141, 126, 321]
[0.03571428571428571, 0.0, 1.0, 1.0]
[0.1159011818704887, 0.24279947208718491, 0.10809364179648569, 0.02691744555792275]
Recall: -1.0
[112, 141, 126, 321]
[0.25, 0.0, 0.544, 0.9373040752351097]
[0.1159011818704887, 0.24279947208718491, 0.10809364179648569, 0.02691744555792275]
Accuracy: -0.8
[112, 141, 126, 321]
[0.7321428571428571, 0.3546099290780142, 0.5476190476190477, 0.9376947040498442]
[0.1159011818704887, 0.24279947208718491, 0.10809364179648569, 0.02691744555792275]
FScore: -1.0
[112, 141, 126, 321]
[0.0625, 0.0, 0.7046632124352332, 0.9676375404530744]
[0.1159011818704887, 0.24279947208718491, 0.10809364179648569, 0.02691744555792275]
Matthews: -1.0
[112, 141, 126, 321]
[0.0, -0.15692817683260912, 0.09684683962230045, 0.2919065970220783]
[0.1159011818704887, 0.24279947208718491, 0.10809364179648569, 0.02691744555792275]

Analysis for ring (7400)
Precision: 0.0
[683, 967, 3880, 1870]
[0.0, 0.9657701711491442, 0.9524348810872028, 1.0]
[0.11781528274664581, 0.26175646028137545, 0.02820081813499196, 0.07592763471040734]
Recall: -0.8
[683, 967, 3880, 1870]
[0.0, 0.4144805876180483, 1.0, 0.9711229946524064]
[0.11781528274664581, 0.26175646028137545, 0.02820081813499196, 0.07592763471040734]
Accuracy: -1.0
[683, 967, 3880, 1870]
[0.6061493411420205, 0.40847983453981385, 0.9891752577319588, 0.9711229946524064]
[0.11781528274664581, 0.26175646028137545, 0.02820081813499196, 0.07592763471040734]
FScore: -0.6000000000000001
[683, 967, 3880, 1870]
[0.0, 0.5800293685756241, 0.9756380510440835, 0.98534997287032]
[0.11781528274664581, 0.26175646028137545, 0.02820081813499196, 0.07592763471040734]
Matthews: -0.9486832980505139
[683, 967, 3880, 1870]
[0.0, -0.14157058054090133, 0.969160415699308, 0.0]
[0.11781528274664581, 0.26175646028137545, 0.02820081813499196, 0.07592763471040734]

Analysis for spambase (4550)
Precision: -1.0
[313, 503, 905, 2829]
[0.1130952380952381, 0.5071428571428571, 0.9058823529411765, 0.9990671641791045]
[0.32243267320137287, 0.17487618054889353, 0.08068550977646725, 0.01904599425319817]
Recall: -1.0
[313, 503, 905, 2829]
[0.21839080459770116, 0.5259259259259259, 0.8301886792452831, 0.9884633133364098]
[0.32243267320137287, 0.17487618054889353, 0.08068550977646725, 0.01904599425319817]
Accuracy: -1.0
[313, 503, 905, 2829]
[0.30670926517571884, 0.73558648111332, 0.8950276243093923, 0.9904559915164369]
[0.32243267320137287, 0.17487618054889353, 0.08068550977646725, 0.01904599425319817]
FScore: -1.0
[313, 503, 905, 2829]
[0.14901960784313728, 0.5163636363636364, 0.8663853727144867, 0.9937369519832986]
[0.32243267320137287, 0.17487618054889353, 0.08068550977646725, 0.01904599425319817]
Matthews: -1.0
[313, 503, 905, 2829]
[-0.3961106462604375, 0.33460859242671714, 0.7822278384701425, 0.9739393548983122]
[0.32243267320137287, 0.17487618054889353, 0.08068550977646725, 0.01904599425319817]

Analysis for twonorm (7400)
Precision: -0.9486832980505138
[227, 3785, 856, 2532]
[0.2857142857142857, 1.0, 0.9911111111111112, 1.0]
[0.21782839804074497, 0.007440934356941512, 0.08717531341858022, 0.029403685854118546]
Recall: -0.9486832980505138
[227, 3785, 856, 2532]
[0.3333333333333333, 1.0, 0.9911111111111112, 1.0]
[0.21782839804074497, 0.007440934356941512, 0.08717531341858022, 0.029403685854118546]
Accuracy: -0.9486832980505138
[227, 3785, 856, 2532]
[0.32599118942731276, 1.0, 0.9906542056074766, 1.0]
[0.21782839804074497, 0.007440934356941512, 0.08717531341858022, 0.029403685854118546]
FScore: -0.9486832980505138
[227, 3785, 856, 2532]
[0.30769230769230765, 1.0, 0.9911111111111112, 1.0]
[0.21782839804074497, 0.007440934356941512, 0.08717531341858022, 0.029403685854118546]
Matthews: -0.9486832980505138
[227, 3785, 856, 2532]
[-0.3452882649188248, 1.0, 0.9812588943623426, 1.0]
[0.21782839804074497, 0.007440934356941512, 0.08717531341858022, 0.029403685854118546]

Analysis for wdbc (560)
Precision: 0.8944271909999159
[119, 87, 0, 354]
[1.0, 1.0, 0.0, 0.0]
[0.05791291177717912, 0.02142104716426226, 0.0, 0.0023044003335171226]
Recall: 0.7378647873726218
[119, 87, 0, 354]
[0.8571428571428571, 0.9885057471264368, 0.0, 0.0]
[0.05791291177717912, 0.02142104716426226, 0.0, 0.0023044003335171226]
Accuracy: 0.4
[119, 87, 0, 354]
[0.8571428571428571, 0.9885057471264368, 0.0, 0.9519774011299436]
[0.05791291177717912, 0.02142104716426226, 0.0, 0.0023044003335171226]
FScore: 0.7378647873726218
[119, 87, 0, 354]
[0.923076923076923, 0.9942196531791908, 0.0, 0.0]
[0.05791291177717912, 0.02142104716426226, 0.0, 0.0023044003335171226]
Matthews: NaN
[119, 87, 0, 354]
[0.0, 0.0, 0.0, 0.0]
[0.05791291177717912, 0.02142104716426226, 0.0, 0.0023044003335171226]
