MultiResolutionExperiment(5, 10, MultiResolutionTransform(40, 0.25)

Analysis for appendicitis (100)
Precision: -0.7071067811865476
[4, 1, 78, 9, 8]
[0.0, 0.0, 1.0, 0.0, 0.0]
[0.2845351773689633, 0.3583794635760019, 0.0065897110216743115, 0.10618623519191078, 0.05938193644323842]
Recall: -0.7071067811865476
[4, 1, 78, 9, 8]
[0.0, 0.0, 0.987012987012987, 0.0, 0.0]
[0.2845351773689633, 0.3583794635760019, 0.0065897110216743115, 0.10618623519191078, 0.05938193644323842]
Accuracy: -0.9746794344808963
[4, 1, 78, 9, 8]
[0.0, 0.0, 0.9871794871794872, 0.4444444444444444, 0.625]
[0.2845351773689633, 0.3583794635760019, 0.0065897110216743115, 0.10618623519191078, 0.05938193644323842]
FScore: -0.7071067811865476
[4, 1, 78, 9, 8]
[0.0, 0.0, 0.9934640522875817, 0.0, 0.0]
[0.2845351773689633, 0.3583794635760019, 0.0065897110216743115, 0.10618623519191078, 0.05938193644323842]
Matthews: -0.7071067811865476
[4, 1, 78, 9, 8]
[0.0, 0.0, 0.7025001733142089, 0.0, 0.0]
[0.2845351773689633, 0.3583794635760019, 0.0065897110216743115, 0.10618623519191078, 0.05938193644323842]

Analysis for banana (5300)
Precision: -0.8
[615, 1575, 525, 1950, 635]
[0.9853300733496333, 0.9978969505783386, 0.009375, 0.9969159599074788, 0.8809523809523809]
[0.16373527870770233, 0.06414895983086959, 0.3232439660973527, 0.022463414685221346, 0.13830187995802173]
Recall: -1.0
[615, 1575, 525, 1950, 635]
[0.7045454545454546, 0.9958027282266527, 0.046875, 0.9984555984555985, 0.925]
[0.16373527870770233, 0.06414895983086959, 0.3232439660973527, 0.022463414685221346, 0.13830187995802173]
Accuracy: -1.0
[615, 1575, 525, 1950, 635]
[0.7154471544715447, 0.9961904761904762, 0.28, 0.9969230769230769, 0.9874015748031496]
[0.16373527870770233, 0.06414895983086959, 0.3232439660973527, 0.022463414685221346, 0.13830187995802173]
FScore: -1.0
[615, 1575, 525, 1950, 635]
[0.8216106014271152, 0.9968487394957984, 0.015624999999999998, 0.9976851851851852, 0.9024390243902439]
[0.16373527870770233, 0.06414895983086959, 0.3232439660973527, 0.022463414685221346, 0.13830187995802173]
Matthews: -1.0
[615, 1575, 525, 1950, 635]
[0.30527662461582944, 0.9920368415251198, -0.42971875848252006, 0.9931006656142405, 0.8960138998405642]
[0.16373527870770233, 0.06414895983086959, 0.3232439660973527, 0.022463414685221346, 0.13830187995802173]

Analysis for breast-cancer-original (650)
Precision: -0.5773502691896258
[11, 558, 14, 42, 25]
[1.0, 1.0, 0.0, 1.0, 0.0]
[0.08154327058399212, 7.009266143724412E-4, 0.1675887072512082, 0.01663029282263687, 0.05463952020465606]
Recall: -0.8207826816681233
[11, 558, 14, 42, 25]
[0.3333333333333333, 0.9927007299270073, 0.0, 0.6666666666666666, 0.0]
[0.08154327058399212, 7.009266143724412E-4, 0.1675887072512082, 0.01663029282263687, 0.05463952020465606]
Accuracy: -0.9
[11, 558, 14, 42, 25]
[0.8181818181818182, 0.9946236559139785, 0.7142857142857143, 0.9523809523809523, 0.8]
[0.08154327058399212, 7.009266143724412E-4, 0.1675887072512082, 0.01663029282263687, 0.05463952020465606]
FScore: -0.8207826816681233
[11, 558, 14, 42, 25]
[0.5, 0.9963369963369962, 0.0, 0.8, 0.0]
[0.08154327058399212, 7.009266143724412E-4, 0.1675887072512082, 0.01663029282263687, 0.05463952020465606]
Matthews: -0.8207826816681233
[11, 558, 14, 42, 25]
[0.5163977794943222, 0.9863299221500214, 0.0, 0.7947194142390263, 0.0]
[0.08154327058399212, 7.009266143724412E-4, 0.1675887072512082, 0.01663029282263687, 0.05463952020465606]

Analysis for mammographic-masses (960)
Precision: -0.9
[103, 97, 98, 408, 254]
[0.3, 0.3333333333333333, 0.5614035087719298, 0.9938271604938271, 0.8363636363636363]
[0.17959049805624427, 0.342793335258365, 0.1661078680441008, 0.032226399704536536, 0.07713757109313625]
Recall: -0.9
[103, 97, 98, 408, 254]
[0.8181818181818182, 0.2698412698412698, 0.6037735849056604, 0.9938271604938271, 0.8679245283018868]
[0.17959049805624427, 0.342793335258365, 0.1661078680441008, 0.032226399704536536, 0.07713757109313625]
Accuracy: -0.9
[103, 97, 98, 408, 254]
[0.5533980582524272, 0.17525773195876287, 0.5306122448979592, 0.9901960784313726, 0.937007874015748]
[0.17959049805624427, 0.342793335258365, 0.1661078680441008, 0.032226399704536536, 0.07713757109313625]
FScore: -1.0
[103, 97, 98, 408, 254]
[0.43902439024390244, 0.2982456140350877, 0.5818181818181818, 0.9938271604938271, 0.8518518518518519]
[0.17959049805624427, 0.342793335258365, 0.1661078680441008, 0.032226399704536536, 0.07713757109313625]
Matthews: -0.9
[103, 97, 98, 408, 254]
[0.24904484358516113, -0.6976908246297114, 0.04871069122884956, 0.9700176366843033, 0.8120938537979334]
[0.17959049805624427, 0.342793335258365, 0.1661078680441008, 0.032226399704536536, 0.07713757109313625]

Analysis for phoneme (5400)
Precision: 0.7000000000000001
[353, 811, 2981, 553, 702]
[0.9666666666666667, 0.037037037037037035, 0.12857142857142856, 1.0, 0.9877622377622378]
[0.09780813433034702, 0.11088798279815207, 0.012843461090695535, 0.31383090200093655, 0.21041026266425975]
Recall: -0.8207826816681233
[353, 811, 2981, 553, 702]
[0.9006211180124224, 1.0, 1.0, 0.5207956600361664, 0.8200290275761973]
[0.09780813433034702, 0.11088798279815207, 0.012843461090695535, 0.31383090200093655, 0.21041026266425975]
Accuracy: -0.9
[353, 811, 2981, 553, 702]
[0.8810198300283286, 0.6152897657213316, 0.9795370680979537, 0.5207956600361664, 0.8133903133903134]
[0.09780813433034702, 0.11088798279815207, 0.012843461090695535, 0.31383090200093655, 0.21041026266425975]
FScore: 0.09999999999999983
[353, 811, 2981, 553, 702]
[0.932475884244373, 0.07142857142857142, 0.22784810126582278, 0.6848989298454222, 0.8961141950832673]
[0.09780813433034702, 0.11088798279815207, 0.012843461090695535, 0.31383090200093655, 0.21041026266425975]
Matthews: -0.9
[353, 811, 2981, 553, 702]
[0.45800315345588677, 0.15024817615979727, 0.35486971268096884, 0.0, 0.09772239553374558]
[0.09780813433034702, 0.11088798279815207, 0.012843461090695535, 0.31383090200093655, 0.21041026266425975]

Analysis for pima (700)
Precision: -0.7000000000000001
[83, 79, 83, 341, 114]
[0.02631578947368421, 0.11764705882352941, 0.0, 0.9900662251655629, 1.0]
[0.1437628531551197, 0.05415363137199314, 0.2473463359882776, 0.023128045674650308, 0.08849135540906912]
Recall: -0.7000000000000001
[83, 79, 83, 341, 114]
[0.25, 0.15384615384615385, 0.0, 0.934375, 0.584070796460177]
[0.1437628531551197, 0.05415363137199314, 0.2473463359882776, 0.023128045674650308, 0.08849135540906912]
Accuracy: -1.0
[83, 79, 83, 341, 114]
[0.5180722891566265, 0.6708860759493671, 0.26506024096385544, 0.9296187683284457, 0.5877192982456141]
[0.1437628531551197, 0.05415363137199314, 0.2473463359882776, 0.023128045674650308, 0.08849135540906912]
FScore: -0.9
[83, 79, 83, 341, 114]
[0.04761904761904762, 0.13333333333333333, 0.0, 0.9614147909967844, 0.7374301675977654]
[0.1437628531551197, 0.05415363137199314, 0.2473463359882776, 0.023128045674650308, 0.08849135540906912]
Matthews: -0.5
[83, 79, 83, 341, 114]
[-0.09386582341191496, -0.06624858400172426, 0.0, 0.5978738779171078, 0.11030929966653016]
[0.1437628531551197, 0.05415363137199314, 0.2473463359882776, 0.023128045674650308, 0.08849135540906912]

Analysis for ring (7400)
Precision: -0.6
[626, 828, 516, 844, 4586]
[0.9423076923076923, 0.9987515605493134, 0.9191919191919192, 0.018656716417910446, 0.9850660539919587]
[0.15170500333728754, 0.05662439228179947, 0.2900618015978446, 0.09340278199487466, 0.021605810654462036]
Recall: -0.7000000000000001
[626, 828, 516, 844, 4586]
[0.7374581939799331, 0.9685230024213075, 0.17913385826771652, 1.0, 0.9930515344528084]
[0.15170500333728754, 0.05662439228179947, 0.2900618015978446, 0.09340278199487466, 0.021605810654462036]
Accuracy: -0.9
[626, 828, 516, 844, 4586]
[0.7060702875399361, 0.967391304347826, 0.17635658914728683, 0.6883886255924171, 0.9917139119058003]
[0.15170500333728754, 0.05662439228179947, 0.2900618015978446, 0.09340278199487466, 0.021605810654462036]
FScore: -0.7000000000000001
[626, 828, 516, 844, 4586]
[0.8273921200750469, 0.9834050399508296, 0.29983525535420097, 0.03663003663003663, 0.9890426758938871]
[0.15170500333728754, 0.05662439228179947, 0.2900618015978446, 0.09340278199487466, 0.021605810654462036]
Matthews: -1.0
[626, 828, 516, 844, 4586]
[-0.10793787971532098, 0.12949046757813815, -0.25755119396679155, 0.11317431288679157, 0.9824015565783475]
[0.15170500333728754, 0.05662439228179947, 0.2900618015978446, 0.09340278199487466, 0.021605810654462036]

Analysis for spambase (4550)
Precision: -0.9
[404, 520, 1550, 277, 1799]
[0.08900523560209424, 0.28846153846153844, 0.9858030168589175, 0.8712121212121212, 0.993798449612403]
[0.295191579652699, 0.14292617254891124, 0.05165927466592781, 0.1546562389709091, 0.007845782623908849]
Recall: -0.9
[404, 520, 1550, 277, 1799]
[0.27419354838709675, 0.5172413793103449, 0.959412780656304, 0.5227272727272727, 0.9930286599535244]
[0.295191579652699, 0.14292617254891124, 0.05165927466592781, 0.1546562389709091, 0.007845782623908849]
Accuracy: -1.0
[404, 520, 1550, 277, 1799]
[0.45792079207920794, 0.9019230769230769, 0.9593548387096774, 0.5595667870036101, 0.990550305725403]
[0.295191579652699, 0.14292617254891124, 0.05165927466592781, 0.1546562389709091, 0.007845782623908849]
FScore: -0.9
[404, 520, 1550, 277, 1799]
[0.13438735177865613, 0.3703703703703704, 0.9724288840262582, 0.6534090909090908, 0.9934134056567222]
[0.295191579652699, 0.14292617254891124, 0.05165927466592781, 0.1546562389709091, 0.007845782623908849]
Matthews: -1.0
[404, 520, 1550, 277, 1799]
[-0.16935202647959835, 0.3380059696523078, 0.8963754141387295, 0.1817015634547104, 0.9766985012198216]
[0.295191579652699, 0.14292617254891124, 0.05165927466592781, 0.1546562389709091, 0.007845782623908849]

Analysis for twonorm (7400)
Precision: -0.9746794344808963
[178, 2445, 1311, 2965, 501]
[0.17391304347826086, 1.0, 0.998468606431853, 1.0, 0.9562043795620438]
[0.20349336021382167, 0.014460146356828197, 0.03992022144844916, 0.0034684802851414663, 0.09599063633633556]
Recall: -0.8944271909999159
[178, 2445, 1311, 2965, 501]
[0.21333333333333335, 1.0, 1.0, 1.0, 0.9527272727272728]
[0.20349336021382167, 0.014460146356828197, 0.03992022144844916, 0.0034684802851414663, 0.09599063633633556]
Accuracy: -0.9746794344808963
[178, 2445, 1311, 2965, 501]
[0.24157303370786518, 1.0, 0.9992372234935164, 1.0, 0.9500998003992016]
[0.20349336021382167, 0.014460146356828197, 0.03992022144844916, 0.0034684802851414663, 0.09599063633633556]
FScore: -0.9746794344808963
[178, 2445, 1311, 2965, 501]
[0.19161676646706585, 1.0, 0.9992337164750957, 1.0, 0.9544626593806922]
[0.20349336021382167, 0.014460146356828197, 0.03992022144844916, 0.0034684802851414663, 0.09599063633633556]
Matthews: -0.9746794344808963
[178, 2445, 1311, 2965, 501]
[-0.5182950407327883, 1.0, 0.9984755778501625, 1.0, 0.8992827253453668]
[0.20349336021382167, 0.014460146356828197, 0.03992022144844916, 0.0034684802851414663, 0.09599063633633556]

Analysis for wdbc (560)
Precision: 0.872081599272381
[60, 0, 60, 194, 246]
[1.0, 0.0, 1.0, 0.9375, 0.6486486486486487]
[0.07631993483151073, 0.0, 0.021699691395785665, 4.923155213694008E-4, 0.004979924266345531]
Recall: 0.0
[60, 0, 60, 194, 246]
[0.8166666666666667, 0.0, 0.9166666666666666, 0.9836065573770492, 0.96]
[0.07631993483151073, 0.0, 0.021699691395785665, 4.923155213694008E-4, 0.004979924266345531]
Accuracy: 0.0
[60, 0, 60, 194, 246]
[0.8166666666666667, 0.0, 0.9166666666666666, 0.9742268041237113, 0.943089430894309]
[0.07631993483151073, 0.0, 0.021699691395785665, 4.923155213694008E-4, 0.004979924266345531]
FScore: 0.29999999999999977
[60, 0, 60, 194, 246]
[0.8990825688073394, 0.0, 0.9565217391304348, 0.96, 0.7741935483870968]
[0.07631993483151073, 0.0, 0.021699691395785665, 4.923155213694008E-4, 0.004979924266345531]
Matthews: -0.33541019662496846
[60, 0, 60, 194, 246]
[0.0, 0.0, 0.0, 0.9415948184497577, 0.7617316132992296]
[0.07631993483151073, 0.0, 0.021699691395785665, 4.923155213694008E-4, 0.004979924266345531]
