MultiResolutionExperiment(5, 10, MultiResolutionTransform(30, 0.10))

Analysis for appendicitis (100)
Precision: -0.33541019662496846
[2, 0, 13, 8, 77]
[0.0, 0.0, 0.5, 0.0, 1.0]
[0.2957904752884024, 0.0, 0.04047426110583886, 0.11584806342462345, 0.002616054173843545]
Recall: -0.33541019662496846
[2, 0, 13, 8, 77]
[0.0, 0.0, 0.25, 0.0, 0.9868421052631579]
[0.2957904752884024, 0.0, 0.04047426110583886, 0.11584806342462345, 0.002616054173843545]
Accuracy: -0.2051956704170307
[2, 0, 13, 8, 77]
[0.0, 0.0, 0.6923076923076923, 0.125, 0.987012987012987]
[0.2957904752884024, 0.0, 0.04047426110583886, 0.11584806342462345, 0.002616054173843545]
FScore: -0.33541019662496846
[2, 0, 13, 8, 77]
[0.0, 0.0, 0.3333333333333333, 0.0, 0.9933774834437086]
[0.2957904752884024, 0.0, 0.04047426110583886, 0.11584806342462345, 0.002616054173843545]
Matthews: -0.33541019662496846
[2, 0, 13, 8, 77]
[0.0, 0.0, 0.17766726362967536, 0.0, 0.7024393586862705]
[0.2957904752884024, 0.0, 0.04047426110583886, 0.11584806342462345, 0.002616054173843545]

Analysis for banana (5300)
Precision: -0.9
[1252, 786, 408, 2510, 344]
[0.9871244635193133, 0.990909090909091, 0.45614035087719296, 1.0, 0.0]
[0.043997451135119374, 0.12478507317599101, 0.22294236457093256, 0.009195134189578399, 0.3489949190286423]
Recall: -1.0
[1252, 786, 408, 2510, 344]
[0.9935205183585313, 0.8336520076481836, 0.325, 1.0, 0.0]
[0.043997451135119374, 0.12478507317599101, 0.22294236457093256, 0.009195134189578399, 0.3489949190286423]
Accuracy: -1.0
[1252, 786, 408, 2510, 344]
[0.9928115015974441, 0.8842239185750637, 0.5833333333333334, 1.0, 0.11918604651162791]
[0.043997451135119374, 0.12478507317599101, 0.22294236457093256, 0.009195134189578399, 0.3489949190286423]
FScore: -1.0
[1252, 786, 408, 2510, 344]
[0.9903121636167922, 0.9055036344755972, 0.37956204379562036, 1.0, 0.0]
[0.043997451135119374, 0.12478507317599101, 0.22294236457093256, 0.009195134189578399, 0.3489949190286423]
Matthews: -1.0
[1252, 786, 408, 2510, 344]
[0.9846109489381315, 0.7779518306834575, 0.08160579579678277, 1.0, -0.6575281243592797]
[0.043997451135119374, 0.12478507317599101, 0.22294236457093256, 0.009195134189578399, 0.3489949190286423]

Analysis for breast-cancer-original (650)
Precision: NaN
[424, 132, 26, 34, 34]
[1.0, 1.0, 1.0, 1.0, 1.0]
[3.736740685452755E-4, 0.01244965054556615, 0.13374310684609297, 0.03669504032304448, 0.06421367964977417]
Recall: -0.7000000000000001
[424, 132, 26, 34, 34]
[0.9975550122249389, 0.3333333333333333, 0.1, 1.0, 0.2]
[3.736740685452755E-4, 0.01244965054556615, 0.13374310684609297, 0.03669504032304448, 0.06421367964977417]
Accuracy: -0.7000000000000001
[424, 132, 26, 34, 34]
[0.9976415094339622, 0.9848484848484849, 0.6538461538461539, 1.0, 0.8823529411764706]
[3.736740685452755E-4, 0.01244965054556615, 0.13374310684609297, 0.03669504032304448, 0.06421367964977417]
FScore: -0.7000000000000001
[424, 132, 26, 34, 34]
[0.9987760097919216, 0.5, 0.18181818181818182, 1.0, 0.33333333333333337]
[3.736740685452755E-4, 0.01244965054556615, 0.13374310684609297, 0.03669504032304448, 0.06421367964977417]
Matthews: -0.7000000000000001
[424, 132, 26, 34, 34]
[0.9670614375317012, 0.5729260639988027, 0.25298221281347033, 1.0, 0.4192345116490003]
[3.736740685452755E-4, 0.01244965054556615, 0.13374310684609297, 0.03669504032304448, 0.06421367964977417]

Analysis for mammographic-masses (960)
Precision: -1.0
[114, 58, 210, 77, 501]
[0.32857142857142857, 0.06896551724137931, 0.8488372093023255, 0.3902439024390244, 1.0]
[0.22120353804577805, 0.38215320364086147, 0.08849549234105353, 0.15282522947657468, 0.02892280439877188]
Recall: -1.0
[114, 58, 210, 77, 501]
[0.5, 0.06451612903225806, 0.8488372093023255, 0.5333333333333333, 0.9968944099378882]
[0.22120353804577805, 0.38215320364086147, 0.08849549234105353, 0.15282522947657468, 0.02892280439877188]
Accuracy: -1.0
[114, 58, 210, 77, 501]
[0.38596491228070173, 0.034482758620689655, 0.8761904761904762, 0.4935064935064935, 0.998003992015968]
[0.22120353804577805, 0.38215320364086147, 0.08849549234105353, 0.15282522947657468, 0.02892280439877188]
FScore: -1.0
[114, 58, 210, 77, 501]
[0.39655172413793105, 0.06666666666666667, 0.8488372093023255, 0.4507042253521127, 0.9984447900466563]
[0.22120353804577805, 0.38215320364086147, 0.08849549234105353, 0.15282522947657468, 0.02892280439877188]
Matthews: -1.0
[114, 58, 210, 77, 501]
[-0.19266039818757186, -0.9332565252573828, 0.7439984996249063, 0.0013863639621878498, 0.9956686736361928]
[0.22120353804577805, 0.38215320364086147, 0.08849549234105353, 0.15282522947657468, 0.02892280439877188]

Analysis for phoneme (5400)
Precision: 0.9
[409, 763, 2856, 713, 659]
[0.25287356321839083, 0.5454545454545454, 0.0, 0.9782244556113903, 0.9972144846796658]
[0.14114063282711217, 0.06669504839605471, 0.0074174839552991504, 0.14674608844142234, 0.2767919595637971]
Recall: 0.0
[409, 763, 2856, 713, 659]
[0.8918918918918919, 0.9512195121951219, 0.0, 0.8476052249637155, 0.5440729483282675]
[0.14114063282711217, 0.06669504839605471, 0.0074174839552991504, 0.14674608844142234, 0.2767919595637971]
Accuracy: -0.5
[409, 763, 2856, 713, 659]
[0.5036674816625917, 0.8191349934469201, 0.9821428571428571, 0.8345021037868162, 0.543247344461305]
[0.14114063282711217, 0.06669504839605471, 0.0074174839552991504, 0.14674608844142234, 0.2767919595637971]
FScore: 0.8
[409, 763, 2856, 713, 659]
[0.3940298507462687, 0.6933333333333334, 0.0, 0.9082426127527216, 0.7040314650934121]
[0.14114063282711217, 0.06669504839605471, 0.0074174839552991504, 0.14674608844142234, 0.2767919595637971]
Matthews: -0.39999999999999997
[409, 763, 2856, 713, 659]
[0.2481828944705692, 0.6230203944051611, 0.0, 0.14949727875296728, -0.03563694413647783]
[0.14114063282711217, 0.06669504839605471, 0.0074174839552991504, 0.14674608844142234, 0.2767919595637971]

Analysis for pima (700)
Precision: -0.7905694150420949
[93, 100, 72, 333, 102]
[0.0, 0.375, 0.0, 1.0, 1.0]
[0.11890057055417448, 0.05100669030994531, 0.19828754098724374, 0.01723520969790724, 0.08491090065257546]
Recall: -0.872081599272381
[93, 100, 72, 333, 102]
[0.0, 0.4090909090909091, 0.0, 0.9333333333333333, 0.5483870967741935]
[0.11890057055417448, 0.05100669030994531, 0.19828754098724374, 0.01723520969790724, 0.08491090065257546]
Accuracy: -1.0
[93, 100, 72, 333, 102]
[0.3870967741935484, 0.72, 0.3194444444444444, 0.933933933933934, 0.5882352941176471]
[0.11890057055417448, 0.05100669030994531, 0.19828754098724374, 0.01723520969790724, 0.08491090065257546]
FScore: -0.872081599272381
[93, 100, 72, 333, 102]
[0.0, 0.3913043478260869, 0.0, 0.9655172413793104, 0.7083333333333333]
[0.11890057055417448, 0.05100669030994531, 0.19828754098724374, 0.01723520969790724, 0.08491090065257546]
Matthews: -0.9
[93, 100, 72, 333, 102]
[-0.21483446221182986, 0.21026736927252318, -0.23176342617912282, 0.3346640106136302, 0.3110855084191276]
[0.11890057055417448, 0.05100669030994531, 0.19828754098724374, 0.01723520969790724, 0.08491090065257546]

Analysis for ring (7400)
Precision: -0.6
[733, 762, 575, 1281, 4049]
[0.06746031746031746, 0.9554455445544554, 0.8489208633093526, 0.9967845659163987, 0.9665492957746479]
[0.08925591488006328, 0.10801183083736299, 0.2265742719014066, 0.03306942737738633, 0.016252127063865994]
Recall: -0.8207826816681233
[733, 762, 575, 1281, 4049]
[1.0, 0.7877551020408163, 0.21338155515370705, 0.9833465503568596, 1.0]
[0.08925591488006328, 0.10801183083736299, 0.2265742719014066, 0.03306942737738633, 0.016252127063865994]
Accuracy: -0.9
[733, 762, 575, 1281, 4049]
[0.679399727148704, 0.7598425196850394, 0.20695652173913043, 0.9804839968774395, 0.9906149666584342]
[0.08925591488006328, 0.10801183083736299, 0.2265742719014066, 0.03306942737738633, 0.016252127063865994]
FScore: -0.6
[733, 762, 575, 1281, 4049]
[0.12639405204460966, 0.8635346756152125, 0.34104046242774566, 0.9900199600798404, 0.982990152193375]
[0.08925591488006328, 0.10801183083736299, 0.2265742719014066, 0.03306942737738633, 0.016252127063865994]
Matthews: -1.0
[733, 762, 575, 1281, 4049]
[0.2128826252859098, -0.09724431011461082, -0.3320760227206104, 0.5798496831171703, 0.9767819865949328]
[0.08925591488006328, 0.10801183083736299, 0.2265742719014066, 0.03306942737738633, 0.016252127063865994]

Analysis for spambase (4550)
Precision: -1.0
[229, 317, 2605, 458, 941]
[0.09848484848484848, 0.3448275862068966, 0.9989642672190575, 0.7313432835820896, 0.9603340292275574]
[0.26404466195202814, 0.1457213113501094, 0.007222591147050201, 0.09288863902476535, 0.039159300459907585]
Recall: -1.0
[229, 317, 2605, 458, 941]
[0.18055555555555555, 0.43956043956043955, 0.9933058702368692, 0.6242038216560509, 0.9236947791164659]
[0.26404466195202814, 0.1457213113501094, 0.007222591147050201, 0.09288863902476535, 0.039159300459907585]
Accuracy: -1.0
[229, 317, 2605, 458, 941]
[0.22270742358078602, 0.5993690851735016, 0.9942418426103646, 0.7925764192139738, 0.9394261424017003]
[0.26404466195202814, 0.1457213113501094, 0.007222591147050201, 0.09288863902476535, 0.039159300459907585]
FScore: -1.0
[229, 317, 2605, 458, 941]
[0.12745098039215685, 0.3864734299516908, 0.9961270333075136, 0.6735395189003436, 0.9416581371545547]
[0.26404466195202814, 0.1457213113501094, 0.007222591147050201, 0.09288863902476535, 0.039159300459907585]
Matthews: -1.0
[229, 317, 2605, 458, 941]
[-0.5425311835117544, 0.09699572048964557, 0.9849685623721788, 0.5264505228310389, 0.8794431143242056]
[0.26404466195202814, 0.1457213113501094, 0.007222591147050201, 0.09288863902476535, 0.039159300459907585]

Analysis for twonorm (7400)
Precision: -0.8944271909999159
[145, 1932, 379, 4003, 941]
[0.06666666666666667, 1.0, 0.9107981220657277, 1.0, 1.0]
[0.18817441493031384, 0.010494197387938676, 0.08817528156181852, 0.001611536429232379, 0.03408301832410799]
Recall: -0.8944271909999159
[145, 1932, 379, 4003, 941]
[0.07462686567164178, 1.0, 0.9509803921568627, 1.0, 1.0]
[0.18817441493031384, 0.010494197387938676, 0.08817528156181852, 0.001611536429232379, 0.03408301832410799]
Accuracy: -0.8944271909999159
[145, 1932, 379, 4003, 941]
[0.0896551724137931, 1.0, 0.9234828496042217, 1.0, 1.0]
[0.18817441493031384, 0.010494197387938676, 0.08817528156181852, 0.001611536429232379, 0.03408301832410799]
FScore: -0.8944271909999159
[145, 1932, 379, 4003, 941]
[0.07042253521126761, 1.0, 0.9304556354916067, 1.0, 1.0]
[0.18817441493031384, 0.010494197387938676, 0.08817528156181852, 0.001611536429232379, 0.03408301832410799]
Matthews: -0.8944271909999159
[145, 1932, 379, 4003, 941]
[-0.8209261711002948, 1.0, 0.8464732565876586, 1.0, 1.0]
[0.18817441493031384, 0.010494197387938676, 0.08817528156181852, 0.001611536429232379, 0.03408301832410799]

Analysis for wdbc (560)
Precision: 0.6708203932499369
[45, 60, 66, 36, 353]
[1.0, 1.0, 0.9846153846153847, 1.0, 0.0]
[0.036039739575508566, 0.01809847843862354, 0.009530749479749683, 0.0032426918349177246, 7.632589962700434E-4]
Recall: 0.0
[45, 60, 66, 36, 353]
[0.7777777777777778, 0.8833333333333333, 0.9846153846153847, 1.0, 0.0]
[0.036039739575508566, 0.01809847843862354, 0.009530749479749683, 0.0032426918349177246, 7.632589962700434E-4]
Accuracy: -0.7000000000000001
[45, 60, 66, 36, 353]
[0.7777777777777778, 0.8833333333333333, 0.9696969696969697, 1.0, 0.9546742209631728]
[0.036039739575508566, 0.01809847843862354, 0.009530749479749683, 0.0032426918349177246, 7.632589962700434E-4]
FScore: 0.0
[45, 60, 66, 36, 353]
[0.8750000000000001, 0.9380530973451328, 0.9846153846153847, 1.0, 0.0]
[0.036039739575508566, 0.01809847843862354, 0.009530749479749683, 0.0032426918349177246, 7.632589962700434E-4]
Matthews: -0.0
[45, 60, 66, 36, 353]
[0.0, 0.0, -0.015384615384615385, 0.0, 0.0]
[0.036039739575508566, 0.01809847843862354, 0.009530749479749683, 0.0032426918349177246, 7.632589962700434E-4]
