MultiResolutionExperiment(3, 10, MultiResolutionTransform(10, 0.10))

Analysis for appendicitis (100)
Precision: -1.0
[10, 13, 77]
[0.0, 0.5, 1.0]
[0.19070461620910834, 0.051405586905218965, 0.0035075195557729847]
Recall: -1.0
[10, 13, 77]
[0.0, 0.25, 0.9868421052631579]
[0.19070461620910834, 0.051405586905218965, 0.0035075195557729847]
Accuracy: -1.0
[10, 13, 77]
[0.1, 0.6923076923076923, 0.987012987012987]
[0.19070461620910834, 0.051405586905218965, 0.0035075195557729847]
FScore: -1.0
[10, 13, 77]
[0.0, 0.3333333333333333, 0.9933774834437086]
[0.19070461620910834, 0.051405586905218965, 0.0035075195557729847]
Matthews: -1.0
[10, 13, 77]
[0.0, 0.17766726362967536, 0.7024393586862705]
[0.19070461620910834, 0.051405586905218965, 0.0035075195557729847]

Analysis for banana (5300)
Precision: -1.0
[623, 3064, 1613]
[0.06140350877192982, 0.9989964877069744, 0.9839181286549707]
[0.3385890100165696, 0.01701465805600396, 0.11454530615746267]
Recall: -1.0
[623, 3064, 1613]
[0.14285714285714285, 0.9994979919678715, 0.8573248407643312]
[0.3385890100165696, 0.01701465805600396, 0.11454530615746267]
Accuracy: -1.0
[623, 3064, 1613]
[0.2825040128410915, 0.9990208877284595, 0.9237445753254805]
[0.3385890100165696, 0.01701465805600396, 0.11454530615746267]
FScore: -1.0
[623, 3064, 1613]
[0.08588957055214724, 0.9992471769134252, 0.9162695711368277]
[0.3385890100165696, 0.01701465805600396, 0.11454530615746267]
Matthews: -1.0
[623, 3064, 1613]
[-0.45353363336491215, 0.9978475273964974, 0.8536444544596199]
[0.3385890100165696, 0.01701465805600396, 0.11454530615746267]

Analysis for breast-cancer-original (650)
Precision: NaN
[443, 43, 164]
[1.0, 1.0, 1.0]
[0.001318001843477531, 0.13548712656540227, 0.02985117772201471]
Recall: -1.0
[443, 43, 164]
[0.9951338199513382, 0.09090909090909091, 0.42857142857142855]
[0.001318001843477531, 0.13548712656540227, 0.02985117772201471]
Accuracy: -1.0
[443, 43, 164]
[0.9954853273137697, 0.7674418604651163, 0.975609756097561]
[0.001318001843477531, 0.13548712656540227, 0.02985117772201471]
FScore: -1.0
[443, 43, 164]
[0.9975609756097561, 0.16666666666666669, 0.6]
[0.001318001843477531, 0.13548712656540227, 0.02985117772201471]
Matthews: -1.0
[443, 43, 164]
[0.9677791775114759, 0.2631806779839076, 0.6464701781332352]
[0.001318001843477531, 0.13548712656540227, 0.02985117772201471]

Analysis for mammographic-masses (960)
Precision: -1.0
[146, 531, 283]
[0.22988505747126436, 0.996969696969697, 0.6615384615384615]
[0.32832663754586106, 0.03657167982741255, 0.13577409743659494]
Recall: -1.0
[146, 531, 283]
[0.2777777777777778, 0.9939577039274925, 0.7678571428571429]
[0.32832663754586106, 0.03657167982741255, 0.13577409743659494]
Accuracy: -1.0
[146, 531, 283]
[0.18493150684931506, 0.9943502824858758, 0.7526501766784452]
[0.32832663754586106, 0.03657167982741255, 0.13577409743659494]
FScore: -1.0
[146, 531, 283]
[0.25157232704402516, 0.9954614220877459, 0.7107438016528925]
[0.32832663754586106, 0.03657167982741255, 0.13577409743659494]
Matthews: -1.0
[146, 531, 283]
[-0.6394381280285211, 0.9879881007567762, 0.5009859828237941]
[0.32832663754586106, 0.03657167982741255, 0.13577409743659494]

Analysis for phoneme (5400)
Precision: 1.0
[1292, 3092, 1016]
[0.638755980861244, 0.0, 0.9905660377358491]
[0.12406132301264554, 0.013464655530606903, 0.2835989393710965]
Recall: 0.5
[1292, 3092, 1016]
[0.9206896551724137, 0.0, 0.6268656716417911]
[0.12406132301264554, 0.013464655530606903, 0.2835989393710965]
Accuracy: -1.0
[1292, 3092, 1016]
[0.7306501547987616, 0.9734799482535575, 0.625]
[0.12406132301264554, 0.013464655530606903, 0.2835989393710965]
FScore: 1.0
[1292, 3092, 1016]
[0.7542372881355931, 0.0, 0.7678244972577697]
[0.12406132301264554, 0.013464655530606903, 0.2835989393710965]
Matthews: 0.5
[1292, 3092, 1016]
[0.5167922401987699, 0.0, 0.017411764311724465]
[0.12406132301264554, 0.013464655530606903, 0.2835989393710965]

Analysis for pima (700)
Precision: -1.0
[203, 153, 344]
[0.7164179104477612, 0.01020408163265306, 1.0]
[0.08602102783908881, 0.19260839649310132, 0.02244757325274933]
Recall: -1.0
[203, 153, 344]
[0.46153846153846156, 0.25, 0.9327485380116959]
[0.08602102783908881, 0.19260839649310132, 0.02244757325274933]
Accuracy: -1.0
[203, 153, 344]
[0.6305418719211823, 0.3464052287581699, 0.9331395348837209]
[0.08602102783908881, 0.19260839649310132, 0.02244757325274933]
FScore: -1.0
[203, 153, 344]
[0.5614035087719299, 0.019607843137254898, 0.9652042360060514]
[0.08602102783908881, 0.19260839649310132, 0.02244757325274933]
Matthews: -0.5
[203, 153, 344]
[0.28660142097012586, -0.13334612154517353, 0.2731664017424831]
[0.08602102783908881, 0.19260839649310132, 0.02244757325274933]

Analysis for ring (7400)
Precision: -1.0
[836, 4875, 1689]
[0.864951768488746, 0.9428926132836747, 0.8687285223367698]
[0.23826163426212285, 0.025854893139417905, 0.08590649331772794]
Recall: -1.0
[836, 4875, 1689]
[0.33964646464646464, 0.9980289093298291, 0.9362962962962963]
[0.23826163426212285, 0.025854893139417905, 0.08590649331772794]
Accuracy: -1.0
[836, 4875, 1689]
[0.3241626794258373, 0.9805128205128205, 0.8359976317347543]
[0.23826163426212285, 0.025854893139417905, 0.08590649331772794]
FScore: -1.0
[836, 4875, 1689]
[0.4877606527651859, 0.9696776252792849, 0.901247771836007]
[0.23826163426212285, 0.025854893139417905, 0.08590649331772794]
Matthews: -1.0
[836, 4875, 1689]
[-0.28407489998492064, 0.9561750902705061, 0.43230469683166584]
[0.23826163426212285, 0.025854893139417905, 0.08590649331772794]

Analysis for spambase (4550)
Precision: -1.0
[452, 794, 3304]
[0.1889400921658986, 0.7537878787878788, 0.99524015577672]
[0.24912203275896727, 0.10044934703671153, 0.0159282289650767]
Recall: -1.0
[452, 794, 3304]
[0.2887323943661972, 0.7107142857142857, 0.9837467921300257]
[0.24912203275896727, 0.10044934703671153, 0.0159282289650767]
Accuracy: -1.0
[452, 794, 3304]
[0.38716814159292035, 0.8161209068010076, 0.9851694915254238]
[0.24912203275896727, 0.10044934703671153, 0.0159282289650767]
FScore: -1.0
[452, 794, 3304]
[0.22841225626740944, 0.7316176470588236, 0.9894600989460098]
[0.24912203275896727, 0.10044934703671153, 0.0159282289650767]
Matthews: -1.0
[452, 794, 3304]
[-0.25922702508517254, 0.5925475680630344, 0.9646352737508773]
[0.24912203275896727, 0.10044934703671153, 0.0159282289650767]

Analysis for twonorm (7400)
Precision: -0.8660254037844386
[352, 5553, 1495]
[0.510989010989011, 1.0, 1.0]
[0.16521858933645459, 0.005172017860413163, 0.04267000148335795]
Recall: -0.8660254037844386
[352, 5553, 1495]
[0.5636363636363636, 1.0, 1.0]
[0.16521858933645459, 0.005172017860413163, 0.04267000148335795]
Accuracy: -0.8660254037844386
[352, 5553, 1495]
[0.5426136363636364, 1.0, 1.0]
[0.16521858933645459, 0.005172017860413163, 0.04267000148335795]
FScore: -0.8660254037844386
[352, 5553, 1495]
[0.5360230547550432, 1.0, 1.0]
[0.16521858933645459, 0.005172017860413163, 0.04267000148335795]
Matthews: -0.8660254037844386
[352, 5553, 1495]
[0.0875799841391326, 1.0, 1.0]
[0.16521858933645459, 0.005172017860413163, 0.04267000148335795]

Analysis for wdbc (560)
Precision: 1.0
[69, 138, 353]
[1.0, 0.9923664122137404, 0.0]
[0.04848850073826811, 0.017656472850600603, 0.0012209854606679662]
Recall: 0.5
[69, 138, 353]
[0.8405797101449275, 0.948905109489051, 0.0]
[0.04848850073826811, 0.017656472850600603, 0.0012209854606679662]
Accuracy: -1.0
[69, 138, 353]
[0.8405797101449275, 0.9420289855072463, 0.9546742209631728]
[0.04848850073826811, 0.017656472850600603, 0.0012209854606679662]
FScore: 0.5
[69, 138, 353]
[0.9133858267716535, 0.9701492537313432, 0.0]
[0.04848850073826811, 0.017656472850600603, 0.0012209854606679662]
Matthews: 0.0
[69, 138, 353]
[0.0, -0.01974936282882686, 0.0]
[0.04848850073826811, 0.017656472850600603, 0.0012209854606679662]
