MultiResolutionExperiment(5, 10, MultiResolutionTransform(10, 0.15))

Analysis for appendicitis (100)
Precision: -0.5773502691896258
[1, 4, 77, 9, 9]
[0.0, 1.0, 1.0, 0.0, 0.0]
[0.39745755693581786, 0.10971946040751766, 0.004271020719286942, 0.20595427784923964, 0.09311590532752624]
Recall: -0.6708203932499369
[1, 4, 77, 9, 9]
[0.0, 0.25, 0.9868421052631579, 0.0, 0.0]
[0.39745755693581786, 0.10971946040751766, 0.004271020719286942, 0.20595427784923964, 0.09311590532752624]
Accuracy: -0.872081599272381
[1, 4, 77, 9, 9]
[0.0, 0.25, 0.987012987012987, 0.0, 1.0]
[0.39745755693581786, 0.10971946040751766, 0.004271020719286942, 0.20595427784923964, 0.09311590532752624]
FScore: -0.6708203932499369
[1, 4, 77, 9, 9]
[0.0, 0.4, 0.9933774834437086, 0.0, 0.0]
[0.39745755693581786, 0.10971946040751766, 0.004271020719286942, 0.20595427784923964, 0.09311590532752624]
Matthews: -0.7071067811865476
[1, 4, 77, 9, 9]
[0.0, 0.0, 0.7024393586862705, 0.0, 0.0]
[0.39745755693581786, 0.10971946040751766, 0.004271020719286942, 0.20595427784923964, 0.09311590532752624]

Analysis for banana (5300)
Precision: -0.9
[957, 714, 491, 2739, 399]
[0.951048951048951, 0.9982993197278912, 0.6637931034482759, 1.0, 0.003472222222222222]
[0.08130355040205339, 0.13165718811443605, 0.23113824868254376, 0.022137255802319795, 0.3856167133390379]
Recall: -0.9
[957, 714, 491, 2739, 399]
[1.0, 0.870919881305638, 0.41397849462365593, 0.9994694960212201, 0.023255813953488372]
[0.08130355040205339, 0.13165718811443605, 0.23113824868254376, 0.022137255802319795, 0.3856167133390379]
Accuracy: -1.0
[957, 714, 491, 2739, 399]
[0.9926854754440961, 0.876750700280112, 0.6985743380855397, 0.9996349032493611, 0.17543859649122806]
[0.08130355040205339, 0.13165718811443605, 0.23113824868254376, 0.022137255802319795, 0.3856167133390379]
FScore: -1.0
[957, 714, 491, 2739, 399]
[0.974910394265233, 0.9302694136291602, 0.5099337748344371, 0.9997346776333246, 0.006042296072507552]
[0.08130355040205339, 0.13165718811443605, 0.23113824868254376, 0.022137255802319795, 0.3856167133390379]
Matthews: -1.0
[957, 714, 491, 2739, 399]
[0.9710510436111117, 0.5102878647976343, 0.3267339457567168, 0.9991499015915655, -0.5417776415687625]
[0.08130355040205339, 0.13165718811443605, 0.23113824868254376, 0.022137255802319795, 0.3856167133390379]

Analysis for breast-cancer-original (650)
Precision: -0.7071067811865476
[420, 132, 34, 47, 17]
[1.0, 1.0, 1.0, 1.0, 0.0]
[0.0012908117100269654, 0.023814001003215943, 0.11397595718105881, 0.04953061685594929, 0.17224232433139663]
Recall: -0.7000000000000001
[420, 132, 34, 47, 17]
[0.9903381642512077, 0.3333333333333333, 0.2, 1.0, 0.0]
[0.0012908117100269654, 0.023814001003215943, 0.11397595718105881, 0.04953061685594929, 0.17224232433139663]
Accuracy: -0.7000000000000001
[420, 132, 34, 47, 17]
[0.9904761904761905, 0.9848484848484849, 0.8823529411764706, 1.0, 0.6470588235294118]
[0.0012908117100269654, 0.023814001003215943, 0.11397595718105881, 0.04953061685594929, 0.17224232433139663]
FScore: -0.7000000000000001
[420, 132, 34, 47, 17]
[0.9951456310679612, 0.5, 0.33333333333333337, 1.0, 0.0]
[0.0012908117100269654, 0.023814001003215943, 0.11397595718105881, 0.04953061685594929, 0.17224232433139663]
Matthews: -0.7000000000000001
[420, 132, 34, 47, 17]
[0.7708455737375188, 0.5729260639988027, 0.4192345116490003, 1.0, 0.0]
[0.0012908117100269654, 0.023814001003215943, 0.11397595718105881, 0.04953061685594929, 0.17224232433139663]

Analysis for mammographic-masses (960)
Precision: -0.9
[101, 57, 109, 183, 510]
[0.3275862068965517, 0.1, 0.42857142857142855, 0.8666666666666667, 1.0]
[0.20981390638486588, 0.4296870531674233, 0.2403984926654619, 0.10483439909167115, 0.03744662903740369]
Recall: -1.0
[101, 57, 109, 183, 510]
[0.6785714285714286, 0.1, 0.45, 0.8666666666666667, 0.9968944099378882]
[0.20981390638486588, 0.4296870531674233, 0.2403984926654619, 0.10483439909167115, 0.03744662903740369]
Accuracy: -1.0
[101, 57, 109, 183, 510]
[0.5247524752475248, 0.05263157894736842, 0.3669724770642202, 0.8907103825136612, 0.9980392156862745]
[0.20981390638486588, 0.4296870531674233, 0.2403984926654619, 0.10483439909167115, 0.03744662903740369]
FScore: -1.0
[101, 57, 109, 183, 510]
[0.441860465116279, 0.10000000000000002, 0.4390243902439024, 0.8666666666666667, 0.9984447900466563]
[0.20981390638486588, 0.4296870531674233, 0.2403984926654619, 0.10483439909167115, 0.03744662903740369]
Matthews: -1.0
[101, 57, 109, 183, 510]
[0.13065719961089783, -0.9, -0.28674945570756827, 0.774074074074074, 0.9958011028013242]
[0.20981390638486588, 0.4296870531674233, 0.2403984926654619, 0.10483439909167115, 0.03744662903740369]

Analysis for phoneme (5400)
Precision: 1.0
[463, 851, 2939, 601, 546]
[0.9758454106280193, 0.03363914373088685, 0.0, 0.9828693790149893, 1.0]
[0.12874873461029435, 0.12487415534624002, 0.011850293704655115, 0.23767378809861286, 0.3472085630069972]
Recall: 0.09999999999999983
[463, 851, 2939, 601, 546]
[0.9181818181818182, 0.9166666666666666, 0.0, 0.7819420783645656, 0.5311355311355311]
[0.12874873461029435, 0.12487415534624002, 0.011850293704655115, 0.23767378809861286, 0.3472085630069972]
Accuracy: -0.7000000000000001
[463, 851, 2939, 601, 546]
[0.9006479481641468, 0.627497062279671, 0.9809458999659748, 0.7737104825291181, 0.5311355311355311]
[0.12874873461029435, 0.12487415534624002, 0.011850293704655115, 0.23767378809861286, 0.3472085630069972]
FScore: 0.6
[463, 851, 2939, 601, 546]
[0.946135831381733, 0.06489675516224189, 0.0, 0.8709677419354839, 0.6937799043062202]
[0.12874873461029435, 0.12487415534624002, 0.011850293704655115, 0.23767378809861286, 0.3472085630069972]
Matthews: -0.10259783520851513
[463, 851, 2939, 601, 546]
[0.34142709390995657, 0.13090258104298247, 0.0, 0.07628729135944769, 0.0]
[0.12874873461029435, 0.12487415534624002, 0.011850293704655115, 0.23767378809861286, 0.3472085630069972]

Analysis for pima (700)
Precision: -0.7181848464596079
[85, 96, 89, 315, 115]
[0.0, 0.2222222222222222, 0.01694915254237288, 1.0, 1.0]
[0.15189032924051413, 0.07690971857605679, 0.24405543137417032, 0.022608733149867728, 0.10004555453605928]
Recall: -0.5
[85, 96, 89, 315, 115]
[0.0, 0.25, 0.5, 0.9396825396825397, 0.5877192982456141]
[0.15189032924051413, 0.07690971857605679, 0.24405543137417032, 0.022608733149867728, 0.10004555453605928]
Accuracy: -1.0
[85, 96, 89, 315, 115]
[0.4470588235294118, 0.7291666666666666, 0.33707865168539325, 0.9396825396825397, 0.591304347826087]
[0.15189032924051413, 0.07690971857605679, 0.24405543137417032, 0.022608733149867728, 0.10004555453605928]
FScore: -0.8
[85, 96, 89, 315, 115]
[0.0, 0.23529411764705882, 0.03278688524590164, 0.9689034369885434, 0.7403314917127072]
[0.15189032924051413, 0.07690971857605679, 0.24405543137417032, 0.022608733149867728, 0.10004555453605928]
Matthews: -0.5
[85, 96, 89, 315, 115]
[-0.19814727816185268, 0.07161148740394328, -0.05225606948951871, 0.0, 0.11065329659248126]
[0.15189032924051413, 0.07690971857605679, 0.24405543137417032, 0.022608733149867728, 0.10004555453605928]

Analysis for ring (7400)
Precision: -0.09999999999999983
[1024, 338, 858, 1556, 3624]
[0.06363636363636363, 0.09417040358744394, 0.9723076923076923, 0.9986486486486487, 0.9927360774818402]
[0.06729250819771149, 0.14698048654353224, 0.25085502288602707, 0.0745025595740081, 0.0185657084322624]
Recall: -0.9
[1024, 338, 858, 1556, 3624]
[1.0, 0.9130434782608695, 0.37220259128386335, 0.9510939510939511, 0.9991876523151909]
[0.06729250819771149, 0.14698048654353224, 0.25085502288602707, 0.0745025595740081, 0.0185657084322624]
Accuracy: -0.9
[1024, 338, 858, 1556, 3624]
[0.8994140625, 0.39644970414201186, 0.3682983682983683, 0.9498714652956298, 0.9972406181015453]
[0.06729250819771149, 0.14698048654353224, 0.25085502288602707, 0.0745025595740081, 0.0185657084322624]
FScore: -0.30000000000000004
[1024, 338, 858, 1556, 3624]
[0.11965811965811964, 0.17073170731707316, 0.5383304940374787, 0.974291364535267, 0.9959514170040485]
[0.06729250819771149, 0.14698048654353224, 0.25085502288602707, 0.0745025595740081, 0.0185657084322624]
Matthews: -0.9
[1024, 338, 858, 1556, 3624]
[0.23914719913705798, 0.14445253561376498, -0.13185279295714863, -0.008129529831327545, 0.9938705201614451]
[0.06729250819771149, 0.14698048654353224, 0.25085502288602707, 0.0745025595740081, 0.0185657084322624]

Analysis for spambase (4550)
Precision: -0.9
[262, 350, 2792, 285, 861]
[0.11724137931034483, 0.44339622641509435, 0.9990366088631984, 0.5957446808510638, 0.9326145552560647]
[0.31706696877071633, 0.1499344129049247, 0.01384717623486541, 0.165982472807366, 0.06027132017925347]
Recall: -1.0
[262, 350, 2792, 285, 861]
[0.2073170731707317, 0.6527777777777778, 0.9909221213569039, 0.4745762711864407, 0.8759493670886076]
[0.31706696877071633, 0.1499344129049247, 0.01384717623486541, 0.165982472807366, 0.06027132017925347]
Accuracy: -1.0
[262, 350, 2792, 285, 861]
[0.2633587786259542, 0.76, 0.9924785100286533, 0.6491228070175439, 0.9140534262485482]
[0.31706696877071633, 0.1499344129049247, 0.01384717623486541, 0.165982472807366, 0.06027132017925347]
FScore: -0.9
[262, 350, 2792, 285, 861]
[0.14977973568281938, 0.5280898876404494, 0.9949628208203406, 0.5283018867924528, 0.9033942558746737]
[0.31706696877071633, 0.1499344129049247, 0.01384717623486541, 0.165982472807366, 0.06027132017925347]
Matthews: -1.0
[262, 350, 2792, 285, 861]
[-0.46991495904800246, 0.38755523045525225, 0.9802497176763117, 0.2588038423967412, 0.8274418589059213]
[0.31706696877071633, 0.1499344129049247, 0.01384717623486541, 0.165982472807366, 0.06027132017925347]

Analysis for twonorm (7400)
Precision: -0.8944271909999159
[153, 2234, 419, 3538, 1056]
[0.0875, 1.0, 0.9307359307359307, 1.0, 1.0]
[0.2311097233519382, 0.016225273689677647, 0.11096160374798437, 0.0034330484685141977, 0.04672565280864194]
Recall: -0.8944271909999159
[153, 2234, 419, 3538, 1056]
[0.1, 1.0, 0.9598214285714286, 1.0, 1.0]
[0.2311097233519382, 0.016225273689677647, 0.11096160374798437, 0.0034330484685141977, 0.04672565280864194]
Accuracy: -0.8944271909999159
[153, 2234, 419, 3538, 1056]
[0.1111111111111111, 1.0, 0.9403341288782816, 1.0, 1.0]
[0.2311097233519382, 0.016225273689677647, 0.11096160374798437, 0.0034330484685141977, 0.04672565280864194]
FScore: -0.8944271909999159
[153, 2234, 419, 3538, 1056]
[0.09333333333333332, 1.0, 0.9450549450549451, 1.0, 1.0]
[0.2311097233519382, 0.016225273689677647, 0.11096160374798437, 0.0034330484685141977, 0.04672565280864194]
Matthews: -0.8944271909999159
[153, 2234, 419, 3538, 1056]
[-0.7775133075324167, 1.0, 0.8803131846246888, 1.0, 1.0]
[0.2311097233519382, 0.016225273689677647, 0.11096160374798437, 0.0034330484685141977, 0.04672565280864194]

Analysis for wdbc (560)
Precision: 0.8660254037844386
[99, 107, 3, 23, 328]
[1.0, 1.0, 0.0, 0.0, 0.0]
[0.0503138945662156, 0.01834039690714294, 0.0094825420431469, 0.009878769389757687, 0.0010451026416099282]
Recall: 0.7826237921249264
[99, 107, 3, 23, 328]
[0.8383838383838383, 0.9813084112149533, 0.0, 0.0, 0.0]
[0.0503138945662156, 0.01834039690714294, 0.0094825420431469, 0.009878769389757687, 0.0010451026416099282]
Accuracy: 0.2000000000000001
[99, 107, 3, 23, 328]
[0.8383838383838383, 0.9813084112149533, 0.3333333333333333, 0.8260869565217391, 0.9664634146341463]
[0.0503138945662156, 0.01834039690714294, 0.0094825420431469, 0.009878769389757687, 0.0010451026416099282]
FScore: 0.7826237921249264
[99, 107, 3, 23, 328]
[0.9120879120879121, 0.9905660377358491, 0.0, 0.0, 0.0]
[0.0503138945662156, 0.01834039690714294, 0.0094825420431469, 0.009878769389757687, 0.0010451026416099282]
Matthews: NaN
[99, 107, 3, 23, 328]
[0.0, 0.0, 0.0, 0.0, 0.0]
[0.0503138945662156, 0.01834039690714294, 0.0094825420431469, 0.009878769389757687, 0.0010451026416099282]
