MultiResolutionExperiment(4, 10, MultiResolutionTransform(10, 0.15)

Analysis for appendicitis (100)
Precision: -0.4472135954999579
[2, 13, 9, 76]
[1.0, 0.0, 0.0, 1.0]
[0.08332561443396289, 0.054874575756846206, 0.24048836601591755, 0.004603393291202969]
Recall: -0.210818510677892
[2, 13, 9, 76]
[1.0, 0.0, 0.0, 0.9866666666666667]
[0.08332561443396289, 0.054874575756846206, 0.24048836601591755, 0.004603393291202969]
Accuracy: -0.39999999999999997
[2, 13, 9, 76]
[1.0, 0.6153846153846154, 0.1111111111111111, 0.9868421052631579]
[0.08332561443396289, 0.054874575756846206, 0.24048836601591755, 0.004603393291202969]
FScore: -0.210818510677892
[2, 13, 9, 76]
[1.0, 0.0, 0.0, 0.9932885906040269]
[0.08332561443396289, 0.054874575756846206, 0.24048836601591755, 0.004603393291202969]
Matthews: -0.31622776601683794
[2, 13, 9, 76]
[0.0, -0.23354968324845687, 0.0, 0.7023769168568493]
[0.08332561443396289, 0.054874575756846206, 0.24048836601591755, 0.004603393291202969]

Analysis for banana (5300)
Precision: -0.8
[2503, 814, 478, 1505]
[0.9962985811227637, 0.9411764705882353, 0.006430868167202572, 0.9974937343358395]
[0.017613937620767937, 0.19295370510284726, 0.3667252163141632, 0.07847599783518665]
Recall: -1.0
[2503, 814, 478, 1505]
[0.9993811881188119, 0.6238532110091743, 0.03225806451612903, 0.9827160493827161]
[0.017613937620767937, 0.19295370510284726, 0.3667252163141632, 0.07847599783518665]
Accuracy: -1.0
[2503, 814, 478, 1505]
[0.9972033559728326, 0.7776412776412777, 0.2280334728033473, 0.9893687707641196]
[0.017613937620767937, 0.19295370510284726, 0.3667252163141632, 0.07847599783518665]
FScore: -1.0
[2503, 814, 478, 1505]
[0.9978375038616002, 0.7503448275862069, 0.010723860589812333, 0.990049751243781]
[0.017613937620767937, 0.19295370510284726, 0.3667252163141632, 0.07847599783518665]
Matthews: -1.0
[2503, 814, 478, 1505]
[0.9938899875349371, 0.6033215888599813, -0.5007105499704111, 0.9787644643578043]
[0.017613937620767937, 0.19295370510284726, 0.3667252163141632, 0.07847599783518665]

Analysis for breast-cancer-original (650)
Precision: -0.7745966692414835
[579, 36, 13, 22]
[1.0, 1.0, 0.0, 1.0]
[9.157855882715132E-4, 0.03210922146520283, 0.1837224030116601, 0.0820183460685871]
Recall: -1.0
[579, 36, 13, 22]
[0.9927360774818402, 0.2857142857142857, 0.0, 0.2]
[9.157855882715132E-4, 0.03210922146520283, 0.1837224030116601, 0.0820183460685871]
Accuracy: -1.0
[579, 36, 13, 22]
[0.9948186528497409, 0.8611111111111112, 0.6923076923076923, 0.8181818181818182]
[9.157855882715132E-4, 0.03210922146520283, 0.1837224030116601, 0.0820183460685871]
FScore: -1.0
[579, 36, 13, 22]
[0.9963547995139732, 0.4444444444444445, 0.0, 0.33333333333333337]
[9.157855882715132E-4, 0.03210922146520283, 0.1837224030116601, 0.0820183460685871]
Matthews: -1.0
[579, 36, 13, 22]
[0.9874783762503583, 0.49365724849494175, 0.0, 0.4023739080814782]
[9.157855882715132E-4, 0.03210922146520283, 0.1837224030116601, 0.0820183460685871]

Analysis for mammographic-masses (960)
Precision: -0.8
[104, 129, 499, 228]
[0.2807017543859649, 0.3108108108108108, 0.9910179640718563, 0.7926829268292683]
[0.20366199742323657, 0.3485621369882234, 0.03689223288290452, 0.10736506416374783]
Recall: -1.0
[104, 129, 499, 228]
[0.7272727272727273, 0.2987012987012987, 0.9910179640718563, 0.7926829268292683]
[0.20366199742323657, 0.3485621369882234, 0.03689223288290452, 0.10736506416374783]
Accuracy: -1.0
[104, 129, 499, 228]
[0.5480769230769231, 0.18604651162790697, 0.9879759519038076, 0.8508771929824561]
[0.20366199742323657, 0.3485621369882234, 0.03689223288290452, 0.10736506416374783]
FScore: -1.0
[104, 129, 499, 228]
[0.4050632911392405, 0.30463576158940403, 0.9910179640718563, 0.7926829268292683]
[0.20366199742323657, 0.3485621369882234, 0.03689223288290452, 0.10736506416374783]
Matthews: -1.0
[104, 129, 499, 228]
[0.18650017055675835, -0.6765150478336289, 0.9728361458900381, 0.6762445706648847]
[0.20366199742323657, 0.3485621369882234, 0.03689223288290452, 0.10736506416374783]

Analysis for phoneme (5400)
Precision: 0.8
[975, 692, 3007, 726]
[0.3333333333333333, 0.9544658493870403, 0.3763440860215054, 1.0]
[0.11337961450375657, 0.18883454597507368, 0.013152523544073173, 0.33165144448217315]
Recall: -1.0
[975, 692, 3007, 726]
[0.9053254437869822, 0.8333333333333334, 0.9722222222222222, 0.59366391184573]
[0.11337961450375657, 0.18883454597507368, 0.013152523544073173, 0.33165144448217315]
Accuracy: -0.8
[975, 692, 3007, 726]
[0.6697435897435897, 0.8049132947976878, 0.9803791153974061, 0.59366391184573]
[0.11337961450375657, 0.18883454597507368, 0.013152523544073173, 0.33165144448217315]
FScore: 0.6
[975, 692, 3007, 726]
[0.4872611464968153, 0.889795918367347, 0.5426356589147288, 0.7450302506482281]
[0.11337961450375657, 0.18883454597507368, 0.013152523544073173, 0.33165144448217315]
Matthews: -1.0
[975, 692, 3007, 726]
[0.3986531656355348, 0.08943633689904523, 0.5985116021665728, 0.0]
[0.11337961450375657, 0.18883454597507368, 0.013152523544073173, 0.33165144448217315]

Analysis for pima (700)
Precision: -0.8
[119, 110, 99, 372]
[1.0, 0.0, 0.06060606060606061, 0.9739413680781759]
[0.09881447071258488, 0.2557903816979864, 0.10376703116476693, 0.0244706909096993]
Recall: -1.0
[119, 110, 99, 372]
[0.5982142857142857, 0.0, 0.18181818181818182, 0.9171779141104295]
[0.09881447071258488, 0.2557903816979864, 0.10376703116476693, 0.0244706909096993]
Accuracy: -1.0
[119, 110, 99, 372]
[0.6218487394957983, 0.2909090909090909, 0.5959595959595959, 0.9059139784946236]
[0.09881447071258488, 0.2557903816979864, 0.10376703116476693, 0.0244706909096993]
FScore: -1.0
[119, 110, 99, 372]
[0.7486033519553073, 0.0, 0.09090909090909091, 0.9447077409162717]
[0.09881447071258488, 0.2557903816979864, 0.10376703116476693, 0.0244706909096993]
Matthews: -1.0
[119, 110, 99, 372]
[0.2837760492956482, -0.1463103818214763, -0.11363636363636363, 0.6443257037644109]
[0.09881447071258488, 0.2557903816979864, 0.10376703116476693, 0.0244706909096993]

Analysis for ring (7400)
Precision: -0.39999999999999997
[877, 680, 932, 4911]
[0.16339869281045752, 0.8793969849246231, 0.9766584766584766, 0.9873663751214772]
[0.10411501924647776, 0.3000024272176976, 0.1102882048988028, 0.023873401993389422]
Recall: -0.8
[877, 680, 932, 4911]
[1.0, 0.26717557251908397, 0.8707557502738226, 0.9931573802541545]
[0.10411501924647776, 0.3000024272176976, 0.1102882048988028, 0.023873401993389422]
Accuracy: -0.8
[877, 680, 932, 4911]
[0.7080957810718358, 0.25882352941176473, 0.8530042918454935, 0.9918550193443291]
[0.10411501924647776, 0.3000024272176976, 0.1102882048988028, 0.023873401993389422]
FScore: -0.39999999999999997
[877, 680, 932, 4911]
[0.28089887640449435, 0.4098360655737705, 0.9206716850028951, 0.9902534113060429]
[0.10411501924647776, 0.3000024272176976, 0.1102882048988028, 0.023873401993389422]
Matthews: -1.0
[877, 680, 932, 4911]
[0.3358842101884146, -0.28655947279221816, -0.05492501863214288, 0.9832704633142416]
[0.10411501924647776, 0.3000024272176976, 0.1102882048988028, 0.023873401993389422]

Analysis for spambase (4550)
Precision: -1.0
[407, 1526, 660, 1957]
[0.1, 0.9796672828096118, 0.5984251968503937, 0.994256999282125]
[0.33617738051553075, 0.06497043294820101, 0.16957461394711687, 0.009382090717000796]
Recall: -1.0
[407, 1526, 660, 1957]
[0.23170731707317074, 0.9388839681133747, 0.5066666666666667, 0.9899928520371694]
[0.33617738051553075, 0.06497043294820101, 0.16957461394711687, 0.009382090717000796]
Accuracy: -1.0
[407, 1526, 660, 1957]
[0.4250614250614251, 0.9403669724770642, 0.8106060606060606, 0.9887583035258048]
[0.33617738051553075, 0.06497043294820101, 0.16957461394711687, 0.009382090717000796]
FScore: -1.0
[407, 1526, 660, 1957]
[0.13970588235294118, 0.9588421528720036, 0.548736462093863, 0.9921203438395415]
[0.33617738051553075, 0.06497043294820101, 0.16957461394711687, 0.009382090717000796]
Matthews: -1.0
[407, 1526, 660, 1957]
[-0.23672731839955583, 0.8533517924103876, 0.4323185080154371, 0.9725401441695672]
[0.33617738051553075, 0.06497043294820101, 0.16957461394711687, 0.009382090717000796]

Analysis for twonorm (7400)
Precision: -1.0
[259, 4136, 2172, 833]
[0.34375, 1.0, 0.9990627928772259, 0.9911894273127754]
[0.20582735283306114, 0.004481640800130668, 0.023849929439120756, 0.07529956248680163]
Recall: -0.9486832980505139
[259, 4136, 2172, 833]
[0.3893805309734513, 1.0, 1.0, 0.9933774834437086]
[0.20582735283306114, 0.004481640800130668, 0.023849929439120756, 0.07529956248680163]
Accuracy: -1.0
[259, 4136, 2172, 833]
[0.4092664092664093, 1.0, 0.9995395948434622, 0.9915966386554622]
[0.20582735283306114, 0.004481640800130668, 0.023849929439120756, 0.07529956248680163]
FScore: -1.0
[259, 4136, 2172, 833]
[0.3651452282157676, 1.0, 0.9995311767463666, 0.9922822491730982]
[0.20582735283306114, 0.004481640800130668, 0.023849929439120756, 0.07529956248680163]
Matthews: -1.0
[259, 4136, 2172, 833]
[-0.18445867002808633, 1.0, 0.9990793167359622, 0.9830624911239456]
[0.20582735283306114, 0.004481640800130668, 0.023849929439120756, 0.07529956248680163]

Analysis for wdbc (560)
Precision: 0.9486832980505138
[52, 0, 445, 63]
[1.0, 0.0, 0.8380952380952381, 1.0]
[0.09935678465947531, 0.0, 0.0036756873498394326, 0.032047030126485986]
Recall: 0.2000000000000001
[52, 0, 445, 63]
[0.8076923076923077, 0.0, 0.967032967032967, 0.9206349206349206]
[0.09935678465947531, 0.0, 0.0036756873498394326, 0.032047030126485986]
Accuracy: 0.2000000000000001
[52, 0, 445, 63]
[0.8076923076923077, 0.0, 0.9550561797752809, 0.9206349206349206]
[0.09935678465947531, 0.0, 0.0036756873498394326, 0.032047030126485986]
FScore: 0.39999999999999997
[52, 0, 445, 63]
[0.8936170212765957, 0.0, 0.8979591836734694, 0.9586776859504132]
[0.09935678465947531, 0.0, 0.0036756873498394326, 0.032047030126485986]
Matthews: -0.25819888974716104
[52, 0, 445, 63]
[0.0, 0.0, 0.8729887160234575, 0.0]
[0.09935678465947531, 0.0, 0.0036756873498394326, 0.032047030126485986]
