MultiResolutionExperiment(5, 10, MultiResolutionTransform(40, 0.30)

Analysis for appendicitis (100)
Precision: -0.5773502691896258
[5, 5, 77, 9, 4]
[0.0, 0.0, 1.0, 0.0, 1.0]
[0.0724286808644265, 0.3135211258276104, 0.005547280849166854, 0.11828798084741182, 0.0759497356633528]
Recall: -0.6708203932499369
[5, 5, 77, 9, 4]
[0.0, 0.0, 0.9868421052631579, 0.0, 0.25]
[0.0724286808644265, 0.3135211258276104, 0.005547280849166854, 0.11828798084741182, 0.0759497356633528]
Accuracy: -0.8
[5, 5, 77, 9, 4]
[1.0, 0.0, 0.987012987012987, 0.4444444444444444, 0.25]
[0.0724286808644265, 0.3135211258276104, 0.005547280849166854, 0.11828798084741182, 0.0759497356633528]
FScore: -0.6708203932499369
[5, 5, 77, 9, 4]
[0.0, 0.0, 0.9933774834437086, 0.0, 0.4]
[0.0724286808644265, 0.3135211258276104, 0.005547280849166854, 0.11828798084741182, 0.0759497356633528]
Matthews: -0.7071067811865476
[5, 5, 77, 9, 4]
[0.0, 0.0, 0.7024393586862705, 0.0, 0.0]
[0.0724286808644265, 0.3135211258276104, 0.005547280849166854, 0.11828798084741182, 0.0759497356633528]

Analysis for banana (5300)
Precision: -1.0
[609, 1279, 485, 2406, 521]
[0.9929411764705882, 0.9944852941176471, 0.006369426751592357, 0.9976428992339422, 0.6923076923076923]
[0.1608328964109112, 0.08348733838735281, 0.332032727386625, 0.035361421716979355, 0.17547034126948832]
Recall: -0.9
[609, 1279, 485, 2406, 521]
[0.7164685908319185, 0.9926605504587156, 0.03389830508474576, 0.999409681227863, 0.7297297297297297]
[0.1608328964109112, 0.08348733838735281, 0.332032727386625, 0.035361421716979355, 0.17547034126948832]
Accuracy: -0.9
[609, 1279, 485, 2406, 521]
[0.7208538587848933, 0.9945269741985927, 0.23917525773195877, 0.9979218620116376, 0.9577735124760077]
[0.1608328964109112, 0.08348733838735281, 0.332032727386625, 0.035361421716979355, 0.17547034126948832]
FScore: -1.0
[609, 1279, 485, 2406, 521]
[0.8323471400394477, 0.9935720844811755, 0.010723860589812333, 0.9985255086994985, 0.7105263157894737]
[0.1608328964109112, 0.08348733838735281, 0.332032727386625, 0.035361421716979355, 0.17547034126948832]
Matthews: -0.9
[609, 1279, 485, 2406, 521]
[0.2198594327323685, 0.9888082092260135, -0.4778943407002023, 0.9950113344532356, 0.6880462312755845]
[0.1608328964109112, 0.08348733838735281, 0.332032727386625, 0.035361421716979355, 0.17547034126948832]

Analysis for breast-cancer-original (650)
Precision: -0.5773502691896258
[9, 566, 13, 40, 22]
[1.0, 1.0, 0.0, 1.0, 0.0]
[0.07909820906597315, 9.98065990385111E-4, 0.17917497271435148, 0.02392730745774685, 0.07163111074109657]
Recall: -0.7378647873726218
[9, 566, 13, 40, 22]
[0.5, 0.9903381642512077, 0.0, 0.5, 0.0]
[0.07909820906597315, 9.98065990385111E-4, 0.17917497271435148, 0.02392730745774685, 0.07163111074109657]
Accuracy: -0.7000000000000001
[9, 566, 13, 40, 22]
[0.8888888888888888, 0.9929328621908127, 0.7692307692307693, 0.95, 0.7272727272727273]
[0.07909820906597315, 9.98065990385111E-4, 0.17917497271435148, 0.02392730745774685, 0.07163111074109657]
FScore: -0.7378647873726218
[9, 566, 13, 40, 22]
[0.6666666666666666, 0.9951456310679612, 0.0, 0.6666666666666666, 0.0]
[0.07909820906597315, 9.98065990385111E-4, 0.17917497271435148, 0.02392730745774685, 0.07163111074109657]
Matthews: -0.8207826816681233
[9, 566, 13, 40, 22]
[0.6614378277661476, 0.9823160784535476, 0.0, 0.6882472016116853, 0.0]
[0.07909820906597315, 9.98065990385111E-4, 0.17917497271435148, 0.02392730745774685, 0.07163111074109657]

Analysis for mammographic-masses (960)
Precision: -1.0
[102, 118, 93, 383, 264]
[0.328125, 0.28125, 0.6792452830188679, 0.9968553459119497, 0.8958333333333334]
[0.18688893990630456, 0.3277418371207623, 0.1370539007184551, 0.03369378888024268, 0.07852190070460639]
Recall: -0.9
[102, 118, 93, 383, 264]
[0.84, 0.2535211267605634, 0.7058823529411765, 0.990625, 0.8958333333333334]
[0.18688893990630456, 0.3277418371207623, 0.1370539007184551, 0.03369378888024268, 0.07852190070460639]
Accuracy: -1.0
[102, 118, 93, 383, 264]
[0.5392156862745098, 0.16101694915254236, 0.6559139784946236, 0.9895561357702349, 0.9621212121212122]
[0.18688893990630456, 0.3277418371207623, 0.1370539007184551, 0.03369378888024268, 0.07852190070460639]
FScore: -1.0
[102, 118, 93, 383, 264]
[0.47191011235955066, 0.26666666666666666, 0.6923076923076923, 0.9937304075235109, 0.8958333333333334]
[0.18688893990630456, 0.3277418371207623, 0.1370539007184551, 0.03369378888024268, 0.07852190070460639]
Matthews: -1.0
[102, 118, 93, 383, 264]
[0.25049677232651396, -0.7126075112878739, 0.3026788330542307, 0.9626516364717358, 0.8726851851851852]
[0.18688893990630456, 0.3277418371207623, 0.1370539007184551, 0.03369378888024268, 0.07852190070460639]

Analysis for phoneme (5400)
Precision: 0.7000000000000001
[337, 792, 2975, 570, 726]
[0.9680851063829787, 0.006349206349206349, 0.03125, 1.0, 0.9897959183673469]
[0.09806077409865939, 0.1132035396189657, 0.013670457885358514, 0.3175060188150204, 0.21365083526192935]
Recall: -0.8207826816681233
[337, 792, 2975, 570, 726]
[0.9191919191919192, 1.0, 1.0, 0.5350877192982456, 0.8151260504201681]
[0.09806077409865939, 0.1132035396189657, 0.013670457885358514, 0.3175060188150204, 0.21365083526192935]
Accuracy: -0.9
[337, 792, 2975, 570, 726]
[0.9020771513353115, 0.6047979797979798, 0.9791596638655462, 0.5350877192982456, 0.8099173553719008]
[0.09806077409865939, 0.1132035396189657, 0.013670457885358514, 0.3175060188150204, 0.21365083526192935]
FScore: 0.09999999999999983
[337, 792, 2975, 570, 726]
[0.9430051813471503, 0.012618296529968454, 0.06060606060606061, 0.6971428571428571, 0.8940092165898618]
[0.09806077409865939, 0.1132035396189657, 0.013670457885358514, 0.3175060188150204, 0.21365083526192935]
Matthews: -0.8
[337, 792, 2975, 570, 726]
[0.6075497903450184, 0.061916352603417046, 0.17492370159323284, 0.0, 0.10239902677223495]
[0.09806077409865939, 0.1132035396189657, 0.013670457885358514, 0.3175060188150204, 0.21365083526192935]

Analysis for pima (700)
Precision: -0.8207826816681233
[93, 158, 89, 331, 29]
[0.0, 0.9473684210526315, 0.0, 0.9897959183673469, 0.5555555555555556]
[0.24652707464334694, 0.06779902455241188, 0.11558808552846372, 0.025606648161082397, 0.17421338832901978]
Recall: -0.8207826816681233
[93, 158, 89, 331, 29]
[0.0, 0.6050420168067226, 0.0, 0.9238095238095239, 0.38461538461538464]
[0.24652707464334694, 0.06779902455241188, 0.11558808552846372, 0.025606648161082397, 0.17421338832901978]
Accuracy: -1.0
[93, 158, 89, 331, 29]
[0.22580645161290322, 0.6772151898734177, 0.5955056179775281, 0.918429003021148, 0.5862068965517241]
[0.24652707464334694, 0.06779902455241188, 0.11558808552846372, 0.025606648161082397, 0.17421338832901978]
FScore: -0.8207826816681233
[93, 158, 89, 331, 29]
[0.0, 0.7384615384615384, 0.0, 0.9556650246305419, 0.4545454545454546]
[0.24652707464334694, 0.06779902455241188, 0.11558808552846372, 0.025606648161082397, 0.17421338832901978]
Matthews: -0.7000000000000001
[93, 158, 89, 331, 29]
[0.0, 0.43361973485606203, -0.14337530612108773, 0.5011885710144376, 0.14470719035407653]
[0.24652707464334694, 0.06779902455241188, 0.11558808552846372, 0.025606648161082397, 0.17421338832901978]

Analysis for ring (7400)
Precision: -0.5
[914, 2382, 678, 541, 2885]
[0.99375, 0.9278728606356969, 0.9432989690721649, 0.031746031746031744, 0.9954303122619954]
[0.10876139104171585, 0.04137376779022194, 0.2733116248314958, 0.11356164805054436, 0.01538954740428446]
Recall: -0.39999999999999997
[914, 2382, 678, 541, 2885]
[0.8745874587458746, 0.9895697522816167, 0.27436281859070466, 1.0, 0.9954303122619954]
[0.10876139104171585, 0.04137376779022194, 0.2733116248314958, 0.11356164805054436, 0.01538954740428446]
Accuracy: -1.0
[914, 2382, 678, 541, 2885]
[0.8698030634573304, 0.9718723761544921, 0.26991150442477874, 0.5489833641404805, 0.9958405545927209]
[0.10876139104171585, 0.04137376779022194, 0.2733116248314958, 0.11356164805054436, 0.01538954740428446]
FScore: -0.9
[914, 2382, 678, 541, 2885]
[0.9303686366296081, 0.9577287066246056, 0.42508710801393723, 0.06153846153846154, 0.9954303122619954]
[0.10876139104171585, 0.04137376779022194, 0.2733116248314958, 0.11356164805054436, 0.01538954740428446]
Matthews: -0.9
[914, 2382, 678, 541, 2885]
[-0.027996935240098757, 0.9377753054805716, -0.20284076578803265, 0.13119885351769914, 0.9916135183688657]
[0.10876139104171585, 0.04137376779022194, 0.2733116248314958, 0.11356164805054436, 0.01538954740428446]

Analysis for spambase (4550)
Precision: -0.9
[408, 550, 1755, 254, 1583]
[0.08421052631578947, 0.29310344827586204, 0.9944707740916272, 0.9112903225806451, 0.9835355285961872]
[0.29745558478318507, 0.1454791379786599, 0.008485508830794523, 0.1609009536240875, 0.05349692700657277]
Recall: -1.0
[408, 550, 1755, 254, 1583]
[0.27586206896551724, 0.53125, 0.9929022082018928, 0.5113122171945701, 0.9610499576629975]
[0.29745558478318507, 0.1454791379786599, 0.008485508830794523, 0.1609009536240875, 0.05349692700657277]
Accuracy: -1.0
[408, 550, 1755, 254, 1583]
[0.47058823529411764, 0.8981818181818182, 0.9908831908831909, 0.531496062992126, 0.9589387239418825]
[0.29745558478318507, 0.1454791379786599, 0.008485508830794523, 0.1609009536240875, 0.05349692700657277]
FScore: -0.9
[408, 550, 1755, 254, 1583]
[0.12903225806451613, 0.3777777777777777, 0.9936858721389108, 0.6550724637681159, 0.9721627408993577]
[0.29745558478318507, 0.1454791379786599, 0.008485508830794523, 0.1609009536240875, 0.05349692700657277]
Matthews: -1.0
[408, 550, 1755, 254, 1583]
[-0.15491257799222835, 0.344569848196486, 0.9772964031669619, 0.1197123805121413, 0.8948516764468071]
[0.29745558478318507, 0.1454791379786599, 0.008485508830794523, 0.1609009536240875, 0.05349692700657277]

Analysis for twonorm (7400)
Precision: -0.9746794344808963
[190, 2521, 1455, 2693, 541]
[0.1958762886597938, 1.0, 0.9986072423398329, 1.0, 0.9666666666666667]
[0.20333798884575585, 0.015428946175481389, 0.04083868226840086, 0.004100087866414286, 0.09646464660804081]
Recall: -0.8944271909999159
[190, 2521, 1455, 2693, 541]
[0.2345679012345679, 1.0, 1.0, 1.0, 0.9666666666666667]
[0.20333798884575585, 0.015428946175481389, 0.04083868226840086, 0.004100087866414286, 0.09646464660804081]
Accuracy: -0.9746794344808963
[190, 2521, 1455, 2693, 541]
[0.2631578947368421, 1.0, 0.9993127147766323, 1.0, 0.9630314232902033]
[0.20333798884575585, 0.015428946175481389, 0.04083868226840086, 0.004100087866414286, 0.09646464660804081]
FScore: -0.9746794344808963
[190, 2521, 1455, 2693, 541]
[0.2134831460674157, 1.0, 0.9993031358885017, 1.0, 0.9666666666666667]
[0.20333798884575585, 0.015428946175481389, 0.04083868226840086, 0.004100087866414286, 0.09646464660804081]
Matthews: -0.9746794344808963
[190, 2521, 1455, 2693, 541]
[-0.47588187183386726, 1.0, 0.9986261142165265, 1.0, 0.9251728907330568]
[0.20333798884575585, 0.015428946175481389, 0.04083868226840086, 0.004100087866414286, 0.09646464660804081]

Analysis for wdbc (560)
Precision: 0.9733285267845752
[61, 0, 0, 434, 65]
[1.0, 0.0, 0.0, 0.8210526315789474, 1.0]
[0.08074097397097854, 0.0, 0.0, 0.0033337441061540595, 0.022962666700984343]
Recall: 0.5789473684210527
[61, 0, 0, 434, 65]
[0.819672131147541, 0.0, 0.0, 0.975, 0.9230769230769231]
[0.08074097397097854, 0.0, 0.0, 0.0033337441061540595, 0.022962666700984343]
Accuracy: 0.5789473684210527
[61, 0, 0, 434, 65]
[0.819672131147541, 0.0, 0.0, 0.956221198156682, 0.9230769230769231]
[0.08074097397097854, 0.0, 0.0, 0.0033337441061540595, 0.022962666700984343]
FScore: 0.8947368421052632
[61, 0, 0, 434, 65]
[0.9009009009009009, 0.0, 0.0, 0.8914285714285713, 0.9600000000000001]
[0.08074097397097854, 0.0, 0.0, 0.0033337441061540595, 0.022962666700984343]
Matthews: 0.0
[61, 0, 0, 434, 65]
[0.0, 0.0, 0.0, 0.8692688544920657, 0.0]
[0.08074097397097854, 0.0, 0.0, 0.0033337441061540595, 0.022962666700984343]
