MultiResolutionExperiment(4, 10, MultiResolutionTransform(20, 0.15)

Analysis for appendicitis (100)
Precision: -0.4472135954999579
[1, 15, 7, 77]
[1.0, 0.0, 0.0, 1.0]
[0.13388742506737056, 0.05181066935099936, 0.24410029938592345, 0.004215829430280872]
Recall: -0.210818510677892
[1, 15, 7, 77]
[1.0, 0.0, 0.0, 0.9868421052631579]
[0.13388742506737056, 0.05181066935099936, 0.24410029938592345, 0.004215829430280872]
Accuracy: -0.39999999999999997
[1, 15, 7, 77]
[1.0, 0.5333333333333333, 0.14285714285714285, 0.987012987012987]
[0.13388742506737056, 0.05181066935099936, 0.24410029938592345, 0.004215829430280872]
FScore: -0.210818510677892
[1, 15, 7, 77]
[1.0, 0.0, 0.0, 0.9933774834437086]
[0.13388742506737056, 0.05181066935099936, 0.24410029938592345, 0.004215829430280872]
Matthews: -0.31622776601683794
[1, 15, 7, 77]
[0.0, -0.30151134457776363, 0.0, 0.7024393586862705]
[0.13388742506737056, 0.05181066935099936, 0.24410029938592345, 0.004215829430280872]

Analysis for banana (5300)
Precision: -0.8
[2528, 1508, 474, 790]
[0.9963212752912324, 0.9975155279503105, 0.006430868167202572, 0.9375]
[0.014603404531033608, 0.0708444020259793, 0.34138980092674115, 0.17783016650927486]
Recall: -1.0
[2528, 1508, 474, 790]
[0.9993849938499385, 0.9792682926829268, 0.031746031746031744, 0.6144578313253012]
[0.014603404531033608, 0.0708444020259793, 0.34138980092674115, 0.17783016650927486]
Accuracy: -1.0
[2528, 1508, 474, 790]
[0.9972310126582279, 0.9874005305039788, 0.21940928270042195, 0.7759493670886076]
[0.014603404531033608, 0.0708444020259793, 0.34138980092674115, 0.17783016650927486]
FScore: -1.0
[2528, 1508, 474, 790]
[0.9978507829290758, 0.9883076923076922, 0.010695187165775402, 0.7423580786026199]
[0.014603404531033608, 0.0708444020259793, 0.34138980092674115, 0.17783016650927486]
Matthews: -1.0
[2528, 1508, 474, 790]
[0.9939690093042354, 0.9748462079728168, -0.5146324953454454, 0.5981328164683494]
[0.014603404531033608, 0.0708444020259793, 0.34138980092674115, 0.17783016650927486]

Analysis for breast-cancer-original (650)
Precision: -0.8944271909999159
[575, 32, 14, 29]
[1.0, 1.0, 0.0, 0.0]
[8.653146354307294E-4, 0.017301864563815175, 0.15522785591986896, 0.060301268087447006]
Recall: -0.9486832980505139
[575, 32, 14, 29]
[0.9903614457831326, 0.4, 0.0, 0.0]
[8.653146354307294E-4, 0.017301864563815175, 0.15522785591986896, 0.060301268087447006]
Accuracy: -1.0
[575, 32, 14, 29]
[0.9930434782608696, 0.90625, 0.7142857142857143, 0.8275862068965517]
[8.653146354307294E-4, 0.017301864563815175, 0.15522785591986896, 0.060301268087447006]
FScore: -0.9486832980505139
[575, 32, 14, 29]
[0.9951573849878934, 0.5714285714285715, 0.0, 0.0]
[8.653146354307294E-4, 0.017301864563815175, 0.15522785591986896, 0.060301268087447006]
Matthews: -0.9486832980505139
[575, 32, 14, 29]
[0.9829579281784698, 0.6, 0.0, 0.0]
[8.653146354307294E-4, 0.017301864563815175, 0.15522785591986896, 0.060301268087447006]

Analysis for mammographic-masses (960)
Precision: -1.0
[139, 127, 543, 151]
[0.7837837837837838, 0.273972602739726, 0.9881305637982196, 0.38095238095238093]
[0.09657233381912267, 0.3273111940342423, 0.03616135424858544, 0.16525903069158765]
Recall: -0.8000000000000002
[139, 127, 543, 151]
[0.7945205479452054, 0.273972602739726, 0.9823008849557522, 0.8]
[0.09657233381912267, 0.3273111940342423, 0.03616135424858544, 0.16525903069158765]
Accuracy: -1.0
[139, 127, 543, 151]
[0.7769784172661871, 0.16535433070866143, 0.9815837937384899, 0.7019867549668874]
[0.09657233381912267, 0.3273111940342423, 0.03616135424858544, 0.16525903069158765]
FScore: -1.0
[139, 127, 543, 151]
[0.7891156462585033, 0.273972602739726, 0.9852071005917159, 0.5161290322580645]
[0.09657233381912267, 0.3273111940342423, 0.03616135424858544, 0.16525903069158765]
Matthews: -1.0
[139, 127, 543, 151]
[0.5525552385225042, -0.7075088787417555, 0.9608469259028583, 0.38653085716192814]
[0.09657233381912267, 0.3273111940342423, 0.03616135424858544, 0.16525903069158765]

Analysis for phoneme (5400)
Precision: 0.8
[679, 979, 3018, 724]
[0.9575221238938053, 0.34557235421166305, 0.39215686274509803, 0.9976415094339622]
[0.16713407623225082, 0.1016254509530087, 0.011515568863805468, 0.2973803406158315]
Recall: -1.0
[679, 979, 3018, 724]
[0.8413685847589425, 0.898876404494382, 0.975609756097561, 0.5850622406639004]
[0.16713407623225082, 0.1016254509530087, 0.011515568863805468, 0.2973803406158315]
Accuracy: -0.8
[679, 979, 3018, 724]
[0.8144329896907216, 0.6721144024514811, 0.9791252485089463, 0.5842541436464088]
[0.16713407623225082, 0.1016254509530087, 0.011515568863805468, 0.2973803406158315]
FScore: 0.6
[679, 979, 3018, 724]
[0.8956953642384107, 0.4992199687987519, 0.5594405594405595, 0.7375762859633828]
[0.16713407623225082, 0.1016254509530087, 0.011515568863805468, 0.2973803406158315]
Matthews: -1.0
[679, 979, 3018, 724]
[0.10473160533679576, 0.402174427034769, 0.611635056033505, -0.03128301121834385]
[0.16713407623225082, 0.1016254509530087, 0.011515568863805468, 0.2973803406158315]

Analysis for pima (700)
Precision: -1.0
[169, 86, 93, 352]
[0.8902439024390244, 0.0, 0.02631578947368421, 0.98]
[0.07272370109335552, 0.2404937793652328, 0.11963692444889515, 0.020730559867095863]
Recall: -1.0
[169, 86, 93, 352]
[0.584, 0.0, 0.2, 0.91875]
[0.07272370109335552, 0.2404937793652328, 0.11963692444889515, 0.020730559867095863]
Accuracy: -1.0
[169, 86, 93, 352]
[0.6390532544378699, 0.2558139534883721, 0.5591397849462365, 0.9090909090909091]
[0.07272370109335552, 0.2404937793652328, 0.11963692444889515, 0.020730559867095863]
FScore: -1.0
[169, 86, 93, 352]
[0.7053140096618358, 0.0, 0.046511627906976744, 0.9483870967741935]
[0.07272370109335552, 0.2404937793652328, 0.11963692444889515, 0.020730559867095863]
Matthews: -0.8
[169, 86, 93, 352]
[0.3331766458965108, 0.0, -0.10115148266111132, 0.592452529743945]
[0.07272370109335552, 0.2404937793652328, 0.11963692444889515, 0.020730559867095863]

Analysis for ring (7400)
Precision: -0.39999999999999997
[1557, 565, 753, 4525]
[0.7110849056603774, 0.875968992248062, 0.9216666666666666, 0.9905555555555555]
[0.06983030935682341, 0.28451987433754455, 0.12774539054277165, 0.01930583962063971]
Recall: -1.0
[1557, 565, 753, 4525]
[0.9788961038961039, 0.2058287795992714, 0.786628733997155, 0.9927616926503341]
[0.06983030935682341, 0.28451987433754455, 0.12774539054277165, 0.01930583962063971]
Accuracy: -1.0
[1557, 565, 753, 4525]
[0.8342967244701349, 0.2, 0.7383798140770252, 0.9933701657458563]
[0.06983030935682341, 0.28451987433754455, 0.12774539054277165, 0.01930583962063971]
FScore: -0.8
[1557, 565, 753, 4525]
[0.8237704918032787, 0.3333333333333333, 0.8488104374520338, 0.9916573971078977]
[0.06983030935682341, 0.28451987433754455, 0.12774539054277165, 0.01930583962063971]
Matthews: -1.0
[1557, 565, 753, 4525]
[0.7055242120551583, -0.3138500546341976, -0.09490417682067638, 0.9861585381706708]
[0.06983030935682341, 0.28451987433754455, 0.12774539054277165, 0.01930583962063971]

Analysis for spambase (4550)
Precision: -1.0
[415, 1524, 630, 1981]
[0.09895833333333333, 0.9765258215962441, 0.6198347107438017, 0.9943422913719944]
[0.3013943256834823, 0.057819331234011985, 0.15089271666223494, 0.007989731640191282]
Recall: -1.0
[415, 1524, 630, 1981]
[0.2289156626506024, 0.9377817853922452, 0.5067567567567568, 0.9901408450704225]
[0.3013943256834823, 0.057819331234011985, 0.15089271666223494, 0.007989731640191282]
Accuracy: -1.0
[415, 1524, 630, 1981]
[0.42891566265060244, 0.9383202099737533, 0.8111111111111111, 0.98889449772842]
[0.3013943256834823, 0.057819331234011985, 0.15089271666223494, 0.007989731640191282]
FScore: -1.0
[415, 1524, 630, 1981]
[0.13818181818181816, 0.9567617295308187, 0.5576208178438662, 0.9922371206774877]
[0.3013943256834823, 0.057819331234011985, 0.15089271666223494, 0.007989731640191282]
Matthews: -1.0
[415, 1524, 630, 1981]
[-0.23438979151132727, 0.8514830417916215, 0.4426737397983472, 0.9727607775181238]
[0.3013943256834823, 0.057819331234011985, 0.15089271666223494, 0.007989731640191282]

Analysis for twonorm (7400)
Precision: -1.0
[246, 4261, 2123, 770]
[0.3252032520325203, 1.0, 0.9990356798457087, 0.9881796690307328]
[0.18442481579742864, 0.0034852883144475774, 0.020603557423592444, 0.0681941107710431]
Recall: -0.9486832980505139
[246, 4261, 2123, 770]
[0.37037037037037035, 1.0, 1.0, 0.990521327014218]
[0.18442481579742864, 0.0034852883144475774, 0.020603557423592444, 0.0681941107710431]
Accuracy: -1.0
[246, 4261, 2123, 770]
[0.3861788617886179, 1.0, 0.9995289684408856, 0.9883116883116884]
[0.18442481579742864, 0.0034852883144475774, 0.020603557423592444, 0.0681941107710431]
FScore: -1.0
[246, 4261, 2123, 770]
[0.3463203463203463, 1.0, 0.9995176073323685, 0.9893491124260355]
[0.18442481579742864, 0.0034852883144475774, 0.020603557423592444, 0.0681941107710431]
Matthews: -1.0
[246, 4261, 2123, 770]
[-0.22935415401872886, 1.0, 0.9990578580759442, 0.9764028693663805]
[0.18442481579742864, 0.0034852883144475774, 0.020603557423592444, 0.0681941107710431]

Analysis for wdbc (560)
Precision: 0.9486832980505138
[25, 50, 441, 44]
[1.0, 1.0, 0.8431372549019608, 0.9761904761904762]
[0.10248888887416543, 0.04659433349191458, 0.0026525480228763755, 0.01429523591835628]
Recall: -1.0
[25, 50, 441, 44]
[0.72, 0.86, 0.9772727272727273, 0.9534883720930233]
[0.10248888887416543, 0.04659433349191458, 0.0026525480228763755, 0.01429523591835628]
Accuracy: -1.0
[25, 50, 441, 44]
[0.72, 0.86, 0.9591836734693877, 0.9318181818181818]
[0.10248888887416543, 0.04659433349191458, 0.0026525480228763755, 0.01429523591835628]
FScore: -0.4
[25, 50, 441, 44]
[0.8372093023255813, 0.924731182795699, 0.9052631578947369, 0.9647058823529412]
[0.10248888887416543, 0.04659433349191458, 0.0026525480228763755, 0.01429523591835628]
Matthews: -0.31622776601683794
[25, 50, 441, 44]
[0.0, 0.0, 0.8833238248603335, -0.033277916281986085]
[0.10248888887416543, 0.04659433349191458, 0.0026525480228763755, 0.01429523591835628]
