MultiResolutionExperiment(3, 10, MultiResolutionTransform(50, 0.30)

Analysis for appendicitis (100)
Precision: -0.8660254037844386
[7, 78, 15]
[0.0, 1.0, 0.0]
[0.27175840844888083, 0.006912323075605285, 0.08228813808468635]
Recall: -0.8660254037844386
[7, 78, 15]
[0.0, 0.987012987012987, 0.0]
[0.27175840844888083, 0.006912323075605285, 0.08228813808468635]
Accuracy: -1.0
[7, 78, 15]
[0.14285714285714285, 0.9871794871794872, 0.5333333333333333]
[0.27175840844888083, 0.006912323075605285, 0.08228813808468635]
FScore: -0.8660254037844386
[7, 78, 15]
[0.0, 0.9934640522875817, 0.0]
[0.27175840844888083, 0.006912323075605285, 0.08228813808468635]
Matthews: -0.5
[7, 78, 15]
[0.0, 0.7025001733142089, -0.30151134457776363]
[0.27175840844888083, 0.006912323075605285, 0.08228813808468635]

Analysis for banana (5300)
Precision: -1.0
[615, 2989, 1696]
[0.027190332326283987, 0.9970559371933267, 0.9907692307692307]
[0.3090412646311325, 0.04129642279287669, 0.1306707580188758]
Recall: -1.0
[615, 2989, 1696]
[0.08571428571428572, 0.9955903968642822, 0.8277634961439588]
[0.3090412646311325, 0.04129642279287669, 0.1306707580188758]
Accuracy: -1.0
[615, 2989, 1696]
[0.3203252032520325, 0.9949815991970559, 0.9174528301886793]
[0.3090412646311325, 0.04129642279287669, 0.1306707580188758]
FScore: -1.0
[615, 2989, 1696]
[0.04128440366972477, 0.9963226280951214, 0.9019607843137255]
[0.3090412646311325, 0.04129642279287669, 0.1306707580188758]
Matthews: -1.0
[615, 2989, 1696]
[-0.4118388448612498, 0.9884263965671535, 0.8416899237013199]
[0.3090412646311325, 0.04129642279287669, 0.1306707580188758]

Analysis for breast-cancer-original (650)
Precision: -0.8660254037844386
[572, 17, 61]
[1.0, 0.0, 1.0]
[0.0012400905858854423, 0.15799709203742698, 0.04358608554982578]
Recall: -1.0
[572, 17, 61]
[0.9879807692307693, 0.0, 0.2857142857142857]
[0.0012400905858854423, 0.15799709203742698, 0.04358608554982578]
Accuracy: -1.0
[572, 17, 61]
[0.9912587412587412, 0.6470588235294118, 0.9180327868852459]
[0.0012400905858854423, 0.15799709203742698, 0.04358608554982578]
FScore: -1.0
[572, 17, 61]
[0.9939540507859734, 0.0, 0.4444444444444445]
[0.0012400905858854423, 0.15799709203742698, 0.04358608554982578]
Matthews: -1.0
[572, 17, 61]
[0.9784161367465086, 0.0, 0.5113718907544225]
[0.0012400905858854423, 0.15799709203742698, 0.04358608554982578]

Analysis for mammographic-masses (960)
Precision: -1.0
[134, 511, 315]
[0.2911392405063291, 0.9910979228486647, 0.5954198473282443]
[0.3146687960708223, 0.03936120074059083, 0.1294636010985061]
Recall: -1.0
[134, 511, 315]
[0.2987012987012987, 0.9823529411764705, 0.7959183673469388]
[0.3146687960708223, 0.03936120074059083, 0.1294636010985061]
Accuracy: -1.0
[134, 511, 315]
[0.1791044776119403, 0.9823874755381604, 0.7682539682539683]
[0.3146687960708223, 0.03936120074059083, 0.1294636010985061]
FScore: -1.0
[134, 511, 315]
[0.2948717948717949, 0.9867060561299853, 0.6812227074235807]
[0.3146687960708223, 0.03936120074059083, 0.1294636010985061]
Matthews: -1.0
[134, 511, 315]
[-0.6872081708968428, 0.9607033870940216, 0.518184705262984]
[0.3146687960708223, 0.03936120074059083, 0.1294636010985061]

Analysis for phoneme (5400)
Precision: 1.0
[1033, 3082, 1285]
[0.47189097103918226, 0.025, 0.9977452085682075]
[0.11178355903133322, 0.015621628203950067, 0.2567199593965693]
Recall: -1.0
[1033, 3082, 1285]
[0.9111842105263158, 1.0, 0.6919468334636435]
[0.11178355903133322, 0.015621628203950067, 0.2567199593965693]
Accuracy: -0.5
[1033, 3082, 1285]
[0.6737657308809293, 0.9746917585983128, 0.691828793774319]
[0.11178355903133322, 0.015621628203950067, 0.2567199593965693]
FScore: 1.0
[1033, 3082, 1285]
[0.621773288439955, 0.04878048780487806, 0.8171745152354571]
[0.11178355903133322, 0.015621628203950067, 0.2567199593965693]
Matthews: -0.5
[1033, 3082, 1285]
[0.44709564472416413, 0.15609895296536463, 0.0528730284056546]
[0.11178355903133322, 0.015621628203950067, 0.2567199593965693]

Analysis for pima (700)
Precision: -1.0
[132, 135, 433]
[0.0, 0.3783783783783784, 0.9860724233983287]
[0.22155284188832955, 0.09079743473756464, 0.03495291953858029]
Recall: -1.0
[132, 135, 433]
[0.0, 0.30434782608695654, 0.8784119106699751]
[0.22155284188832955, 0.09079743473756464, 0.03495291953858029]
Accuracy: -1.0
[132, 135, 433]
[0.32575757575757575, 0.5925925925925926, 0.8752886836027713]
[0.22155284188832955, 0.09079743473756464, 0.03495291953858029]
FScore: -1.0
[132, 135, 433]
[0.0, 0.3373493975903615, 0.9291338582677167]
[0.22155284188832955, 0.09079743473756464, 0.03495291953858029]
Matthews: -1.0
[132, 135, 433]
[-0.12356041264304309, 0.048794405409741996, 0.4801474647633899]
[0.22155284188832955, 0.09079743473756464, 0.03495291953858029]

Analysis for ring (7400)
Precision: -0.5
[746, 1246, 5408]
[0.9183673469387755, 0.8722826086956522, 0.9191321499013807]
[0.2616908150129116, 0.09830033981788235, 0.030448214289170276]
Recall: -1.0
[746, 1246, 5408]
[0.30991735537190085, 0.9084905660377358, 0.9925452609158679]
[0.2616908150129116, 0.09830033981788235, 0.030448214289170276]
Accuracy: -1.0
[746, 1246, 5408]
[0.30160857908847183, 0.8089887640449438, 0.9670857988165681]
[0.2616908150129116, 0.09830033981788235, 0.030448214289170276]
FScore: -1.0
[746, 1246, 5408]
[0.4634397528321318, 0.8900184842883548, 0.9544290834613415]
[0.2616908150129116, 0.09830033981788235, 0.030448214289170276]
Matthews: -1.0
[746, 1246, 5408]
[-0.23734632314931256, 0.16869559687551672, 0.9304083342725608]
[0.2616908150129116, 0.09830033981788235, 0.030448214289170276]

Analysis for spambase (4550)
Precision: -1.0
[694, 1085, 2771]
[0.1271186440677966, 0.9237472766884531, 0.994754411063424]
[0.2518339688909065, 0.09666185974984921, 0.020927476251542683]
Recall: -1.0
[694, 1085, 2771]
[0.2542372881355932, 0.8076190476190476, 0.9853566367501181]
[0.2518339688909065, 0.09666185974984921, 0.020927476251542683]
Accuracy: -1.0
[694, 1085, 2771]
[0.5763688760806917, 0.8746543778801843, 0.9848430169613858]
[0.2518339688909065, 0.09666185974984921, 0.020927476251542683]
FScore: -1.0
[694, 1085, 2771]
[0.1694915254237288, 0.8617886178861788, 0.9900332225913623]
[0.2518339688909065, 0.09666185974984921, 0.020927476251542683]
Matthews: -1.0
[694, 1085, 2771]
[-0.08199564131353056, 0.7537126794556069, 0.9585977052873678]
[0.2518339688909065, 0.09666185974984921, 0.020927476251542683]

Analysis for twonorm (7400)
Precision: -1.0
[465, 4600, 2335]
[0.6507936507936508, 1.0, 0.9991356957649092]
[0.14962133923642806, 0.007646598721774351, 0.039325559757508614]
Recall: -0.8660254037844386
[465, 4600, 2335]
[0.6949152542372882, 1.0, 1.0]
[0.14962133923642806, 0.007646598721774351, 0.039325559757508614]
Accuracy: -1.0
[465, 4600, 2335]
[0.6559139784946236, 1.0, 0.9995717344753747]
[0.14962133923642806, 0.007646598721774351, 0.039325559757508614]
FScore: -1.0
[465, 4600, 2335]
[0.6721311475409837, 1.0, 0.9995676610462603]
[0.14962133923642806, 0.007646598721774351, 0.039325559757508614]
Matthews: -1.0
[465, 4600, 2335]
[0.31169881110427594, 1.0, 0.9991437596395656]
[0.14962133923642806, 0.007646598721774351, 0.039325559757508614]

Analysis for wdbc (560)
Precision: 0.8660254037844386
[61, 65, 434]
[1.0, 1.0, 0.8210526315789474]
[0.07832395566703801, 0.02193814683826183, 0.003206287051347882]
Recall: -1.0
[61, 65, 434]
[0.819672131147541, 0.9230769230769231, 0.975]
[0.07832395566703801, 0.02193814683826183, 0.003206287051347882]
Accuracy: -1.0
[61, 65, 434]
[0.819672131147541, 0.9230769230769231, 0.956221198156682]
[0.07832395566703801, 0.02193814683826183, 0.003206287051347882]
FScore: 0.5
[61, 65, 434]
[0.9009009009009009, 0.9600000000000001, 0.8914285714285713]
[0.07832395566703801, 0.02193814683826183, 0.003206287051347882]
Matthews: -0.8660254037844386
[61, 65, 434]
[0.0, 0.0, 0.8692688544920657]
[0.07832395566703801, 0.02193814683826183, 0.003206287051347882]
