MultiResolutionExperiment(3, 10, MultiResolutionTransform(20, 0.20))

Analysis for appendicitis (100)
Precision: -0.8660254037844386
[5, 79, 16]
[0.0, 1.0, 0.0]
[0.2604941048702343, 0.006717039556673798, 0.12187790678562059]
Recall: -0.8660254037844386
[5, 79, 16]
[0.0, 0.9743589743589743, 0.0]
[0.2604941048702343, 0.006717039556673798, 0.12187790678562059]
Accuracy: -1.0
[5, 79, 16]
[0.0, 0.9746835443037974, 0.5625]
[0.2604941048702343, 0.006717039556673798, 0.12187790678562059]
FScore: -0.8660254037844386
[5, 79, 16]
[0.0, 0.9870129870129869, 0.0]
[0.2604941048702343, 0.006717039556673798, 0.12187790678562059]
Matthews: -0.5
[5, 79, 16]
[0.0, 0.5699002761767402, -0.2548235957188128]
[0.2604941048702343, 0.006717039556673798, 0.12187790678562059]

Analysis for banana (5300)
Precision: -1.0
[1814, 2841, 645]
[0.9832402234636871, 1.0, 0.047337278106508875]
[0.1148925665353252, 0.028103833867182654, 0.3203347878003467]
Recall: -1.0
[1814, 2841, 645]
[0.8595848595848596, 0.9964503042596349, 0.12030075187969924]
[0.1148925665353252, 0.028103833867182654, 0.3203347878003467]
Accuracy: -1.0
[1814, 2841, 645]
[0.9299889746416758, 0.9975360788454769, 0.31937984496124033]
[0.1148925665353252, 0.028103833867182654, 0.3203347878003467]
FScore: -1.0
[1814, 2841, 645]
[0.9172638436482086, 0.9982219964439929, 0.06794055201698514]
[0.1148925665353252, 0.028103833867182654, 0.3203347878003467]
Matthews: -1.0
[1814, 2841, 645]
[0.862875427023391, 0.9942272385266542, -0.41201622033862184]
[0.1148925665353252, 0.028103833867182654, 0.3203347878003467]

Analysis for breast-cancer-original (650)
Precision: NaN
[417, 49, 184]
[1.0, 1.0, 1.0]
[0.0011006245690623464, 0.11970303937830126, 0.028239572598655564]
Recall: -1.0
[417, 49, 184]
[0.9903381642512077, 0.09090909090909091, 0.5]
[0.0011006245690623464, 0.11970303937830126, 0.028239572598655564]
Accuracy: -1.0
[417, 49, 184]
[0.9904076738609112, 0.7959183673469388, 0.9891304347826086]
[0.0011006245690623464, 0.11970303937830126, 0.028239572598655564]
FScore: -1.0
[417, 49, 184]
[0.9951456310679612, 0.16666666666666669, 0.6666666666666666]
[0.0011006245690623464, 0.11970303937830126, 0.028239572598655564]
Matthews: -0.5
[417, 49, 184]
[0.6514834163829085, 0.2682716849943299, 0.7032108464077431]
[0.0011006245690623464, 0.11970303937830126, 0.028239572598655564]

Analysis for mammographic-masses (960)
Precision: -1.0
[141, 521, 298]
[0.24050632911392406, 0.9969512195121951, 0.6357142857142857]
[0.3092661653819055, 0.03692929228053282, 0.13600177204645514]
Recall: -1.0
[141, 521, 298]
[0.25333333333333335, 0.993920972644377, 0.8018018018018018]
[0.3092661653819055, 0.03692929228053282, 0.13600177204645514]
Accuracy: -1.0
[141, 521, 298]
[0.1773049645390071, 0.9942418426103646, 0.7550335570469798]
[0.3092661653819055, 0.03692929228053282, 0.13600177204645514]
FScore: -1.0
[141, 521, 298]
[0.24675324675324678, 0.995433789954338, 0.7091633466135457]
[0.3092661653819055, 0.03692929228053282, 0.13600177204645514]
Matthews: -1.0
[141, 521, 298]
[-0.6592293363210489, 0.9876500112266627, 0.5125150056594064]
[0.3092661653819055, 0.03692929228053282, 0.13600177204645514]

Analysis for phoneme (5400)
Precision: 1.0
[1141, 3158, 1101]
[0.6105834464043419, 0.0, 0.9972067039106145]
[0.12935173921638532, 0.015930915083159136, 0.2728971135408303]
Recall: 0.5
[1141, 3158, 1101]
[0.9221311475409836, 0.0, 0.650865998176846]
[0.12935173921638532, 0.015930915083159136, 0.2728971135408303]
Accuracy: -1.0
[1141, 3158, 1101]
[0.7151621384750219, 0.9680177327422419, 0.6503178928247049]
[0.12935173921638532, 0.015930915083159136, 0.2728971135408303]
FScore: 1.0
[1141, 3158, 1101]
[0.7346938775510203, 0.0, 0.7876447876447876]
[0.12935173921638532, 0.015930915083159136, 0.2728971135408303]
Matthews: 0.5
[1141, 3158, 1101]
[0.49928493755686965, 0.0, 0.019034339187897497]
[0.12935173921638532, 0.015930915083159136, 0.2728971135408303]

Analysis for pima (700)
Precision: -1.0
[184, 157, 359]
[0.7192982456140351, 0.0, 1.0]
[0.09233100960722718, 0.19497150884703107, 0.027000434271518523]
Recall: -1.0
[184, 157, 359]
[0.45054945054945056, 0.0, 0.9159663865546218]
[0.09233100960722718, 0.19497150884703107, 0.027000434271518523]
Accuracy: -1.0
[184, 157, 359]
[0.6413043478260869, 0.3503184713375796, 0.9164345403899722]
[0.09233100960722718, 0.19497150884703107, 0.027000434271518523]
FScore: -1.0
[184, 157, 359]
[0.5540540540540542, 0.0, 0.9561403508771931]
[0.09233100960722718, 0.19497150884703107, 0.027000434271518523]
Matthews: -0.5
[184, 157, 359]
[0.30113284260211043, -0.15045676540765007, 0.23926533213080384]
[0.09233100960722718, 0.19497150884703107, 0.027000434271518523]

Analysis for ring (7400)
Precision: -0.5
[891, 4695, 1814]
[0.8954802259887006, 0.8960653303637713, 0.9116945107398569]
[0.23089178341501926, 0.029033262059595295, 0.07691815207075299]
Recall: -1.0
[891, 4695, 1814]
[0.3716295427901524, 0.9991721854304636, 0.9532127261384903]
[0.23089178341501926, 0.029033262059595295, 0.07691815207075299]
Accuracy: -1.0
[891, 4695, 1814]
[0.3569023569023569, 0.9699680511182108, 0.8770672546857773]
[0.23089178341501926, 0.029033262059595295, 0.07691815207075299]
FScore: -1.0
[891, 4695, 1814]
[0.5252692626346314, 0.9448140900195695, 0.931991460811223]
[0.23089178341501926, 0.029033262059595295, 0.07691815207075299]
Matthews: -1.0
[891, 4695, 1814]
[-0.24860706583195896, 0.9268553655392007, 0.30448893284495965]
[0.23089178341501926, 0.029033262059595295, 0.07691815207075299]

Analysis for spambase (4550)
Precision: -1.0
[493, 892, 3165]
[0.1956521739130435, 0.7857142857142857, 0.9969325153374233]
[0.24473033311218534, 0.09378117590269594, 0.017616707026422995]
Recall: -1.0
[493, 892, 3165]
[0.3082191780821918, 0.7236842105263158, 0.9848484848484849]
[0.24473033311218534, 0.09378117590269594, 0.017616707026422995]
Accuracy: -1.0
[493, 892, 3165]
[0.4198782961460446, 0.8385650224215246, 0.9867298578199052]
[0.24473033311218534, 0.09378117590269594, 0.017616707026422995]
FScore: -1.0
[493, 892, 3165]
[0.23936170212765961, 0.7534246575342466, 0.9908536585365855]
[0.24473033311218534, 0.09378117590269594, 0.017616707026422995]
Matthews: -1.0
[493, 892, 3165]
[-0.20584075776231828, 0.6349098300681977, 0.9669296487217902]
[0.24473033311218534, 0.09378117590269594, 0.017616707026422995]

Analysis for twonorm (7400)
Precision: -0.8660254037844386
[1803, 5235, 362]
[1.0, 1.0, 0.521505376344086]
[0.042501312540983355, 0.006948085997191032, 0.15958456736417936]
Recall: -0.8660254037844386
[1803, 5235, 362]
[1.0, 1.0, 0.5739644970414202]
[0.042501312540983355, 0.006948085997191032, 0.15958456736417936]
Accuracy: -0.8660254037844386
[1803, 5235, 362]
[1.0, 1.0, 0.5552486187845304]
[0.042501312540983355, 0.006948085997191032, 0.15958456736417936]
FScore: -0.8660254037844386
[1803, 5235, 362]
[1.0, 1.0, 0.5464788732394366]
[0.042501312540983355, 0.006948085997191032, 0.15958456736417936]
Matthews: -0.8660254037844386
[1803, 5235, 362]
[1.0, 1.0, 0.11261934725963595]
[0.042501312540983355, 0.006948085997191032, 0.15958456736417936]

Analysis for wdbc (560)
Precision: 0.8660254037844386
[89, 111, 360]
[1.0, 1.0, 0.2608695652173913]
[0.04323224487223399, 0.015789765879132035, 0.0014504417449369691]
Recall: -1.0
[89, 111, 360]
[0.8202247191011236, 0.9819819819819819, 1.0]
[0.04323224487223399, 0.015789765879132035, 0.0014504417449369691]
Accuracy: -0.5
[89, 111, 360]
[0.8202247191011236, 0.9819819819819819, 0.9527777777777777]
[0.04323224487223399, 0.015789765879132035, 0.0014504417449369691]
FScore: 0.5
[89, 111, 360]
[0.9012345679012346, 0.9909090909090909, 0.41379310344827586]
[0.04323224487223399, 0.015789765879132035, 0.0014504417449369691]
Matthews: -0.8660254037844386
[89, 111, 360]
[0.0, 0.0, 0.49833917238117104]
[0.04323224487223399, 0.015789765879132035, 0.0014504417449369691]
