MultiResolutionExperiment(3, 10, MultiResolutionTransform(10, 0.15))

Analysis for appendicitis (100)
Precision: -0.8660254037844386
[10, 77, 13]
[0.0, 1.0, 1.0]
[0.22510460575789745, 0.004271020719286942, 0.09822469150598515]
Recall: -1.0
[10, 77, 13]
[0.0, 0.9868421052631579, 0.25]
[0.22510460575789745, 0.004271020719286942, 0.09822469150598515]
Accuracy: -1.0
[10, 77, 13]
[0.0, 0.987012987012987, 0.7692307692307693]
[0.22510460575789745, 0.004271020719286942, 0.09822469150598515]
FScore: -1.0
[10, 77, 13]
[0.0, 0.9933774834437086, 0.4]
[0.22510460575789745, 0.004271020719286942, 0.09822469150598515]
Matthews: -1.0
[10, 77, 13]
[0.0, 0.7024393586862705, 0.4330127018922193]
[0.22510460575789745, 0.004271020719286942, 0.09822469150598515]

Analysis for banana (5300)
Precision: -1.0
[642, 2855, 1803]
[0.05588235294117647, 1.0, 0.9819193324061196]
[0.34079919343750054, 0.02402025572962001, 0.11781681093815365]
Recall: -1.0
[642, 2855, 1803]
[0.13970588235294118, 0.9979633401221996, 0.8567961165048543]
[0.34079919343750054, 0.02402025572962001, 0.11781681093815365]
Accuracy: -1.0
[642, 2855, 1803]
[0.3177570093457944, 0.998598949211909, 0.9273433166943982]
[0.34079919343750054, 0.02402025572962001, 0.11781681093815365]
FScore: -1.0
[642, 2855, 1803]
[0.07983193277310925, 0.9989806320081549, 0.915100453661698]
[0.34079919343750054, 0.02402025572962001, 0.11781681093815365]
Matthews: -1.0
[642, 2855, 1803]
[-0.40497426397462577, 0.9967462910739614, 0.8581631055441713]
[0.34079919343750054, 0.02402025572962001, 0.11781681093815365]

Analysis for breast-cancer-original (650)
Precision: NaN
[424, 51, 175]
[1.0, 1.0, 1.0]
[0.001395833347519628, 0.13273907497451456, 0.031173165357752157]
Recall: -1.0
[424, 51, 175]
[0.9903381642512077, 0.09090909090909091, 0.5]
[0.001395833347519628, 0.13273907497451456, 0.031173165357752157]
Accuracy: -1.0
[424, 51, 175]
[0.9905660377358491, 0.803921568627451, 0.9885714285714285]
[0.001395833347519628, 0.13273907497451456, 0.031173165357752157]
FScore: -1.0
[424, 51, 175]
[0.9951456310679612, 0.16666666666666669, 0.6666666666666666]
[0.001395833347519628, 0.13273907497451456, 0.031173165357752157]
Matthews: -1.0
[424, 51, 175]
[0.8410614739937723, 0.26967994498529685, 0.7030075769002713]
[0.001395833347519628, 0.13273907497451456, 0.031173165357752157]

Analysis for mammographic-masses (960)
Precision: -1.0
[138, 529, 293]
[0.21518987341772153, 0.9969604863221885, 0.6474820143884892]
[0.33502173322625856, 0.038558998583498594, 0.14859579755258445]
Recall: -1.0
[138, 529, 293]
[0.24285714285714285, 0.9939393939393939, 0.782608695652174]
[0.33502173322625856, 0.038558998583498594, 0.14859579755258445]
Accuracy: -1.0
[138, 529, 293]
[0.16666666666666666, 0.994328922495274, 0.7474402730375427]
[0.33502173322625856, 0.038558998583498594, 0.14859579755258445]
FScore: -1.0
[138, 529, 293]
[0.22818791946308725, 0.9954476479514416, 0.7086614173228347]
[0.33502173322625856, 0.038558998583498594, 0.14859579755258445]
Matthews: -1.0
[138, 529, 293]
[-0.6759740610962016, 0.9879368943325406, 0.4961120994736514]
[0.33502173322625856, 0.038558998583498594, 0.14859579755258445]

Analysis for phoneme (5400)
Precision: 1.0
[1203, 3142, 1055]
[0.6297709923664122, 0.0, 0.9955357142857143]
[0.13864391440790025, 0.016502003529301566, 0.29809145161091455]
Recall: 0.5
[1203, 3142, 1055]
[0.9217877094972067, 0.0, 0.6383587786259542]
[0.13864391440790025, 0.016502003529301566, 0.29809145161091455]
Accuracy: -1.0
[1203, 3142, 1055]
[0.7231920199501247, 0.9694462126034373, 0.637914691943128]
[0.13864391440790025, 0.016502003529301566, 0.29809145161091455]
FScore: 1.0
[1203, 3142, 1055]
[0.7482993197278912, 0.0, 0.7779069767441861]
[0.13864391440790025, 0.016502003529301566, 0.29809145161091455]
Matthews: 0.5
[1203, 3142, 1055]
[0.5064692107358914, 0.0, 0.03541807351064392]
[0.13864391440790025, 0.016502003529301566, 0.29809145161091455]

Analysis for pima (700)
Precision: -1.0
[187, 157, 356]
[0.6721311475409836, 0.010309278350515464, 1.0]
[0.09462866107689809, 0.2085871083412698, 0.02864662484253412]
Recall: -1.0
[187, 157, 356]
[0.45054945054945056, 0.25, 0.9183098591549296]
[0.09462866107689809, 0.2085871083412698, 0.02864662484253412]
Accuracy: -1.0
[187, 157, 356]
[0.6256684491978609, 0.36942675159235666, 0.9185393258426966]
[0.09462866107689809, 0.2085871083412698, 0.02864662484253412]
FScore: -1.0
[187, 157, 356]
[0.5394736842105263, 0.0198019801980198, 0.9574155653450807]
[0.09462866107689809, 0.2085871083412698, 0.02864662484253412]
Matthews: -0.5
[187, 157, 356]
[0.25823146590916785, -0.12239812824986394, 0.1749580768026948]
[0.09462866107689809, 0.2085871083412698, 0.02864662484253412]

Analysis for ring (7400)
Precision: -1.0
[872, 4793, 1735]
[0.8794117647058823, 0.9085910652920962, 0.904551201011378]
[0.25154386026879005, 0.030659156384158448, 0.08687785004864645]
Recall: -1.0
[872, 4793, 1735]
[0.3602409638554217, 0.999244142101285, 0.9470549305095963]
[0.25154386026879005, 0.030659156384158448, 0.08687785004864645]
Accuracy: -1.0
[872, 4793, 1735]
[0.3440366972477064, 0.972042562069685, 0.8668587896253602]
[0.25154386026879005, 0.030659156384158448, 0.08687785004864645]
FScore: -1.0
[872, 4793, 1735]
[0.5111111111111111, 0.9517638588912888, 0.9253152279340445]
[0.25154386026879005, 0.030659156384158448, 0.08687785004864645]
Matthews: -1.0
[872, 4793, 1735]
[-0.27040426196260353, 0.9342330906984785, 0.3227653198054125]
[0.25154386026879005, 0.030659156384158448, 0.08687785004864645]

Analysis for spambase (4550)
Precision: -1.0
[446, 827, 3277]
[0.18433179723502305, 0.7509578544061303, 0.9956784788245462]
[0.2699552162868015, 0.1097971548387018, 0.018982680589353765]
Recall: -1.0
[446, 827, 3277]
[0.29411764705882354, 0.6925795053003534, 0.9841947885519009]
[0.2699552162868015, 0.1097971548387018, 0.018982680589353765]
Accuracy: -1.0
[446, 827, 3277]
[0.38789237668161436, 0.8162031438935913, 0.9856576136710405]
[0.2699552162868015, 0.1097971548387018, 0.018982680589353765]
FScore: -1.0
[446, 827, 3277]
[0.22662889518413598, 0.7205882352941176, 0.9899033297529537]
[0.2699552162868015, 0.1097971548387018, 0.018982680589353765]
Matthews: -1.0
[446, 827, 3277]
[-0.2550042212721361, 0.5850462770129327, 0.9653497443139785]
[0.2699552162868015, 0.1097971548387018, 0.018982680589353765]

Analysis for twonorm (7400)
Precision: -0.8660254037844386
[1707, 5324, 369]
[1.0, 1.0, 0.531578947368421]
[0.046033485647559304, 0.006990500684892634, 0.17287748039774725]
Recall: -0.8660254037844386
[1707, 5324, 369]
[1.0, 1.0, 0.5838150289017341]
[0.046033485647559304, 0.006990500684892634, 0.17287748039774725]
Accuracy: -0.8660254037844386
[1707, 5324, 369]
[1.0, 1.0, 0.5636856368563685]
[0.046033485647559304, 0.006990500684892634, 0.17287748039774725]
FScore: -0.8660254037844386
[1707, 5324, 369]
[1.0, 1.0, 0.556473829201102]
[0.046033485647559304, 0.006990500684892634, 0.17287748039774725]
Matthews: -0.8660254037844386
[1707, 5324, 369]
[1.0, 1.0, 0.1295387072893942]
[0.046033485647559304, 0.006990500684892634, 0.17287748039774725]

Analysis for wdbc (560)
Precision: 0.8660254037844386
[99, 107, 354]
[1.0, 1.0, 0.0]
[0.0503138945662156, 0.01834039690714294, 0.0016905451653726655]
Recall: 0.5
[99, 107, 354]
[0.8383838383838383, 0.9813084112149533, 0.0]
[0.0503138945662156, 0.01834039690714294, 0.0016905451653726655]
Accuracy: -0.5
[99, 107, 354]
[0.8383838383838383, 0.9813084112149533, 0.9519774011299436]
[0.0503138945662156, 0.01834039690714294, 0.0016905451653726655]
FScore: 0.5
[99, 107, 354]
[0.9120879120879121, 0.9905660377358491, 0.0]
[0.0503138945662156, 0.01834039690714294, 0.0016905451653726655]
Matthews: NaN
[99, 107, 354]
[0.0, 0.0, 0.0]
[0.0503138945662156, 0.01834039690714294, 0.0016905451653726655]
