MultiResolutionExperiment(4, 10, MultiResolutionTransform(50, 0.25))

Analysis for appendicitis (100)
Precision: -0.8944271909999159
[1, 76, 18, 5]
[0.0, 1.0, 0.0, 1.0]
[0.3572092623376315, 0.004291233613781463, 0.1496539187519145, 0.08623872671192559]
Recall: -0.9486832980505139
[1, 76, 18, 5]
[0.0, 0.9868421052631579, 0.0, 0.25]
[0.3572092623376315, 0.004291233613781463, 0.1496539187519145, 0.08623872671192559]
Accuracy: -0.8
[1, 76, 18, 5]
[0.0, 0.9868421052631579, 0.5, 0.4]
[0.3572092623376315, 0.004291233613781463, 0.1496539187519145, 0.08623872671192559]
FScore: -0.9486832980505139
[1, 76, 18, 5]
[0.0, 0.9933774834437086, 0.0, 0.4]
[0.3572092623376315, 0.004291233613781463, 0.1496539187519145, 0.08623872671192559]
Matthews: -0.25819888974716104
[1, 76, 18, 5]
[0.0, 0.0, 0.0, 0.25]
[0.3572092623376315, 0.004291233613781463, 0.1496539187519145, 0.08623872671192559]

Analysis for banana (5300)
Precision: -0.8
[2883, 549, 806, 1062]
[1.0, 0.012422360248447204, 0.9844357976653697, 0.9540229885057471]
[0.032969820821600465, 0.3180802909456922, 0.15574769050531054, 0.09657239762268376]
Recall: -1.0
[2883, 549, 806, 1062]
[0.9985089463220675, 0.05970149253731343, 0.7463126843657817, 0.9940119760479041]
[0.032969820821600465, 0.3180802909456922, 0.15574769050531054, 0.09657239762268376]
Accuracy: -1.0
[2883, 549, 806, 1062]
[0.9989594172736732, 0.30601092896174864, 0.7766749379652605, 0.9915254237288136]
[0.032969820821600465, 0.3180802909456922, 0.15574769050531054, 0.09657239762268376]
FScore: -1.0
[2883, 549, 806, 1062]
[0.9992539169360856, 0.020565552699228787, 0.8489932885906041, 0.9736070381231672]
[0.032969820821600465, 0.3180802909456922, 0.15574769050531054, 0.09657239762268376]
Matthews: -1.0
[2883, 549, 806, 1062]
[0.9975377537096582, -0.3988477685746091, 0.5199768383348841, 0.9688515775340112]
[0.032969820821600465, 0.3180802909456922, 0.15574769050531054, 0.09657239762268376]

Analysis for breast-cancer-original (650)
Precision: -0.7745966692414834
[414, 13, 59, 164]
[1.0, 0.0, 1.0, 1.0]
[0.0010081269334027926, 0.177059630821758, 0.07565867594161418, 0.02261914563806748]
Recall: -0.8
[414, 13, 59, 164]
[0.9903381642512077, 0.0, 0.4, 0.3333333333333333]
[0.0010081269334027926, 0.177059630821758, 0.07565867594161418, 0.02261914563806748]
Accuracy: -1.0
[414, 13, 59, 164]
[0.9903381642512077, 0.46153846153846156, 0.9491525423728814, 0.9878048780487805]
[0.0010081269334027926, 0.177059630821758, 0.07565867594161418, 0.02261914563806748]
FScore: -0.8
[414, 13, 59, 164]
[0.9951456310679612, 0.0, 0.5714285714285715, 0.5]
[0.0010081269334027926, 0.177059630821758, 0.07565867594161418, 0.02261914563806748]
Matthews: 0.1054092553389458
[414, 13, 59, 164]
[0.0, 0.0, 0.6155870112510924, 0.5737973107145337]
[0.0010081269334027926, 0.177059630821758, 0.07565867594161418, 0.02261914563806748]

Analysis for mammographic-masses (960)
Precision: -1.0
[133, 121, 170, 536]
[0.44155844155844154, 0.25, 0.7763157894736842, 0.9969325153374233]
[0.18087290970502568, 0.312708155015913, 0.10424494688857872, 0.03935236723933181]
Recall: -1.0
[133, 121, 170, 536]
[0.7391304347826086, 0.25, 0.7972972972972973, 0.9938837920489296]
[0.18087290970502568, 0.312708155015913, 0.10424494688857872, 0.03935236723933181]
Accuracy: -1.0
[133, 121, 170, 536]
[0.5864661654135338, 0.15702479338842976, 0.8117647058823529, 0.9944029850746269]
[0.18087290970502568, 0.312708155015913, 0.10424494688857872, 0.03935236723933181]
FScore: -1.0
[133, 121, 170, 536]
[0.5528455284552846, 0.25, 0.7866666666666666, 0.9954058192955589]
[0.18087290970502568, 0.312708155015913, 0.10424494688857872, 0.03935236723933181]
Matthews: -1.0
[133, 121, 170, 536]
[0.23591098148713865, -0.7122641509433962, 0.6184752053872353, 0.9882535430079036]
[0.18087290970502568, 0.312708155015913, 0.10424494688857872, 0.03935236723933181]

Analysis for phoneme (5400)
Precision: 0.9486832980505138
[842, 763, 2957, 838]
[0.0, 0.9881305637982196, 0.0, 0.9979959919839679]
[0.11195860383129179, 0.15153650031795599, 0.01149479675577917, 0.28322748635799877]
Recall: 0.7378647873726218
[842, 763, 2957, 838]
[0.0, 0.8903743315508021, 0.0, 0.5949820788530465]
[0.11195860383129179, 0.15153650031795599, 0.01149479675577917, 0.28322748635799877]
Accuracy: -0.8
[842, 763, 2957, 838]
[0.6163895486935868, 0.8820445609436435, 0.9803855258708151, 0.594272076372315]
[0.11195860383129179, 0.15153650031795599, 0.01149479675577917, 0.28322748635799877]
FScore: 0.7378647873726218
[842, 763, 2957, 838]
[0.0, 0.9367088607594937, 0.0, 0.7455089820359281]
[0.11195860383129179, 0.15153650031795599, 0.01149479675577917, 0.28322748635799877]
Matthews: -0.31622776601683794
[842, 763, 2957, 838]
[0.0, 0.15441502813694352, 0.0, -0.02848963251105807]
[0.11195860383129179, 0.15153650031795599, 0.01149479675577917, 0.28322748635799877]

Analysis for pima (700)
Precision: -0.9486832980505138
[109, 143, 135, 313]
[0.041666666666666664, 0.0, 1.0, 1.0]
[0.0889748350008772, 0.19613223956474718, 0.084468139034831, 0.021123934451032205]
Recall: -1.0
[109, 143, 135, 313]
[0.16666666666666666, 0.0, 0.5725190839694656, 0.9389067524115756]
[0.0889748350008772, 0.19613223956474718, 0.084468139034831, 0.021123934451032205]
Accuracy: -0.8
[109, 143, 135, 313]
[0.7431192660550459, 0.3356643356643357, 0.5851851851851851, 0.939297124600639]
[0.0889748350008772, 0.19613223956474718, 0.084468139034831, 0.021123934451032205]
FScore: -1.0
[109, 143, 135, 313]
[0.06666666666666667, 0.0, 0.7281553398058253, 0.9684908789386402]
[0.0889748350008772, 0.19613223956474718, 0.084468139034831, 0.021123934451032205]
Matthews: -1.0
[109, 143, 135, 313]
[-0.03117157333125298, -0.16242838028929626, 0.19536616629114087, 0.2990312537275399]
[0.0889748350008772, 0.19613223956474718, 0.084468139034831, 0.021123934451032205]

Analysis for ring (7400)
Precision: -0.6000000000000001
[678, 953, 4027, 1742]
[0.0, 0.9578163771712159, 0.9591439688715954, 1.0]
[0.09933264915751876, 0.21570797116467227, 0.02210783430591083, 0.059754023920166585]
Recall: -0.8
[678, 953, 4027, 1742]
[0.0, 0.41239316239316237, 1.0, 0.9644087256027555]
[0.09933264915751876, 0.21570797116467227, 0.02210783430591083, 0.059754023920166585]
Accuracy: -1.0
[678, 953, 4027, 1742]
[0.6076696165191741, 0.4050367261280168, 0.989570399801341, 0.9644087256027555]
[0.09933264915751876, 0.21570797116467227, 0.02210783430591083, 0.059754023920166585]
FScore: -0.6000000000000001
[678, 953, 4027, 1742]
[0.0, 0.5765496639283046, 0.9791459781529295, 0.9818819403857394]
[0.09933264915751876, 0.21570797116467227, 0.02210783430591083, 0.059754023920166585]
Matthews: -0.9486832980505139
[678, 953, 4027, 1742]
[0.0, -0.1574401003849446, 0.9725723599197204, 0.0]
[0.09933264915751876, 0.21570797116467227, 0.02210783430591083, 0.059754023920166585]

Analysis for spambase (4550)
Precision: -1.0
[334, 918, 544, 2754]
[0.10982658959537572, 0.924119241192412, 0.577639751552795, 0.9990426041168023]
[0.26612002658377226, 0.05899724724239021, 0.13794764871108953, 0.01382120247051808]
Recall: -1.0
[334, 918, 544, 2754]
[0.20430107526881722, 0.8611111111111112, 0.5740740740740741, 0.9895685158843054]
[0.26612002658377226, 0.05899724724239021, 0.13794764871108953, 0.01382120247051808]
Accuracy: -1.0
[334, 918, 544, 2754]
[0.31736526946107785, 0.9095860566448801, 0.7481617647058824, 0.9912854030501089]
[0.26612002658377226, 0.05899724724239021, 0.13794764871108953, 0.01382120247051808]
FScore: -1.0
[334, 918, 544, 2754]
[0.14285714285714285, 0.8915032679738563, 0.5758513931888545, 0.9942829919009052]
[0.26612002658377226, 0.05899724724239021, 0.13794764871108953, 0.01382120247051808]
Matthews: -1.0
[334, 918, 544, 2754]
[-0.38994801811063695, 0.8156626295837384, 0.39677271343536885, 0.9761599651370543]
[0.26612002658377226, 0.05899724724239021, 0.13794764871108953, 0.01382120247051808]

Analysis for twonorm (7400)
Precision: -0.9486832980505138
[238, 3923, 811, 2428]
[0.3170731707317073, 1.0, 0.9883177570093458, 1.0]
[0.17785034662365873, 0.004798341260086536, 0.06919403958240236, 0.0218911757515744]
Recall: -0.9486832980505138
[238, 3923, 811, 2428]
[0.3644859813084112, 1.0, 0.990632318501171, 1.0]
[0.17785034662365873, 0.004798341260086536, 0.06919403958240236, 0.0218911757515744]
Accuracy: -0.9486832980505138
[238, 3923, 811, 2428]
[0.36134453781512604, 1.0, 0.9889025893958077, 1.0]
[0.17785034662365873, 0.004798341260086536, 0.06919403958240236, 0.0218911757515744]
FScore: -0.9486832980505138
[238, 3923, 811, 2428]
[0.3391304347826087, 1.0, 0.9894736842105264, 1.0]
[0.17785034662365873, 0.004798341260086536, 0.06919403958240236, 0.0218911757515744]
Matthews: -0.9486832980505138
[238, 3923, 811, 2428]
[-0.27548043940368977, 1.0, 0.9777426801705552, 1.0]
[0.17785034662365873, 0.004798341260086536, 0.06919403958240236, 0.0218911757515744]

Analysis for wdbc (560)
Precision: 0.7745966692414834
[76, 89, 40, 355]
[1.0, 1.0, 1.0, 0.05555555555555555]
[0.0432499217601209, 0.018377869618324223, 0.0060248685421061925, 0.0013640986118739207]
Recall: -0.9486832980505138
[76, 89, 40, 355]
[0.8157894736842105, 0.9550561797752809, 1.0, 1.0]
[0.0432499217601209, 0.018377869618324223, 0.0060248685421061925, 0.0013640986118739207]
Accuracy: -0.39999999999999997
[76, 89, 40, 355]
[0.8157894736842105, 0.9550561797752809, 1.0, 0.952112676056338]
[0.0432499217601209, 0.018377869618324223, 0.0060248685421061925, 0.0013640986118739207]
FScore: 0.2000000000000001
[76, 89, 40, 355]
[0.898550724637681, 0.9770114942528736, 1.0, 0.10526315789473684]
[0.0432499217601209, 0.018377869618324223, 0.0060248685421061925, 0.0013640986118739207]
Matthews: -0.7745966692414834
[76, 89, 40, 355]
[0.0, 0.0, 0.0, 0.22997311450712662]
[0.0432499217601209, 0.018377869618324223, 0.0060248685421061925, 0.0013640986118739207]
