MultiResolutionExperiment(3, 10, MultiResolutionTransform(40, 0.30)

Analysis for appendicitis (100)
Precision: -0.8660254037844386
[7, 78, 15]
[0.0, 1.0, 0.0]
[0.27503676854751574, 0.007031150099397692, 0.08343955610270128]
Recall: -0.8660254037844386
[7, 78, 15]
[0.0, 0.987012987012987, 0.0]
[0.27503676854751574, 0.007031150099397692, 0.08343955610270128]
Accuracy: -1.0
[7, 78, 15]
[0.14285714285714285, 0.9871794871794872, 0.5333333333333333]
[0.27503676854751574, 0.007031150099397692, 0.08343955610270128]
FScore: -0.8660254037844386
[7, 78, 15]
[0.0, 0.9934640522875817, 0.0]
[0.27503676854751574, 0.007031150099397692, 0.08343955610270128]
Matthews: -0.5
[7, 78, 15]
[0.0, 0.7025001733142089, -0.30151134457776363]
[0.27503676854751574, 0.007031150099397692, 0.08343955610270128]

Analysis for banana (5300)
Precision: -1.0
[619, 2989, 1692]
[0.027190332326283987, 0.9970573810691515, 0.9907550077041603]
[0.31171968400988104, 0.04207370193839332, 0.13212190393065254]
Recall: -1.0
[619, 2989, 1692]
[0.08490566037735849, 0.9955925563173359, 0.8286082474226805]
[0.31171968400988104, 0.04207370193839332, 0.13212190393065254]
Accuracy: -1.0
[619, 2989, 1692]
[0.32310177705977383, 0.9949815991970559, 0.9178486997635934]
[0.31171968400988104, 0.04207370193839332, 0.13212190393065254]
FScore: -1.0
[619, 2989, 1692]
[0.041189931350114416, 0.9963244302866945, 0.9024561403508773]
[0.31171968400988104, 0.04207370193839332, 0.13212190393065254]
Matthews: -1.0
[619, 2989, 1692]
[-0.409940599223273, 0.9884198739693926, 0.8423965321085773]
[0.31171968400988104, 0.04207370193839332, 0.13212190393065254]

Analysis for breast-cancer-original (650)
Precision: -0.8660254037844386
[572, 17, 61]
[1.0, 0.0, 1.0]
[0.0012800012955355479, 0.16102846611543917, 0.043760589295795085]
Recall: -1.0
[572, 17, 61]
[0.9879807692307693, 0.0, 0.2857142857142857]
[0.0012800012955355479, 0.16102846611543917, 0.043760589295795085]
Accuracy: -1.0
[572, 17, 61]
[0.9912587412587412, 0.6470588235294118, 0.9180327868852459]
[0.0012800012955355479, 0.16102846611543917, 0.043760589295795085]
FScore: -1.0
[572, 17, 61]
[0.9939540507859734, 0.0, 0.4444444444444445]
[0.0012800012955355479, 0.16102846611543917, 0.043760589295795085]
Matthews: -1.0
[572, 17, 61]
[0.9784161367465086, 0.0, 0.5113718907544225]
[0.0012800012955355479, 0.16102846611543917, 0.043760589295795085]

Analysis for mammographic-masses (960)
Precision: -1.0
[134, 512, 314]
[0.2911392405063291, 0.9910979228486647, 0.5954198473282443]
[0.3174014099868055, 0.039871467324016883, 0.13111701954308863]
Recall: -1.0
[134, 512, 314]
[0.2987012987012987, 0.9823529411764705, 0.7959183673469388]
[0.3174014099868055, 0.039871467324016883, 0.13111701954308863]
Accuracy: -1.0
[134, 512, 314]
[0.1791044776119403, 0.982421875, 0.767515923566879]
[0.3174014099868055, 0.039871467324016883, 0.13111701954308863]
FScore: -1.0
[134, 512, 314]
[0.2948717948717949, 0.9867060561299853, 0.6812227074235807]
[0.3174014099868055, 0.039871467324016883, 0.13111701954308863]
Matthews: -1.0
[134, 512, 314]
[-0.6872081708968428, 0.9608531116681125, 0.5173374375678024]
[0.3174014099868055, 0.039871467324016883, 0.13111701954308863]

Analysis for phoneme (5400)
Precision: 1.0
[1036, 3084, 1280]
[0.477891156462585, 0.024390243902439025, 0.996606334841629]
[0.11356811399308524, 0.01586253154645837, 0.26006689077892137]
Recall: -1.0
[1036, 3084, 1280]
[0.9064516129032258, 1.0, 0.6920659858601729]
[0.11356811399308524, 0.01586253154645837, 0.26006689077892137]
Accuracy: -0.5
[1036, 3084, 1280]
[0.6756756756756757, 0.9740596627756161, 0.69140625]
[0.11356811399308524, 0.01586253154645837, 0.26006689077892137]
FScore: 1.0
[1036, 3084, 1280]
[0.6258351893095769, 0.047619047619047616, 0.8168752897542884]
[0.11356811399308524, 0.01586253154645837, 0.26006689077892137]
Matthews: -0.5
[1036, 3084, 1280]
[0.44698787711636884, 0.15413352062033614, 0.042039848789494676]
[0.11356811399308524, 0.01586253154645837, 0.26006689077892137]

Analysis for pima (700)
Precision: -1.0
[131, 135, 434]
[0.0, 0.3611111111111111, 0.9861111111111112]
[0.2251933410642553, 0.09226347197608903, 0.03571128073690323]
Recall: -1.0
[131, 135, 434]
[0.0, 0.29545454545454547, 0.8765432098765432]
[0.2251933410642553, 0.09226347197608903, 0.03571128073690323]
Accuracy: -1.0
[131, 135, 434]
[0.32061068702290074, 0.6, 0.8732718894009217]
[0.2251933410642553, 0.09226347197608903, 0.03571128073690323]
FScore: -1.0
[131, 135, 434]
[0.0, 0.325, 0.9281045751633987]
[0.2251933410642553, 0.09226347197608903, 0.03571128073690323]
Matthews: -1.0
[131, 135, 434]
[-0.12546870979549432, 0.04526684522208283, 0.4675325893441599]
[0.2251933410642553, 0.09226347197608903, 0.03571128073690323]

Analysis for ring (7400)
Precision: 0.5
[740, 1244, 5416]
[0.9208333333333333, 0.8729582577132486, 0.9184275184275185]
[0.26558695907755553, 0.10038806236714017, 0.03096087601159203]
Recall: -1.0
[740, 1244, 5416]
[0.3065187239944521, 0.9075471698113208, 0.9925650557620818]
[0.26558695907755553, 0.10038806236714017, 0.03096087601159203]
Accuracy: -1.0
[740, 1244, 5416]
[0.29864864864864865, 0.8086816720257235, 0.9667651403249631]
[0.26558695907755553, 0.10038806236714017, 0.03096087601159203]
FScore: -1.0
[740, 1244, 5416]
[0.45993756503642036, 0.8899167437557818, 0.9540581929555897]
[0.26558695907755553, 0.10038806236714017, 0.03096087601159203]
Matthews: -1.0
[740, 1244, 5416]
[-0.23430877281293988, 0.16375353481531227, 0.9298014747498274]
[0.26558695907755553, 0.10038806236714017, 0.03096087601159203]

Analysis for spambase (4550)
Precision: -1.0
[693, 1082, 2775]
[0.1271186440677966, 0.9232456140350878, 0.9947619047619047]
[0.2546603267393141, 0.09816680439790483, 0.0213066167066279]
Recall: -1.0
[693, 1082, 2775]
[0.2564102564102564, 0.8049713193116634, 0.9853773584905661]
[0.2546603267393141, 0.09816680439790483, 0.0213066167066279]
Accuracy: -1.0
[693, 1082, 2775]
[0.5772005772005772, 0.8733826247689463, 0.9848648648648649]
[0.2546603267393141, 0.09816680439790483, 0.0213066167066279]
FScore: -1.0
[693, 1082, 2775]
[0.16997167138810196, 0.8600612870275791, 0.9900473933649289]
[0.2546603267393141, 0.09816680439790483, 0.0213066167066279]
Matthews: -1.0
[693, 1082, 2775]
[-0.08001905919637975, 0.7512793267372926, 0.9586588759511667]
[0.2546603267393141, 0.09816680439790483, 0.0213066167066279]

Analysis for twonorm (7400)
Precision: -1.0
[482, 4519, 2399]
[0.6641221374045801, 1.0, 0.9991546914623838]
[0.14907189409620347, 0.007675119354324123, 0.03903429221019095]
Recall: -0.8660254037844386
[482, 4519, 2399]
[0.7073170731707317, 1.0, 1.0]
[0.14907189409620347, 0.007675119354324123, 0.03903429221019095]
Accuracy: -1.0
[482, 4519, 2399]
[0.6680497925311203, 1.0, 0.9995831596498541]
[0.14907189409620347, 0.007675119354324123, 0.03903429221019095]
FScore: -1.0
[482, 4519, 2399]
[0.68503937007874, 1.0, 0.9995771670190275]
[0.14907189409620347, 0.007675119354324123, 0.03903429221019095]
Matthews: -1.0
[482, 4519, 2399]
[0.3356403939915775, 1.0, 0.9991664993179526]
[0.14907189409620347, 0.007675119354324123, 0.03903429221019095]

Analysis for wdbc (560)
Precision: 0.8660254037844386
[61, 65, 434]
[1.0, 1.0, 0.8210526315789474]
[0.08074097397097854, 0.022962666700984343, 0.0033337441061540595]
Recall: -1.0
[61, 65, 434]
[0.819672131147541, 0.9230769230769231, 0.975]
[0.08074097397097854, 0.022962666700984343, 0.0033337441061540595]
Accuracy: -1.0
[61, 65, 434]
[0.819672131147541, 0.9230769230769231, 0.956221198156682]
[0.08074097397097854, 0.022962666700984343, 0.0033337441061540595]
FScore: 0.5
[61, 65, 434]
[0.9009009009009009, 0.9600000000000001, 0.8914285714285713]
[0.08074097397097854, 0.022962666700984343, 0.0033337441061540595]
Matthews: -0.8660254037844386
[61, 65, 434]
[0.0, 0.0, 0.8692688544920657]
[0.08074097397097854, 0.022962666700984343, 0.0033337441061540595]
