MultiResolutionExperiment(4, 10, MultiResolutionTransform(40, 0.20))

Analysis for appendicitis (100)
Precision: -0.447213595499958
[9, 76, 11, 4]
[0.0, 1.0, 0.0, 1.0]
[0.07939727854865748, 0.0038498236415312535, 0.18960556025196398, 0.09670338305338395]
Recall: -0.632455532033676
[9, 76, 11, 4]
[0.0, 0.9868421052631579, 0.0, 0.25]
[0.07939727854865748, 0.0038498236415312535, 0.18960556025196398, 0.09670338305338395]
Accuracy: -0.8
[9, 76, 11, 4]
[1.0, 0.9868421052631579, 0.09090909090909091, 0.25]
[0.07939727854865748, 0.0038498236415312535, 0.18960556025196398, 0.09670338305338395]
FScore: -0.632455532033676
[9, 76, 11, 4]
[0.0, 0.9933774834437086, 0.0, 0.4]
[0.07939727854865748, 0.0038498236415312535, 0.18960556025196398, 0.09670338305338395]
Matthews: NaN
[9, 76, 11, 4]
[0.0, 0.0, 0.0, 0.0]
[0.07939727854865748, 0.0038498236415312535, 0.18960556025196398, 0.09670338305338395]

Analysis for banana (5300)
Precision: -0.8
[2860, 521, 855, 1064]
[1.0, 0.012578616352201259, 0.9732510288065843, 0.9656862745098039]
[0.02648273863559379, 0.32332211947018963, 0.15922956722512144, 0.07978818468991364]
Recall: -1.0
[2860, 521, 855, 1064]
[0.9985104270109235, 0.06060606060606061, 0.7321981424148607, 0.9949494949494949]
[0.02648273863559379, 0.32332211947018963, 0.15922956722512144, 0.07978818468991364]
Accuracy: -1.0
[2860, 521, 855, 1064]
[0.9989510489510489, 0.2783109404990403, 0.7824561403508772, 0.9924812030075187]
[0.02648273863559379, 0.32332211947018963, 0.15922956722512144, 0.07978818468991364]
FScore: -1.0
[2860, 521, 855, 1064]
[0.9992546583850932, 0.020833333333333336, 0.8356890459363958, 0.9800995024875622]
[0.02648273863559379, 0.32332211947018963, 0.15922956722512144, 0.07978818468991364]
Matthews: -1.0
[2860, 521, 855, 1064]
[0.9974879054981695, -0.429352962237862, 0.58134114633031, 0.9756309619350959]
[0.02648273863559379, 0.32332211947018963, 0.15922956722512144, 0.07978818468991364]

Analysis for breast-cancer-original (650)
Precision: -0.7745966692414834
[416, 12, 61, 161]
[1.0, 0.0, 1.0, 1.0]
[0.0010062143374952018, 0.17824255423042576, 0.07340639323151271, 0.021079696904092154]
Recall: -0.8
[416, 12, 61, 161]
[0.9903381642512077, 0.0, 0.4, 0.3333333333333333]
[0.0010062143374952018, 0.17824255423042576, 0.07340639323151271, 0.021079696904092154]
Accuracy: -1.0
[416, 12, 61, 161]
[0.9903846153846154, 0.4166666666666667, 0.9508196721311475, 0.9875776397515528]
[0.0010062143374952018, 0.17824255423042576, 0.07340639323151271, 0.021079696904092154]
FScore: -0.8
[416, 12, 61, 161]
[0.9951456310679612, 0.0, 0.5714285714285715, 0.5]
[0.0010062143374952018, 0.17824255423042576, 0.07340639323151271, 0.021079696904092154]
Matthews: -0.4000000000000002
[416, 12, 61, 161]
[0.5745543676773063, 0.0, 0.6161663873899261, 0.5737304826019501]
[0.0010062143374952018, 0.17824255423042576, 0.07340639323151271, 0.021079696904092154]

Analysis for mammographic-masses (960)
Precision: -1.0
[134, 123, 168, 535]
[0.45454545454545453, 0.2463768115942029, 0.7733333333333333, 0.9969325153374233]
[0.18040752946568758, 0.30770791464911734, 0.09887308605246338, 0.03702856263368494]
Recall: -1.0
[134, 123, 168, 535]
[0.7291666666666666, 0.25, 0.8055555555555556, 0.9938837920489296]
[0.18040752946568758, 0.30770791464911734, 0.09887308605246338, 0.03702856263368494]
Accuracy: -1.0
[134, 123, 168, 535]
[0.5895522388059702, 0.16260162601626016, 0.8154761904761905, 0.994392523364486]
[0.18040752946568758, 0.30770791464911734, 0.09887308605246338, 0.03702856263368494]
FScore: -1.0
[134, 123, 168, 535]
[0.56, 0.24817518248175185, 0.7891156462585034, 0.9954058192955589]
[0.18040752946568758, 0.30770791464911734, 0.09887308605246338, 0.03702856263368494]
Matthews: -1.0
[134, 123, 168, 535]
[0.23352519836905902, -0.6967598641572255, 0.6256275224873565, 0.9882192473917086]
[0.18040752946568758, 0.30770791464911734, 0.09887308605246338, 0.03702856263368494]

Analysis for phoneme (5400)
Precision: 1.0
[848, 771, 2947, 834]
[0.015337423312883436, 0.9823269513991163, 0.0, 0.9979716024340771]
[0.10923056102690046, 0.1451896620240349, 0.010726351003408473, 0.2798759346085697]
Recall: 0.2000000000000001
[848, 771, 2947, 834]
[1.0, 0.890520694259012, 0.0, 0.592057761732852]
[0.10923056102690046, 0.1451896620240349, 0.010726351003408473, 0.2798759346085697]
Accuracy: -0.8
[848, 771, 2947, 834]
[0.6214622641509434, 0.8780804150453956, 0.9809976247030879, 0.592326139088729]
[0.10923056102690046, 0.1451896620240349, 0.010726351003408473, 0.2798759346085697]
FScore: 0.8
[848, 771, 2947, 834]
[0.030211480362537766, 0.934173669467787, 0.0, 0.743202416918429]
[0.10923056102690046, 0.1451896620240349, 0.010726351003408473, 0.2798759346085697]
Matthews: 0.39999999999999997
[848, 771, 2947, 834]
[0.0974535505095121, 0.17722533472701055, 0.0, 0.03150633788694001]
[0.10923056102690046, 0.1451896620240349, 0.010726351003408473, 0.2798759346085697]

Analysis for pima (700)
Precision: -0.6324555320336759
[133, 147, 106, 314]
[1.0, 0.010416666666666666, 0.045454545454545456, 1.0]
[0.08248202061680797, 0.1872608030670212, 0.08150947080114927, 0.01979654389494564]
Recall: -0.39999999999999997
[133, 147, 106, 314]
[0.5625, 0.3333333333333333, 0.14285714285714285, 0.9423076923076923]
[0.08248202061680797, 0.1872608030670212, 0.08150947080114927, 0.01979654389494564]
Accuracy: -1.0
[133, 147, 106, 314]
[0.5789473684210527, 0.3401360544217687, 0.7452830188679245, 0.9426751592356688]
[0.08248202061680797, 0.1872608030670212, 0.08150947080114927, 0.01979654389494564]
FScore: -0.8
[133, 147, 106, 314]
[0.72, 0.0202020202020202, 0.06896551724137931, 0.9702970297029703]
[0.08248202061680797, 0.1872608030670212, 0.08150947080114927, 0.01979654389494564]
Matthews: -0.8
[133, 147, 106, 314]
[0.2147243753677006, -0.09695194691646603, -0.04241540680144031, 0.30697030675746023]
[0.08248202061680797, 0.1872608030670212, 0.08150947080114927, 0.01979654389494564]

Analysis for ring (7400)
Precision: -0.6000000000000001
[701, 884, 4230, 1585]
[0.0, 0.936231884057971, 0.9681782020684169, 1.0]
[0.09659011728690842, 0.21670922518951632, 0.020632341892422162, 0.06340195831829852]
Recall: -0.8
[701, 884, 4230, 1585]
[0.0, 0.37514518002322883, 0.9991789819376026, 0.9539432176656152]
[0.09659011728690842, 0.21670922518951632, 0.020632341892422162, 0.06340195831829852]
Accuracy: -1.0
[701, 884, 4230, 1585]
[0.6248216833095578, 0.3665158371040724, 0.990307328605201, 0.9539432176656152]
[0.09659011728690842, 0.21670922518951632, 0.020632341892422162, 0.06340195831829852]
FScore: -0.8
[701, 884, 4230, 1585]
[0.0, 0.5356550580431179, 0.9834343434343434, 0.976428802066516]
[0.09659011728690842, 0.21670922518951632, 0.020632341892422162, 0.06340195831829852]
Matthews: -0.9486832980505139
[701, 884, 4230, 1585]
[0.0, -0.1897226057268171, 0.9768285829925121, 0.0]
[0.09659011728690842, 0.21670922518951632, 0.020632341892422162, 0.06340195831829852]

Analysis for spambase (4550)
Precision: -1.0
[315, 901, 542, 2792]
[0.1130952380952381, 0.9232876712328767, 0.5602409638554217, 0.9990444338270426]
[0.2649826993302492, 0.05751268014958935, 0.13441449930876154, 0.012581520842301248]
Recall: -1.0
[315, 901, 542, 2792]
[0.2, 0.8531645569620253, 0.5886075949367089, 0.9900568181818182]
[0.2649826993302492, 0.05751268014958935, 0.13441449930876154, 0.012581520842301248]
Accuracy: -1.0
[315, 901, 542, 2792]
[0.2857142857142857, 0.904550499445061, 0.7453874538745388, 0.9917621776504298]
[0.2649826993302492, 0.05751268014958935, 0.13441449930876154, 0.012581520842301248]
FScore: -1.0
[315, 901, 542, 2792]
[0.14448669201520914, 0.8868421052631579, 0.5740740740740742, 0.9945303210463734]
[0.2649826993302492, 0.05751268014958935, 0.13441449930876154, 0.012581520842301248]
Matthews: -1.0
[315, 901, 542, 2792]
[-0.4390626083213805, 0.8064075282245062, 0.3928965823738584, 0.9780166423255238]
[0.2649826993302492, 0.05751268014958935, 0.13441449930876154, 0.012581520842301248]

Analysis for twonorm (7400)
Precision: -0.9486832980505138
[217, 4124, 754, 2305]
[0.2222222222222222, 1.0, 0.9877750611246944, 1.0]
[0.17864202299007656, 0.003984925788496084, 0.06996668948956344, 0.020797432276359544]
Recall: -0.9486832980505138
[217, 4124, 754, 2305]
[0.2608695652173913, 1.0, 0.9901960784313726, 1.0]
[0.17864202299007656, 0.003984925788496084, 0.06996668948956344, 0.020797432276359544]
Accuracy: -0.9486832980505138
[217, 4124, 754, 2305]
[0.2995391705069124, 1.0, 0.9880636604774535, 1.0]
[0.17864202299007656, 0.003984925788496084, 0.06996668948956344, 0.020797432276359544]
FScore: -0.9486832980505138
[217, 4124, 754, 2305]
[0.24, 1.0, 0.9889840881272951, 1.0]
[0.17864202299007656, 0.003984925788496084, 0.06996668948956344, 0.020797432276359544]
Matthews: -0.9486832980505138
[217, 4124, 754, 2305]
[-0.40635295377559233, 1.0, 0.9759630104949385, 1.0]
[0.17864202299007656, 0.003984925788496084, 0.06996668948956344, 0.020797432276359544]

Analysis for wdbc (560)
Precision: 0.7745966692414834
[71, 91, 43, 355]
[1.0, 1.0, 1.0, 0.05555555555555555]
[0.04049406870163231, 0.01719589780659832, 0.005715703588291432, 0.001193326762380991]
Recall: -1.0
[71, 91, 43, 355]
[0.8169014084507042, 0.9560439560439561, 0.9767441860465116, 1.0]
[0.04049406870163231, 0.01719589780659832, 0.005715703588291432, 0.001193326762380991]
Accuracy: -0.39999999999999997
[71, 91, 43, 355]
[0.8169014084507042, 0.9560439560439561, 0.9767441860465116, 0.952112676056338]
[0.04049406870163231, 0.01719589780659832, 0.005715703588291432, 0.001193326762380991]
FScore: 0.2000000000000001
[71, 91, 43, 355]
[0.8992248062015504, 0.9775280898876404, 0.988235294117647, 0.10526315789473684]
[0.04049406870163231, 0.01719589780659832, 0.005715703588291432, 0.001193326762380991]
Matthews: -0.7745966692414834
[71, 91, 43, 355]
[0.0, 0.0, 0.0, 0.22997311450712662]
[0.04049406870163231, 0.01719589780659832, 0.005715703588291432, 0.001193326762380991]
