MultiResolutionExperiment(4, 10, MultiResolutionTransform(40, 0.25))

Analysis for appendicitis (100)
Precision: -0.8944271909999159
[1, 76, 18, 5]
[0.0, 1.0, 0.0, 1.0]
[0.3547988055852589, 0.004325896242103125, 0.15059726180184024, 0.08765836822800835]
Recall: -0.9486832980505139
[1, 76, 18, 5]
[0.0, 0.9868421052631579, 0.0, 0.25]
[0.3547988055852589, 0.004325896242103125, 0.15059726180184024, 0.08765836822800835]
Accuracy: -0.8
[1, 76, 18, 5]
[0.0, 0.9868421052631579, 0.5, 0.4]
[0.3547988055852589, 0.004325896242103125, 0.15059726180184024, 0.08765836822800835]
FScore: -0.9486832980505139
[1, 76, 18, 5]
[0.0, 0.9933774834437086, 0.0, 0.4]
[0.3547988055852589, 0.004325896242103125, 0.15059726180184024, 0.08765836822800835]
Matthews: -0.25819888974716104
[1, 76, 18, 5]
[0.0, 0.0, 0.0, 0.25]
[0.3547988055852589, 0.004325896242103125, 0.15059726180184024, 0.08765836822800835]

Analysis for banana (5300)
Precision: -0.8
[2877, 551, 805, 1067]
[1.0, 0.012422360248447204, 0.9844054580896686, 0.9545454545454546]
[0.033527075661101906, 0.32086819688676643, 0.15732610011657913, 0.09784152400573581]
Recall: -1.0
[2877, 551, 805, 1067]
[0.9985082048731975, 0.06153846153846154, 0.7437407952871871, 0.9940828402366864]
[0.033527075661101906, 0.32086819688676643, 0.15732610011657913, 0.09784152400573581]
Accuracy: -1.0
[2877, 551, 805, 1067]
[0.9989572471324296, 0.3121597096188748, 0.7739130434782608, 0.9915651358950328]
[0.033527075661101906, 0.32086819688676643, 0.15732610011657913, 0.09784152400573581]
FScore: -1.0
[2877, 551, 805, 1067]
[0.999253545658124, 0.020671834625323, 0.8473154362416108, 0.9739130434782608]
[0.033527075661101906, 0.32086819688676643, 0.15732610011657913, 0.09784152400573581]
Matthews: -1.0
[2877, 551, 805, 1067]
[0.9975274988466926, -0.3879935706644688, 0.5140883854883567, 0.9691686210324221]
[0.033527075661101906, 0.32086819688676643, 0.15732610011657913, 0.09784152400573581]

Analysis for breast-cancer-original (650)
Precision: -0.7745966692414834
[414, 17, 62, 157]
[1.0, 0.0, 1.0, 1.0]
[0.0010306184175003143, 0.16311472223591575, 0.07219706140841238, 0.02175783708074419]
Recall: -0.8
[414, 17, 62, 157]
[0.9903381642512077, 0.0, 0.4, 0.3333333333333333]
[0.0010306184175003143, 0.16311472223591575, 0.07219706140841238, 0.02175783708074419]
Accuracy: -1.0
[414, 17, 62, 157]
[0.9903381642512077, 0.5882352941176471, 0.9516129032258065, 0.9872611464968153]
[0.0010306184175003143, 0.16311472223591575, 0.07219706140841238, 0.02175783708074419]
FScore: -0.8
[414, 17, 62, 157]
[0.9951456310679612, 0.0, 0.5714285714285715, 0.5]
[0.0010306184175003143, 0.16311472223591575, 0.07219706140841238, 0.02175783708074419]
Matthews: 0.1054092553389458
[414, 17, 62, 157]
[0.0, 0.0, 0.6164414002968976, 0.5736373672101819]
[0.0010306184175003143, 0.16311472223591575, 0.07219706140841238, 0.02175783708074419]

Analysis for mammographic-masses (960)
Precision: -1.0
[136, 121, 168, 535]
[0.45569620253164556, 0.25, 0.7702702702702703, 0.9969325153374233]
[0.18137789014035963, 0.31539970297178627, 0.10511194961285149, 0.039829500021580304]
Recall: -1.0
[136, 121, 168, 535]
[0.7346938775510204, 0.25, 0.8028169014084507, 0.9938837920489296]
[0.18137789014035963, 0.31539970297178627, 0.10511194961285149, 0.039829500021580304]
Accuracy: -1.0
[136, 121, 168, 535]
[0.5882352941176471, 0.15702479338842976, 0.8154761904761905, 0.994392523364486]
[0.18137789014035963, 0.31539970297178627, 0.10511194961285149, 0.039829500021580304]
FScore: -1.0
[136, 121, 168, 535]
[0.5624999999999999, 0.25, 0.7862068965517242, 0.9954058192955589]
[0.18137789014035963, 0.31539970297178627, 0.10511194961285149, 0.039829500021580304]
Matthews: -1.0
[136, 121, 168, 535]
[0.2339457853606415, -0.7122641509433962, 0.6244388775395529, 0.9882192473917086]
[0.18137789014035963, 0.31539970297178627, 0.10511194961285149, 0.039829500021580304]

Analysis for phoneme (5400)
Precision: 0.9486832980505138
[842, 738, 2961, 859]
[0.0, 0.9893939393939394, 0.0, 0.998046875]
[0.11393716992648899, 0.15168390516007482, 0.011732120649792049, 0.28479933379781575]
Recall: 0.7378647873726218
[842, 738, 2961, 859]
[0.0, 0.8982118294360385, 0.0, 0.5955710955710956]
[0.11393716992648899, 0.15168390516007482, 0.011732120649792049, 0.28479933379781575]
Accuracy: -0.8
[842, 738, 2961, 859]
[0.6152019002375297, 0.8902439024390244, 0.9804120229652145, 0.5948777648428405]
[0.11393716992648899, 0.15168390516007482, 0.011732120649792049, 0.28479933379781575]
FScore: 0.7378647873726218
[842, 738, 2961, 859]
[0.0, 0.9416005767844268, 0.0, 0.745985401459854]
[0.11393716992648899, 0.15168390516007482, 0.011732120649792049, 0.28479933379781575]
Matthews: -0.31622776601683794
[842, 738, 2961, 859]
[0.0, 0.1032033655455966, 0.0, -0.02810516329720758]
[0.11393716992648899, 0.15168390516007482, 0.011732120649792049, 0.28479933379781575]

Analysis for pima (700)
Precision: -0.9486832980505138
[136, 146, 109, 309]
[1.0, 0.0, 0.045454545454545456, 1.0]
[0.08557089679814757, 0.19754398162372955, 0.0884762164828209, 0.020896688120302282]
Recall: -1.0
[136, 146, 109, 309]
[0.5777777777777777, 0.0, 0.16666666666666666, 0.9413680781758957]
[0.08557089679814757, 0.19754398162372955, 0.0884762164828209, 0.020896688120302282]
Accuracy: -0.8
[136, 146, 109, 309]
[0.5808823529411765, 0.3356164383561644, 0.7614678899082569, 0.941747572815534]
[0.08557089679814757, 0.19754398162372955, 0.0884762164828209, 0.020896688120302282]
FScore: -1.0
[136, 146, 109, 309]
[0.732394366197183, 0.0, 0.07142857142857144, 0.9697986577181208]
[0.08557089679814757, 0.19754398162372955, 0.0884762164828209, 0.020896688120302282]
Matthews: -1.0
[136, 146, 109, 309]
[0.09980824526939039, -0.16084607454019234, -0.021147675207339477, 0.30681722216588425]
[0.08557089679814757, 0.19754398162372955, 0.0884762164828209, 0.020896688120302282]

Analysis for ring (7400)
Precision: -0.6000000000000001
[689, 939, 4023, 1749]
[0.0, 0.9560723514211886, 0.9584942084942085, 1.0]
[0.09987868824615, 0.22001487372758985, 0.022353988659336955, 0.06167454302473257]
Recall: -0.8
[689, 939, 4023, 1749]
[0.0, 0.40130151843817785, 1.0, 0.9656946826758147]
[0.09987868824615, 0.22001487372758985, 0.022353988659336955, 0.06167454302473257]
Accuracy: -1.0
[689, 939, 4023, 1749]
[0.6153846153846154, 0.39403620873269435, 0.9893114591101169, 0.9656946826758147]
[0.09987868824615, 0.22001487372758985, 0.022353988659336955, 0.06167454302473257]
FScore: -0.6000000000000001
[689, 939, 4023, 1749]
[0.0, 0.5653170359052712, 0.9788072942336127, 0.9825479930191973]
[0.09987868824615, 0.22001487372758985, 0.022353988659336955, 0.06167454302473257]
Matthews: -0.9486832980505139
[689, 939, 4023, 1749]
[0.0, -0.16217094839309443, 0.9720554590332642, 0.0]
[0.09987868824615, 0.22001487372758985, 0.022353988659336955, 0.06167454302473257]

Analysis for spambase (4550)
Precision: -1.0
[338, 922, 547, 2743]
[0.11494252873563218, 0.9247311827956989, 0.5802469135802469, 0.9990403071017274]
[0.26882663635482007, 0.05933064781213811, 0.13869637214633027, 0.013970924977417408]
Recall: -1.0
[338, 922, 547, 2743]
[0.2127659574468085, 0.85785536159601, 0.5766871165644172, 0.9904852521408183]
[0.26882663635482007, 0.05933064781213811, 0.13869637214633027, 0.013970924977417408]
Accuracy: -1.0
[338, 922, 547, 2743]
[0.3254437869822485, 0.9078091106290672, 0.7495429616087751, 0.991979584396646]
[0.26882663635482007, 0.05933064781213811, 0.13869637214633027, 0.013970924977417408]
FScore: -1.0
[338, 922, 547, 2743]
[0.1492537313432836, 0.890038809831824, 0.5784615384615384, 0.9947443860487338]
[0.26882663635482007, 0.05933064781213811, 0.13869637214633027, 0.013970924977417408]
Matthews: -1.0
[338, 922, 547, 2743]
[-0.3750894517935141, 0.8125593248841763, 0.4003143270788347, 0.9779836411214167]
[0.26882663635482007, 0.05933064781213811, 0.13869637214633027, 0.013970924977417408]

Analysis for twonorm (7400)
Precision: -0.9486832980505138
[234, 3921, 814, 2431]
[0.29411764705882354, 1.0, 0.988399071925754, 1.0]
[0.18079105497536743, 0.004950675505596751, 0.07056745015062561, 0.022408749471245663]
Recall: -0.9486832980505138
[234, 3921, 814, 2431]
[0.33980582524271846, 1.0, 0.9906976744186047, 1.0]
[0.18079105497536743, 0.004950675505596751, 0.07056745015062561, 0.022408749471245663]
Accuracy: -0.9486832980505138
[234, 3921, 814, 2431]
[0.3504273504273504, 1.0, 0.9889434889434889, 1.0]
[0.18079105497536743, 0.004950675505596751, 0.07056745015062561, 0.022408749471245663]
FScore: -0.9486832980505138
[234, 3921, 814, 2431]
[0.31531531531531537, 1.0, 0.9895470383275262, 1.0]
[0.18079105497536743, 0.004950675505596751, 0.07056745015062561, 0.022408749471245663]
Matthews: -0.9486832980505138
[234, 3921, 814, 2431]
[-0.2992936559781085, 1.0, 0.977816014484885, 1.0]
[0.18079105497536743, 0.004950675505596751, 0.07056745015062561, 0.022408749471245663]

Analysis for wdbc (560)
Precision: 0.7745966692414834
[68, 89, 48, 355]
[1.0, 1.0, 1.0, 0.05555555555555555]
[0.04617325477349585, 0.020727129485173922, 0.007489086290515187, 0.001404807002430549]
Recall: -1.0
[68, 89, 48, 355]
[0.8088235294117647, 0.9550561797752809, 0.9791666666666666, 1.0]
[0.04617325477349585, 0.020727129485173922, 0.007489086290515187, 0.001404807002430549]
Accuracy: -0.39999999999999997
[68, 89, 48, 355]
[0.8088235294117647, 0.9550561797752809, 0.9791666666666666, 0.952112676056338]
[0.04617325477349585, 0.020727129485173922, 0.007489086290515187, 0.001404807002430549]
FScore: 0.2000000000000001
[68, 89, 48, 355]
[0.8943089430894309, 0.9770114942528736, 0.9894736842105264, 0.10526315789473684]
[0.04617325477349585, 0.020727129485173922, 0.007489086290515187, 0.001404807002430549]
Matthews: -0.7745966692414834
[68, 89, 48, 355]
[0.0, 0.0, 0.0, 0.22997311450712662]
[0.04617325477349585, 0.020727129485173922, 0.007489086290515187, 0.001404807002430549]
