MultiResolutionExperiment(4, 10, MultiResolutionTransform(30, 0.10)

Analysis for appendicitis (100)
Precision: -0.9486832980505138
[2, 14, 7, 77]
[1.0, 0.2, 0.0, 1.0]
[0.02308221927578529, 0.03656445844649986, 0.20627872740874595, 0.002973601284222969]
Recall: -0.8
[2, 14, 7, 77]
[1.0, 0.5, 0.0, 0.9605263157894737]
[0.02308221927578529, 0.03656445844649986, 0.20627872740874595, 0.002973601284222969]
Accuracy: -0.8
[2, 14, 7, 77]
[1.0, 0.6428571428571429, 0.14285714285714285, 0.961038961038961]
[0.02308221927578529, 0.03656445844649986, 0.20627872740874595, 0.002973601284222969]
FScore: -0.8
[2, 14, 7, 77]
[1.0, 0.28571428571428575, 0.0, 0.9798657718120806]
[0.02308221927578529, 0.03656445844649986, 0.20627872740874595, 0.002973601284222969]
Matthews: -0.6324555320336759
[2, 14, 7, 77]
[0.0, 0.12171612389003691, 0.0, 0.4900322223562124]
[0.02308221927578529, 0.03656445844649986, 0.20627872740874595, 0.002973601284222969]

Analysis for banana (5300)
Precision: -0.8
[2864, 705, 449, 1282]
[0.9966178128523112, 0.9, 0.0, 0.9971181556195965]
[0.00968504250254197, 0.17330008572706943, 0.32921320867445447, 0.06697116357132203]
Recall: -1.0
[2864, 705, 449, 1282]
[0.9988700564971752, 0.596816976127321, 0.0, 0.9732770745428974]
[0.00968504250254197, 0.17330008572706943, 0.32921320867445447, 0.06697116357132203]
Accuracy: -1.0
[2864, 705, 449, 1282]
[0.9972067039106145, 0.7489361702127659, 0.18262806236080179, 0.983619344773791]
[0.00968504250254197, 0.17330008572706943, 0.32921320867445447, 0.06697116357132203]
FScore: -1.0
[2864, 705, 449, 1282]
[0.997742663656885, 0.7177033492822966, 0.0, 0.985053380782918]
[0.00968504250254197, 0.17330008572706943, 0.32921320867445447, 0.06697116357132203]
Matthews: -1.0
[2864, 705, 449, 1282]
[0.9940840276072223, 0.5427926302724758, -0.5920044494966549, 0.9672866479872518]
[0.00968504250254197, 0.17330008572706943, 0.32921320867445447, 0.06697116357132203]

Analysis for breast-cancer-original (650)
Precision: -0.7745966692414835
[580, 44, 12, 14]
[1.0, 1.0, 0.0, 1.0]
[5.066587875063813E-4, 0.023168584168919912, 0.1341509542208772, 0.07784213913839814]
Recall: -0.9486832980505139
[580, 44, 12, 14]
[0.9927360774818402, 0.25, 0.0, 0.25]
[5.066587875063813E-4, 0.023168584168919912, 0.1341509542208772, 0.07784213913839814]
Accuracy: -1.0
[580, 44, 12, 14]
[0.9948275862068966, 0.8636363636363636, 0.6666666666666666, 0.7857142857142857]
[5.066587875063813E-4, 0.023168584168919912, 0.1341509542208772, 0.07784213913839814]
FScore: -0.9486832980505139
[580, 44, 12, 14]
[0.9963547995139732, 0.4, 0.0, 0.4]
[5.066587875063813E-4, 0.023168584168919912, 0.1341509542208772, 0.07784213913839814]
Matthews: -1.0
[580, 44, 12, 14]
[0.9875308630753159, 0.4629100498862757, 0.0, 0.43852900965351466]
[5.066587875063813E-4, 0.023168584168919912, 0.1341509542208772, 0.07784213913839814]

Analysis for mammographic-masses (960)
Precision: -1.0
[117, 123, 504, 216]
[0.373134328358209, 0.2608695652173913, 0.9910179640718563, 0.7922077922077922]
[0.17825193278148668, 0.3086276271827739, 0.029444198609033603, 0.07966926779931295]
Recall: -0.8000000000000002
[117, 123, 504, 216]
[0.8064516129032258, 0.2535211267605634, 0.9851190476190477, 0.7922077922077922]
[0.17825193278148668, 0.3086276271827739, 0.029444198609033603, 0.07966926779931295]
Accuracy: -1.0
[117, 123, 504, 216]
[0.5897435897435898, 0.15447154471544716, 0.9841269841269841, 0.8518518518518519]
[0.17825193278148668, 0.3086276271827739, 0.029444198609033603, 0.07966926779931295]
FScore: -1.0
[117, 123, 504, 216]
[0.5102040816326532, 0.2571428571428571, 0.9880597014925373, 0.7922077922077922]
[0.17825193278148668, 0.3086276271827739, 0.029444198609033603, 0.07966926779931295]
Matthews: -1.0
[117, 123, 504, 216]
[0.2837549041502504, -0.7239224059449412, 0.9644299062293682, 0.6770998785387274]
[0.17825193278148668, 0.3086276271827739, 0.029444198609033603, 0.07966926779931295]

Analysis for phoneme (5400)
Precision: 0.8
[993, 719, 3067, 621]
[0.3966597077244259, 0.947098976109215, 0.5172413793103449, 1.0]
[0.09007110786789796, 0.151987532589937, 0.009280342133048208, 0.2794909695093622]
Recall: -1.0
[993, 719, 3067, 621]
[0.8962264150943396, 0.8246656760772659, 0.9493670886075949, 0.5539452495974235]
[0.09007110786789796, 0.151987532589937, 0.009280342133048208, 0.2794909695093622]
Accuracy: -0.8
[993, 719, 3067, 621]
[0.6868076535750252, 0.7927677329624478, 0.9758721878056733, 0.5539452495974235]
[0.09007110786789796, 0.151987532589937, 0.009280342133048208, 0.2794909695093622]
FScore: 0.6
[993, 719, 3067, 621]
[0.5499276410998553, 0.8816521048451151, 0.6696428571428571, 0.7129533678756477]
[0.09007110786789796, 0.151987532589937, 0.009280342133048208, 0.2794909695093622]
Matthews: -1.0
[993, 719, 3067, 621]
[0.43150424552964095, 0.09501162029031844, 0.6911345486094282, 0.0]
[0.09007110786789796, 0.151987532589937, 0.009280342133048208, 0.2794909695093622]

Analysis for pima (700)
Precision: -0.8
[144, 94, 98, 364]
[0.9746835443037974, 0.0, 0.08333333333333333, 0.9664429530201343]
[0.06832160996145518, 0.20994283335053468, 0.08801375232049276, 0.015692112792384024]
Recall: -1.0
[144, 94, 98, 364]
[0.616, 0.0, 0.2727272727272727, 0.9201277955271565]
[0.06832160996145518, 0.20994283335053468, 0.08801375232049276, 0.015692112792384024]
Accuracy: -1.0
[144, 94, 98, 364]
[0.6527777777777778, 0.23404255319148937, 0.5816326530612245, 0.9038461538461539]
[0.06832160996145518, 0.20994283335053468, 0.08801375232049276, 0.015692112792384024]
FScore: -1.0
[144, 94, 98, 364]
[0.7549019607843137, 0.0, 0.1276595744680851, 0.9427168576104746]
[0.06832160996145518, 0.20994283335053468, 0.08801375232049276, 0.015692112792384024]
Matthews: -1.0
[144, 94, 98, 364]
[0.3473431751159743, -0.18218968378839506, -0.06979062823567685, 0.652296928430675]
[0.06832160996145518, 0.20994283335053468, 0.08801375232049276, 0.015692112792384024]

Analysis for ring (7400)
Precision: -0.39999999999999997
[1559, 543, 757, 4541]
[0.7201540436456996, 0.8547008547008547, 0.8663282571912013, 0.9941798941798942]
[0.06225035564411676, 0.2649166466394002, 0.11620364793910974, 0.01592170445261663]
Recall: -1.0
[1559, 543, 757, 4541]
[0.9722703639514731, 0.19011406844106463, 0.7653213751868461, 0.9931289640591966]
[0.06225035564411676, 0.2649166466394002, 0.11620364793910974, 0.01592170445261663]
Accuracy: -1.0
[1559, 543, 757, 4541]
[0.849903784477229, 0.1841620626151013, 0.6882430647291942, 0.9947148205241136]
[0.06225035564411676, 0.2649166466394002, 0.11620364793910974, 0.01592170445261663]
FScore: -1.0
[1559, 543, 757, 4541]
[0.827433628318584, 0.3110419906687403, 0.8126984126984127, 0.9936541512427287]
[0.06225035564411676, 0.2649166466394002, 0.11620364793910974, 0.01592170445261663]
Matthews: -1.0
[1559, 543, 757, 4541]
[0.7245156485389221, -0.3430389681148709, -0.10256848484408991, 0.9891262576416926]
[0.06225035564411676, 0.2649166466394002, 0.11620364793910974, 0.01592170445261663]

Analysis for spambase (4550)
Precision: -1.0
[398, 1491, 625, 2036]
[0.10526315789473684, 0.975609756097561, 0.631578947368421, 0.9944598337950139]
[0.28605330724334693, 0.051646960269119704, 0.1400481586714106, 0.0064713054209214575]
Recall: -1.0
[398, 1491, 625, 2036]
[0.22988505747126436, 0.9398496240601504, 0.5384615384615384, 0.9883000688231246]
[0.28605330724334693, 0.051646960269119704, 0.1400481586714106, 0.0064713054209214575]
Accuracy: -1.0
[398, 1491, 625, 2036]
[0.4045226130653266, 0.9403085177733065, 0.8064, 0.987721021611002]
[0.28605330724334693, 0.051646960269119704, 0.1400481586714106, 0.0064713054209214575]
FScore: -1.0
[398, 1491, 625, 2036]
[0.1444043321299639, 0.9573958831977023, 0.5813148788927335, 0.9913703831549879]
[0.28605330724334693, 0.051646960269119704, 0.1400481586714106, 0.0064713054209214575]
Matthews: -1.0
[398, 1491, 625, 2036]
[-0.2620791871762445, 0.8595169118329916, 0.458895705560154, 0.9701507239685389]
[0.28605330724334693, 0.051646960269119704, 0.1400481586714106, 0.0064713054209214575]

Analysis for twonorm (7400)
Precision: -1.0
[194, 4860, 1774, 572]
[0.20833333333333334, 1.0, 0.9988344988344988, 0.9625]
[0.1803109922509634, 0.0025611245003770095, 0.020025840251351304, 0.07073611796268856]
Recall: -0.9486832980505139
[194, 4860, 1774, 572]
[0.24691358024691357, 1.0, 1.0, 0.9655172413793104]
[0.1803109922509634, 0.0025611245003770095, 0.020025840251351304, 0.07073611796268856]
Accuracy: -1.0
[194, 4860, 1774, 572]
[0.29381443298969073, 1.0, 0.9994363021420518, 0.9597902097902098]
[0.1803109922509634, 0.0025611245003770095, 0.020025840251351304, 0.07073611796268856]
FScore: -1.0
[194, 4860, 1774, 572]
[0.22598870056497175, 1.0, 0.9994169096209913, 0.9640062597809077]
[0.1803109922509634, 0.0025611245003770095, 0.020025840251351304, 0.07073611796268856]
Matthews: -1.0
[194, 4860, 1774, 572]
[-0.4198445912556632, 1.0, 0.9988719924430969, 0.9184677296560572]
[0.1803109922509634, 0.0025611245003770095, 0.020025840251351304, 0.07073611796268856]

Analysis for wdbc (560)
Precision: 0.7745966692414835
[22, 43, 452, 43]
[1.0, 1.0, 0.8482142857142857, 1.0]
[0.09150610596404962, 0.04059510821261794, 0.001979190312394447, 0.013501029465078805]
Recall: -1.0
[22, 43, 452, 43]
[0.7272727272727273, 0.8837209302325582, 0.9693877551020408, 0.9069767441860465]
[0.09150610596404962, 0.04059510821261794, 0.001979190312394447, 0.013501029465078805]
Accuracy: -1.0
[22, 43, 452, 43]
[0.7272727272727273, 0.8837209302325582, 0.9557522123893806, 0.9069767441860465]
[0.09150610596404962, 0.04059510821261794, 0.001979190312394447, 0.013501029465078805]
FScore: -0.4
[22, 43, 452, 43]
[0.8421052631578948, 0.9382716049382717, 0.9047619047619048, 0.951219512195122]
[0.09150610596404962, 0.04059510821261794, 0.001979190312394447, 0.013501029465078805]
Matthews: -0.7745966692414835
[22, 43, 452, 43]
[0.0, 0.0, 0.8794233311212273, 0.0]
[0.09150610596404962, 0.04059510821261794, 0.001979190312394447, 0.013501029465078805]
