MultiResolutionExperiment(4, 10, MultiResolutionTransform(10, 0.20))

Analysis for appendicitis (100)
Precision: -0.447213595499958
[9, 76, 11, 4]
[0.0, 1.0, 0.0, 1.0]
[0.10093755207063625, 0.00461291763852267, 0.23637638172541112, 0.11363891190676713]
Recall: -0.632455532033676
[9, 76, 11, 4]
[0.0, 0.9868421052631579, 0.0, 0.25]
[0.10093755207063625, 0.00461291763852267, 0.23637638172541112, 0.11363891190676713]
Accuracy: -0.8
[9, 76, 11, 4]
[1.0, 0.9868421052631579, 0.09090909090909091, 0.25]
[0.10093755207063625, 0.00461291763852267, 0.23637638172541112, 0.11363891190676713]
FScore: -0.632455532033676
[9, 76, 11, 4]
[0.0, 0.9933774834437086, 0.0, 0.4]
[0.10093755207063625, 0.00461291763852267, 0.23637638172541112, 0.11363891190676713]
Matthews: NaN
[9, 76, 11, 4]
[0.0, 0.0, 0.0, 0.0]
[0.10093755207063625, 0.00461291763852267, 0.23637638172541112, 0.11363891190676713]

Analysis for banana (5300)
Precision: -0.8
[2870, 545, 837, 1048]
[1.0, 0.015527950310559006, 0.9801587301587301, 0.9615384615384616]
[0.03407204831445169, 0.35871733935244143, 0.17682605045379618, 0.10241295680581311]
Recall: -0.8
[2870, 545, 837, 1048]
[0.9985104270109235, 0.0684931506849315, 0.7462235649546828, 1.0]
[0.03407204831445169, 0.35871733935244143, 0.17682605045379618, 0.10241295680581311]
Accuracy: -1.0
[2870, 545, 837, 1048]
[0.9989547038327526, 0.29357798165137616, 0.7873357228195937, 0.9933206106870229]
[0.03407204831445169, 0.35871733935244143, 0.17682605045379618, 0.10241295680581311]
FScore: -1.0
[2870, 545, 837, 1048]
[0.9992546583850932, 0.02531645569620253, 0.8473413379073756, 0.9803921568627451]
[0.03407204831445169, 0.35871733935244143, 0.17682605045379618, 0.10241295680581311]
Matthews: -1.0
[2870, 545, 837, 1048]
[0.997508494291241, -0.4177857719300564, 0.5725068999475025, 0.9766414547561039]
[0.03407204831445169, 0.35871733935244143, 0.17682605045379618, 0.10241295680581311]

Analysis for breast-cancer-original (650)
Precision: NaN
[416, 151, 28, 55]
[1.0, 1.0, 1.0, 1.0]
[0.0012238410726669305, 0.030345295042974334, 0.16706212243012772, 0.07603546514822425]
Recall: -0.4
[416, 151, 28, 55]
[0.9879518072289156, 0.5, 0.09090909090909091, 1.0]
[0.0012238410726669305, 0.030345295042974334, 0.16706212243012772, 0.07603546514822425]
Accuracy: -0.2000000000000001
[416, 151, 28, 55]
[0.9879807692307693, 0.9933774834437086, 0.6428571428571429, 1.0]
[0.0012238410726669305, 0.030345295042974334, 0.16706212243012772, 0.07603546514822425]
FScore: -0.4
[416, 151, 28, 55]
[0.993939393939394, 0.6666666666666666, 0.16666666666666669, 1.0]
[0.0012238410726669305, 0.030345295042974334, 0.16706212243012772, 0.07603546514822425]
Matthews: -0.2000000000000001
[416, 151, 28, 55]
[0.4057815108382251, 0.7047458170621991, 0.23924685418842448, 1.0]
[0.0012238410726669305, 0.030345295042974334, 0.16706212243012772, 0.07603546514822425]

Analysis for mammographic-masses (960)
Precision: -1.0
[159, 82, 505, 214]
[0.40625, 0.13333333333333333, 0.9968847352024922, 0.8235294117647058]
[0.23244177023426116, 0.3879431444961386, 0.04036708194261896, 0.11696059400116207]
Recall: -1.0
[159, 82, 505, 214]
[0.5735294117647058, 0.14285714285714285, 0.9937888198757764, 0.8433734939759037]
[0.23244177023426116, 0.3879431444961386, 0.04036708194261896, 0.11696059400116207]
Accuracy: -1.0
[159, 82, 505, 214]
[0.4591194968553459, 0.08536585365853659, 0.994059405940594, 0.8691588785046729]
[0.23244177023426116, 0.3879431444961386, 0.04036708194261896, 0.11696059400116207]
FScore: -1.0
[159, 82, 505, 214]
[0.47560975609756095, 0.1379310344827586, 0.9953343701399688, 0.8333333333333334]
[0.23244177023426116, 0.3879431444961386, 0.04036708194261896, 0.11696059400116207]
Matthews: -1.0
[159, 82, 505, 214]
[-0.053452338362088195, -0.8358828438843141, 0.9871690792974305, 0.7258055066827488]
[0.23244177023426116, 0.3879431444961386, 0.04036708194261896, 0.11696059400116207]

Analysis for phoneme (5400)
Precision: 0.9486832980505138
[862, 770, 2932, 836]
[0.0, 0.9867060561299852, 0.0, 0.9959839357429718]
[0.12819332649496942, 0.17731543706274108, 0.012879155873897754, 0.329841936286004]
Recall: 0.7378647873726218
[862, 770, 2932, 836]
[0.0, 0.8871181938911022, 0.0, 0.5961538461538461]
[0.12819332649496942, 0.17731543706274108, 0.012879155873897754, 0.329841936286004]
Accuracy: -0.8
[862, 770, 2932, 836]
[0.6241299303944315, 0.8779220779220779, 0.9812414733969986, 0.5956937799043063]
[0.12819332649496942, 0.17731543706274108, 0.012879155873897754, 0.329841936286004]
FScore: 0.7378647873726218
[862, 770, 2932, 836]
[0.0, 0.9342657342657343, 0.0, 0.7458646616541352]
[0.12819332649496942, 0.17731543706274108, 0.012879155873897754, 0.329841936286004]
Matthews: 0.7378647873726218
[862, 770, 2932, 836]
[0.0, 0.161292021903681, 0.0, 0.013520267927639006]
[0.12819332649496942, 0.17731543706274108, 0.012879155873897754, 0.329841936286004]

Analysis for pima (700)
Precision: -0.9486832980505138
[120, 130, 150, 300]
[0.030303030303030304, 0.0, 1.0, 1.0]
[0.11608933910471882, 0.23640951644807678, 0.09661183812077996, 0.023528518466061757]
Recall: -1.0
[120, 130, 150, 300]
[0.16666666666666666, 0.0, 0.5915492957746479, 0.9433333333333334]
[0.11608933910471882, 0.23640951644807678, 0.09661183812077996, 0.023528518466061757]
Accuracy: -0.8
[120, 130, 150, 300]
[0.6916666666666667, 0.3384615384615385, 0.6133333333333333, 0.9433333333333334]
[0.11608933910471882, 0.23640951644807678, 0.09661183812077996, 0.023528518466061757]
FScore: -1.0
[120, 130, 150, 300]
[0.05128205128205128, 0.0, 0.743362831858407, 0.9708404802744426]
[0.11608933910471882, 0.23640951644807678, 0.09661183812077996, 0.023528518466061757]
Matthews: -0.8
[120, 130, 150, 300]
[-0.05566086555881317, -0.16891598117304404, 0.2677740557678835, 0.0]
[0.11608933910471882, 0.23640951644807678, 0.09661183812077996, 0.023528518466061757]

Analysis for ring (7400)
Precision: -0.6000000000000001
[682, 944, 4007, 1767]
[0.003787878787878788, 0.9517766497461929, 0.9575936883629191, 1.0]
[0.11527443931361374, 0.25332891653505724, 0.026359035693714214, 0.07352319242902267]
Recall: -0.632455532033676
[682, 944, 4007, 1767]
[1.0, 0.40540540540540543, 1.0, 0.9649122807017544]
[0.11527443931361374, 0.25332891653505724, 0.026359035693714214, 0.07352319242902267]
Accuracy: -1.0
[682, 944, 4007, 1767]
[0.6143695014662757, 0.3972457627118644, 0.9892687796356376, 0.9649122807017544]
[0.11527443931361374, 0.25332891653505724, 0.026359035693714214, 0.07352319242902267]
FScore: -0.6000000000000001
[682, 944, 4007, 1767]
[0.007547169811320754, 0.5686125852918879, 0.978337531486146, 0.9821428571428572]
[0.11527443931361374, 0.25332891653505724, 0.026359035693714214, 0.07352319242902267]
Matthews: -0.8000000000000002
[682, 944, 4007, 1767]
[0.04821838069560725, -0.1693320506996699, 0.9716125420697214, 0.0]
[0.11527443931361374, 0.25332891653505724, 0.026359035693714214, 0.07352319242902267]

Analysis for spambase (4550)
Precision: -1.0
[301, 902, 507, 2840]
[0.11801242236024845, 0.9101449275362319, 0.5189873417721519, 0.9985902255639098]
[0.3177689306151603, 0.07594767754886093, 0.16635883877588167, 0.016816022817275462]
Recall: -1.0
[301, 902, 507, 2840]
[0.20430107526881722, 0.8351063829787234, 0.5857142857142857, 0.9879125987912599]
[0.3177689306151603, 0.07594767754886093, 0.16635883877588167, 0.016816022817275462]
Accuracy: -1.0
[301, 902, 507, 2840]
[0.2823920265780731, 0.8968957871396895, 0.7357001972386588, 0.9897887323943662]
[0.3177689306151603, 0.07594767754886093, 0.16635883877588167, 0.016816022817275462]
FScore: -1.0
[301, 902, 507, 2840]
[0.1496062992125984, 0.8710124826629682, 0.5503355704697986, 0.9932227155877541]
[0.3177689306151603, 0.07594767754886093, 0.16635883877588167, 0.016816022817275462]
Matthews: -1.0
[301, 902, 507, 2840]
[-0.4431792289400869, 0.7874211465759527, 0.3654858811082389, 0.9727566016639498]
[0.3177689306151603, 0.07594767754886093, 0.16635883877588167, 0.016816022817275462]

Analysis for twonorm (7400)
Precision: -0.9486832980505138
[218, 3981, 801, 2400]
[0.24770642201834864, 1.0, 0.9835294117647059, 1.0]
[0.21412172276021818, 0.005929410505215264, 0.08530684018274141, 0.027027710549010528]
Recall: -0.9486832980505138
[218, 3981, 801, 2400]
[0.28421052631578947, 1.0, 0.990521327014218, 1.0]
[0.21412172276021818, 0.005929410505215264, 0.08530684018274141, 0.027027710549010528]
Accuracy: -0.9486832980505138
[218, 3981, 801, 2400]
[0.3119266055045872, 1.0, 0.9862671660424469, 1.0]
[0.21412172276021818, 0.005929410505215264, 0.08530684018274141, 0.027027710549010528]
FScore: -0.9486832980505138
[218, 3981, 801, 2400]
[0.2647058823529412, 1.0, 0.987012987012987, 1.0]
[0.21412172276021818, 0.005929410505215264, 0.08530684018274141, 0.027027710549010528]
Matthews: -0.9486832980505138
[218, 3981, 801, 2400]
[-0.37928834561953917, 1.0, 0.9724713013805434, 1.0]
[0.21412172276021818, 0.005929410505215264, 0.08530684018274141, 0.027027710549010528]

Analysis for wdbc (560)
Precision: 0.8944271909999159
[110, 96, 0, 354]
[1.0, 1.0, 0.0, 0.0]
[0.05325443339391447, 0.019914295695661405, 0.0, 0.0020217338743862847]
Recall: 0.7378647873726218
[110, 96, 0, 354]
[0.8454545454545455, 0.9895833333333334, 0.0, 0.0]
[0.05325443339391447, 0.019914295695661405, 0.0, 0.0020217338743862847]
Accuracy: 0.4
[110, 96, 0, 354]
[0.8454545454545455, 0.9895833333333334, 0.0, 0.9519774011299436]
[0.05325443339391447, 0.019914295695661405, 0.0, 0.0020217338743862847]
FScore: 0.7378647873726218
[110, 96, 0, 354]
[0.916256157635468, 0.9947643979057591, 0.0, 0.0]
[0.05325443339391447, 0.019914295695661405, 0.0, 0.0020217338743862847]
Matthews: NaN
[110, 96, 0, 354]
[0.0, 0.0, 0.0, 0.0]
[0.05325443339391447, 0.019914295695661405, 0.0, 0.0020217338743862847]
