MultiResolutionExperiment(4, 10, MultiResolutionTransform(50, 0.20)

Analysis for appendicitis (100)
Precision: -0.4472135954999579
[1, 15, 7, 77]
[1.0, 0.0, 0.0, 1.0]
[0.12766453204339284, 0.060548154920935494, 0.24358122220467315, 0.004461297550001533]
Recall: -0.210818510677892
[1, 15, 7, 77]
[1.0, 0.0, 0.0, 0.9868421052631579]
[0.12766453204339284, 0.060548154920935494, 0.24358122220467315, 0.004461297550001533]
Accuracy: -0.39999999999999997
[1, 15, 7, 77]
[1.0, 0.5333333333333333, 0.14285714285714285, 0.987012987012987]
[0.12766453204339284, 0.060548154920935494, 0.24358122220467315, 0.004461297550001533]
FScore: -0.210818510677892
[1, 15, 7, 77]
[1.0, 0.0, 0.0, 0.9933774834437086]
[0.12766453204339284, 0.060548154920935494, 0.24358122220467315, 0.004461297550001533]
Matthews: -0.31622776601683794
[1, 15, 7, 77]
[0.0, -0.30151134457776363, 0.0, 0.7024393586862705]
[0.12766453204339284, 0.060548154920935494, 0.24358122220467315, 0.004461297550001533]

Analysis for banana (5300)
Precision: -1.0
[2482, 1561, 471, 786]
[0.9969586374695864, 0.9963008631319359, 0.0032258064516129032, 0.9330708661417323]
[0.01948979519970111, 0.07508059940616944, 0.3268138627826275, 0.17483010535135043]
Recall: -1.0
[2482, 1561, 471, 786]
[0.9987812309567337, 0.9770253929866989, 0.017543859649122806, 0.5939849624060151]
[0.01948979519970111, 0.07508059940616944, 0.3268138627826275, 0.17483010535135043]
Accuracy: -1.0
[2482, 1561, 471, 786]
[0.9971796937953263, 0.985906470211403, 0.22505307855626328, 0.772264631043257]
[0.01948979519970111, 0.07508059940616944, 0.3268138627826275, 0.17483010535135043]
FScore: -1.0
[2482, 1561, 471, 786]
[0.9978691019786909, 0.9865689865689865, 0.005449591280653951, 0.7258805513016846]
[0.01948979519970111, 0.07508059940616944, 0.3268138627826275, 0.17483010535135043]
Matthews: -1.0
[2482, 1561, 471, 786]
[0.9937035860538982, 0.971952365211723, -0.5011547063347758, 0.5879998286785845]
[0.01948979519970111, 0.07508059940616944, 0.3268138627826275, 0.17483010535135043]

Analysis for breast-cancer-original (650)
Precision: -0.8944271909999159
[566, 39, 16, 29]
[1.0, 1.0, 0.0, 0.0]
[7.528984289727585E-4, 0.0163710904225043, 0.14391396929871955, 0.05947596346447214]
Recall: -0.9486832980505139
[566, 39, 16, 29]
[0.9927360774818402, 0.5, 0.0, 0.0]
[7.528984289727585E-4, 0.0163710904225043, 0.14391396929871955, 0.05947596346447214]
Accuracy: -1.0
[566, 39, 16, 29]
[0.9946996466431095, 0.9230769230769231, 0.6875, 0.8275862068965517]
[7.528984289727585E-4, 0.0163710904225043, 0.14391396929871955, 0.05947596346447214]
FScore: -0.9486832980505139
[566, 39, 16, 29]
[0.9963547995139732, 0.6666666666666666, 0.0, 0.0]
[7.528984289727585E-4, 0.0163710904225043, 0.14391396929871955, 0.05947596346447214]
Matthews: -0.9486832980505139
[566, 39, 16, 29]
[0.9867345129611753, 0.6770032003863301, 0.0, 0.0]
[7.528984289727585E-4, 0.0163710904225043, 0.14391396929871955, 0.05947596346447214]

Analysis for mammographic-masses (960)
Precision: -1.0
[110, 120, 501, 229]
[0.3283582089552239, 0.2727272727272727, 0.990990990990991, 0.8024691358024691]
[0.18222188871360087, 0.313168958101028, 0.03343564988259776, 0.09368986613513369]
Recall: -0.8000000000000002
[110, 120, 501, 229]
[0.8148148148148148, 0.2535211267605634, 0.9850746268656716, 0.7926829268292683]
[0.18222188871360087, 0.313168958101028, 0.03343564988259776, 0.09368986613513369]
Accuracy: -1.0
[110, 120, 501, 229]
[0.5454545454545454, 0.15833333333333333, 0.9840319361277445, 0.8558951965065502]
[0.18222188871360087, 0.313168958101028, 0.03343564988259776, 0.09368986613513369]
FScore: -1.0
[110, 120, 501, 229]
[0.4680851063829788, 0.2627737226277372, 0.9880239520958084, 0.7975460122699387]
[0.18222188871360087, 0.313168958101028, 0.03343564988259776, 0.09368986613513369]
Matthews: -1.0
[110, 120, 501, 229]
[0.24046321693489184, -0.7173602104572858, 0.9641113905858885, 0.6857192463367481]
[0.18222188871360087, 0.313168958101028, 0.03343564988259776, 0.09368986613513369]

Analysis for phoneme (5400)
Precision: 1.0
[678, 986, 2987, 749]
[0.9717813051146384, 0.336864406779661, 0.2, 0.9977272727272727]
[0.16447174424533445, 0.0985064318816194, 0.011722117575705796, 0.2866421558938423]
Recall: -1.0
[678, 986, 2987, 749]
[0.8476923076923077, 0.9298245614035088, 0.9375, 0.5868983957219251]
[0.16447174424533445, 0.0985064318816194, 0.011722117575705796, 0.2866421558938423]
Accuracy: -0.8
[678, 986, 2987, 749]
[0.8303834808259587, 0.6703853955375254, 0.979578172079009, 0.5861148197596796]
[0.16447174424533445, 0.0985064318816194, 0.011722117575705796, 0.2866421558938423]
FScore: 0.8
[678, 986, 2987, 749]
[0.9055053410024652, 0.49455676516329694, 0.32967032967032966, 0.7390572390572391]
[0.16447174424533445, 0.0985064318816194, 0.011722117575705796, 0.2866421558938423]
Matthews: -1.0
[678, 986, 2987, 749]
[0.14856159592853566, 0.41365504206046744, 0.4279555437164544, -0.030640941278788584]
[0.16447174424533445, 0.0985064318816194, 0.011722117575705796, 0.2866421558938423]

Analysis for pima (700)
Precision: -0.39999999999999997
[113, 131, 92, 364]
[1.0, 0.0, 0.1111111111111111, 0.9803921568627451]
[0.08449590318021945, 0.20548693257089026, 0.07341753554043437, 0.021103863297202947]
Recall: -0.8
[113, 131, 92, 364]
[0.5909090909090909, 0.0, 0.23076923076923078, 0.9202453987730062]
[0.08449590318021945, 0.20548693257089026, 0.07341753554043437, 0.021103863297202947]
Accuracy: -1.0
[113, 131, 92, 364]
[0.6017699115044248, 0.33587786259541985, 0.6304347826086957, 0.9120879120879121]
[0.08449590318021945, 0.20548693257089026, 0.07341753554043437, 0.021103863297202947]
FScore: -0.8
[113, 131, 92, 364]
[0.7428571428571429, 0.0, 0.15, 0.9493670886075949]
[0.08449590318021945, 0.20548693257089026, 0.07341753554043437, 0.021103863297202947]
Matthews: -0.8
[113, 131, 92, 364]
[0.19217652869645185, -0.12124708120550656, -0.055864701324435266, 0.6369138164306504]
[0.08449590318021945, 0.20548693257089026, 0.07341753554043437, 0.021103863297202947]

Analysis for ring (7400)
Precision: -0.39999999999999997
[863, 689, 945, 4903]
[0.13245033112582782, 0.8926829268292683, 0.983132530120482, 0.986764705882353]
[0.0898633226695473, 0.2565753040854399, 0.09159034138145002, 0.020491175745426915]
Recall: -0.8
[863, 689, 945, 4903]
[1.0, 0.2747747747747748, 0.8764769065520945, 0.9930932412432166]
[0.0898633226695473, 0.2565753040854399, 0.09159034138145002, 0.020491175745426915]
Accuracy: -0.8
[863, 689, 945, 4903]
[0.6964078794901506, 0.26705370101596515, 0.8634920634920635, 0.991637772792168]
[0.0898633226695473, 0.2565753040854399, 0.09159034138145002, 0.020491175745426915]
FScore: -0.39999999999999997
[863, 689, 945, 4903]
[0.23391812865497078, 0.4202066590126292, 0.9267461669505962, 0.9899188591099091]
[0.0898633226695473, 0.2565753040854399, 0.09159034138145002, 0.020491175745426915]
Matthews: -1.0
[863, 689, 945, 4903]
[0.3004747878453836, -0.26787034316905584, -0.045645613788812635, 0.982789540153415]
[0.0898633226695473, 0.2565753040854399, 0.09159034138145002, 0.020491175745426915]

Analysis for spambase (4550)
Precision: -1.0
[417, 1544, 653, 1936]
[0.09523809523809523, 0.9799453053783045, 0.5952380952380952, 0.9942028985507246]
[0.28680284178258947, 0.055140308422527984, 0.14451868611519245, 0.007827018689002208]
Recall: -1.0
[417, 1544, 653, 1936]
[0.21951219512195122, 0.9388646288209607, 0.5067567567567568, 0.9906137184115523]
[0.28680284178258947, 0.055140308422527984, 0.14451868611519245, 0.007827018689002208]
Accuracy: -1.0
[417, 1544, 653, 1936]
[0.4364508393285372, 0.9404145077720207, 0.8101071975497703, 0.9891528925619835]
[0.28680284178258947, 0.055140308422527984, 0.14451868611519245, 0.007827018689002208]
FScore: -1.0
[417, 1544, 653, 1936]
[0.13284132841328414, 0.9589652096342551, 0.5474452554744527, 0.9924050632911392]
[0.28680284178258947, 0.055140308422527984, 0.14451868611519245, 0.007827018689002208]
Matthews: -1.0
[417, 1544, 653, 1936]
[-0.23228855903807338, 0.8530021655420252, 0.4304892633219792, 0.9734545624532664]
[0.28680284178258947, 0.055140308422527984, 0.14451868611519245, 0.007827018689002208]

Analysis for twonorm (7400)
Precision: -0.9486832980505139
[258, 3979, 2296, 867]
[0.34375, 1.0, 1.0, 0.989451476793249]
[0.175241640436071, 0.0036803107906042626, 0.01954378005313887, 0.06405382410840106]
Recall: -0.9486832980505139
[258, 3979, 2296, 867]
[0.3893805309734513, 1.0, 1.0, 0.9936440677966102]
[0.175241640436071, 0.0036803107906042626, 0.01954378005313887, 0.06405382410840106]
Accuracy: -0.9486832980505139
[258, 3979, 2296, 867]
[0.4069767441860465, 1.0, 1.0, 0.9907727797001153]
[0.175241640436071, 0.0036803107906042626, 0.01954378005313887, 0.06405382410840106]
FScore: -0.9486832980505139
[258, 3979, 2296, 867]
[0.3651452282157676, 1.0, 1.0, 0.9915433403805498]
[0.175241640436071, 0.0036803107906042626, 0.01954378005313887, 0.06405382410840106]
Matthews: -0.9486832980505139
[258, 3979, 2296, 867]
[-0.1884689037670233, 1.0, 1.0, 0.9814017762995915]
[0.175241640436071, 0.0036803107906042626, 0.01954378005313887, 0.06405382410840106]

Analysis for wdbc (560)
Precision: 0.9486832980505138
[35, 52, 432, 41]
[1.0, 1.0, 0.8297872340425532, 0.9743589743589743]
[0.08653461625862688, 0.035791792633483276, 0.0025043703735237338, 0.00890327770851912]
Recall: -1.0
[35, 52, 432, 41]
[0.7714285714285715, 0.8653846153846154, 0.9873417721518988, 0.95]
[0.08653461625862688, 0.035791792633483276, 0.0025043703735237338, 0.00890327770851912]
Accuracy: -1.0
[35, 52, 432, 41]
[0.7714285714285715, 0.8653846153846154, 0.9606481481481481, 0.926829268292683]
[0.08653461625862688, 0.035791792633483276, 0.0025043703735237338, 0.00890327770851912]
FScore: -0.4
[35, 52, 432, 41]
[0.870967741935484, 0.9278350515463918, 0.9017341040462428, 0.9620253164556962]
[0.08653461625862688, 0.035791792633483276, 0.0025043703735237338, 0.00890327770851912]
Matthews: -0.31622776601683794
[35, 52, 432, 41]
[0.0, 0.0, 0.8825450786137641, -0.03580574370197165]
[0.08653461625862688, 0.035791792633483276, 0.0025043703735237338, 0.00890327770851912]
