MultiResolutionExperiment(5, 10, MultiResolutionTransform(10, 0.30))

Analysis for appendicitis (100)
Precision: -0.288675134594813
[1, 0, 76, 18, 5]
[0.0, 0.0, 1.0, 0.0, 1.0]
[0.3938156264447527, 0.0, 0.005887941761552081, 0.20814754583415251, 0.10704562606467813]
Recall: -0.33541019662496846
[1, 0, 76, 18, 5]
[0.0, 0.0, 0.9868421052631579, 0.0, 0.25]
[0.3938156264447527, 0.0, 0.005887941761552081, 0.20814754583415251, 0.10704562606467813]
Accuracy: -0.10259783520851513
[1, 0, 76, 18, 5]
[0.0, 0.0, 0.9868421052631579, 0.5, 0.4]
[0.3938156264447527, 0.0, 0.005887941761552081, 0.20814754583415251, 0.10704562606467813]
FScore: -0.33541019662496846
[1, 0, 76, 18, 5]
[0.0, 0.0, 0.9933774834437086, 0.0, 0.4]
[0.3938156264447527, 0.0, 0.005887941761552081, 0.20814754583415251, 0.10704562606467813]
Matthews: 0.0
[1, 0, 76, 18, 5]
[0.0, 0.0, 0.0, 0.0, 0.25]
[0.3938156264447527, 0.0, 0.005887941761552081, 0.20814754583415251, 0.10704562606467813]

Analysis for banana (5300)
Precision: -0.9
[780, 947, 411, 2645, 517]
[0.998389694041868, 0.9585798816568047, 0.003367003367003367, 1.0, 0.7222222222222222]
[0.14211943348614714, 0.12299477343274423, 0.3840780219387136, 0.04836568285277889, 0.24148681574453296]
Recall: -0.9
[780, 947, 411, 2645, 517]
[0.8516483516483516, 1.0, 0.02857142857142857, 0.9994520547945206, 0.4482758620689655]
[0.14211943348614714, 0.12299477343274423, 0.3840780219387136, 0.04836568285277889, 0.24148681574453296]
Accuracy: -1.0
[780, 947, 411, 2645, 517]
[0.8602564102564103, 0.9926082365364308, 0.19708029197080293, 0.9996219281663516, 0.7562862669245648]
[0.14211943348614714, 0.12299477343274423, 0.3840780219387136, 0.04836568285277889, 0.24148681574453296]
FScore: -1.0
[780, 947, 411, 2645, 517]
[0.9191994069681245, 0.9788519637462235, 0.006024096385542168, 0.9997259523157029, 0.5531914893617021]
[0.14211943348614714, 0.12299477343274423, 0.3840780219387136, 0.04836568285277889, 0.24148681574453296]
Matthews: -1.0
[780, 947, 411, 2645, 517]
[0.5154235336748303, 0.9746958682472889, -0.47298348552223196, 0.9991169578231942, 0.4194010300964138]
[0.14211943348614714, 0.12299477343274423, 0.3840780219387136, 0.04836568285277889, 0.24148681574453296]

Analysis for breast-cancer-original (650)
Precision: -0.288675134594813
[415, 11, 11, 170, 43]
[1.0, 0.0, 1.0, 0.0, 0.0]
[0.0013204636540771716, 0.23421426038690144, 0.1246716999024336, 0.041492797278166, 0.09723210637834025]
Recall: -0.4472135954999579
[415, 11, 11, 170, 43]
[0.9879518072289156, 0.0, 0.2727272727272727, 0.0, 0.0]
[0.0013204636540771716, 0.23421426038690144, 0.1246716999024336, 0.041492797278166, 0.09723210637834025]
Accuracy: -0.5642880936468347
[415, 11, 11, 170, 43]
[0.9879518072289156, 0.7272727272727273, 0.2727272727272727, 1.0, 1.0]
[0.0013204636540771716, 0.23421426038690144, 0.1246716999024336, 0.041492797278166, 0.09723210637834025]
FScore: -0.4472135954999579
[415, 11, 11, 170, 43]
[0.993939393939394, 0.0, 0.42857142857142855, 0.0, 0.0]
[0.0013204636540771716, 0.23421426038690144, 0.1246716999024336, 0.041492797278166, 0.09723210637834025]
Matthews: NaN
[415, 11, 11, 170, 43]
[0.0, 0.0, 0.0, 0.0, 0.0]
[0.0013204636540771716, 0.23421426038690144, 0.1246716999024336, 0.041492797278166, 0.09723210637834025]

Analysis for mammographic-masses (960)
Precision: -0.9
[112, 65, 100, 193, 490]
[0.3548387096774194, 0.0967741935483871, 0.4426229508196721, 0.863013698630137, 1.0]
[0.20009490688066742, 0.41903399583674733, 0.2596446401144824, 0.1180632675915539, 0.045438416790708605]
Recall: -1.0
[112, 65, 100, 193, 490]
[0.7333333333333333, 0.08108108108108109, 0.5094339622641509, 0.863013698630137, 0.9937888198757764]
[0.20009490688066742, 0.41903399583674733, 0.2596446401144824, 0.1180632675915539, 0.045438416790708605]
Accuracy: -1.0
[112, 65, 100, 193, 490]
[0.5714285714285714, 0.046153846153846156, 0.4, 0.8963730569948186, 0.9959183673469387]
[0.20009490688066742, 0.41903399583674733, 0.2596446401144824, 0.1180632675915539, 0.045438416790708605]
FScore: -1.0
[112, 65, 100, 193, 490]
[0.47826086956521735, 0.08823529411764705, 0.4736842105263158, 0.863013698630137, 0.9968847352024921]
[0.20009490688066742, 0.41903399583674733, 0.2596446401144824, 0.1180632675915539, 0.045438416790708605]
Matthews: -1.0
[112, 65, 100, 193, 490]
[0.21872002061249954, -0.91103857306054, -0.218949079780921, 0.7796803652968036, 0.9910081668184008]
[0.20009490688066742, 0.41903399583674733, 0.2596446401144824, 0.1180632675915539, 0.045438416790708605]

Analysis for phoneme (5400)
Precision: 0.8660254037844386
[996, 655, 2164, 732, 853]
[0.0, 0.0, 0.0, 1.0, 1.0]
[0.05047270054700713, 0.15209172092735937, 0.005753342337192657, 0.1948281547151564, 0.34451518372226764]
Recall: 0.7826237921249264
[996, 655, 2164, 732, 853]
[0.0, 0.0, 0.0, 0.8852459016393442, 0.6049237983587339]
[0.05047270054700713, 0.15209172092735937, 0.005753342337192657, 0.1948281547151564, 0.34451518372226764]
Accuracy: -0.7000000000000001
[996, 655, 2164, 732, 853]
[0.9166666666666666, 0.5541984732824428, 0.9930683918669131, 0.8852459016393442, 0.6049237983587339]
[0.05047270054700713, 0.15209172092735937, 0.005753342337192657, 0.1948281547151564, 0.34451518372226764]
FScore: 0.7826237921249264
[996, 655, 2164, 732, 853]
[0.0, 0.0, 0.0, 0.9391304347826086, 0.7538349159970782]
[0.05047270054700713, 0.15209172092735937, 0.005753342337192657, 0.1948281547151564, 0.34451518372226764]
Matthews: NaN
[996, 655, 2164, 732, 853]
[0.0, 0.0, 0.0, 0.0, 0.0]
[0.05047270054700713, 0.15209172092735937, 0.005753342337192657, 0.1948281547151564, 0.34451518372226764]

Analysis for pima (700)
Precision: -0.5773502691896258
[114, 113, 133, 277, 63]
[0.0, 1.0, 0.0, 1.0, 1.0]
[0.12914726297652057, 0.07144166840630957, 0.2564252297777972, 0.025033722517373295, 0.13525161799849453]
Recall: -0.8207826816681233
[114, 113, 133, 277, 63]
[0.0, 0.6635514018691588, 0.0, 0.9530685920577617, 0.5238095238095238]
[0.12914726297652057, 0.07144166840630957, 0.2564252297777972, 0.025033722517373295, 0.13525161799849453]
Accuracy: -0.9
[114, 113, 133, 277, 63]
[0.7368421052631579, 0.6814159292035398, 0.3308270676691729, 0.9530685920577617, 0.5238095238095238]
[0.12914726297652057, 0.07144166840630957, 0.2564252297777972, 0.025033722517373295, 0.13525161799849453]
FScore: -0.8207826816681233
[114, 113, 133, 277, 63]
[0.0, 0.797752808988764, 0.0, 0.9759704251386322, 0.6875000000000001]
[0.12914726297652057, 0.07144166840630957, 0.2564252297777972, 0.025033722517373295, 0.13525161799849453]
Matthews: -0.6668859288553503
[114, 113, 133, 277, 63]
[-0.07624928516630233, 0.3078848119181585, -0.12171612389003693, 0.0, 0.0]
[0.12914726297652057, 0.07144166840630957, 0.2564252297777972, 0.025033722517373295, 0.13525161799849453]

Analysis for ring (7400)
Precision: -0.15389675281277299
[1983, 368, 1027, 480, 3542]
[1.0, 0.0, 0.980561555075594, 0.0, 0.9298737727910238]
[0.07495982781023669, 0.0876584486865181, 0.26424312441061293, 0.12787066487803955, 0.028391693792142354]
Recall: -0.6668859288553503
[1983, 368, 1027, 480, 3542]
[0.9757942511346445, 0.0, 0.44597249508840864, 0.0, 1.0]
[0.07495982781023669, 0.0876584486865181, 0.26424312441061293, 0.12787066487803955, 0.028391693792142354]
Accuracy: -1.0
[1983, 368, 1027, 480, 3542]
[0.9757942511346445, 0.9157608695652174, 0.44206426484907496, 0.5104166666666666, 0.9858836815358555]
[0.07495982781023669, 0.0876584486865181, 0.26424312441061293, 0.12787066487803955, 0.028391693792142354]
FScore: -0.5642880936468347
[1983, 368, 1027, 480, 3542]
[0.9877488514548238, 0.0, 0.613099257258609, 0.0, 0.9636627906976744]
[0.07495982781023669, 0.0876584486865181, 0.26424312441061293, 0.12787066487803955, 0.028391693792142354]
Matthews: -0.8944271909999159
[1983, 368, 1027, 480, 3542]
[0.0, 0.0, -0.1037758793787365, 0.0, 0.9558893887495944]
[0.07495982781023669, 0.0876584486865181, 0.26424312441061293, 0.12787066487803955, 0.028391693792142354]

Analysis for spambase (4550)
Precision: -0.9
[320, 308, 2675, 295, 952]
[0.11242603550295859, 0.49230769230769234, 0.9995226730310263, 0.5789473684210527, 0.9239130434782609]
[0.3307985472384599, 0.15558561972439333, 0.019914595594764477, 0.1945012256421493, 0.07357385519846565]
Recall: -1.0
[320, 308, 2675, 295, 952]
[0.23170731707317074, 0.7272727272727273, 0.9900709219858156, 0.4296875, 0.8695652173913043]
[0.3307985472384599, 0.15558561972439333, 0.019914595594764477, 0.1945012256421493, 0.07357385519846565]
Accuracy: -1.0
[320, 308, 2675, 295, 952]
[0.334375, 0.8538961038961039, 0.9917757009345795, 0.6169491525423729, 0.917016806722689]
[0.3307985472384599, 0.15558561972439333, 0.019914595594764477, 0.1945012256421493, 0.07357385519846565]
FScore: -1.0
[320, 308, 2675, 295, 952]
[0.15139442231075698, 0.5871559633027523, 0.9947743467933492, 0.4932735426008969, 0.8959156785243741]
[0.3307985472384599, 0.15558561972439333, 0.019914595594764477, 0.1945012256421493, 0.07357385519846565]
Matthews: -1.0
[320, 308, 2675, 295, 952]
[-0.3485304348442702, 0.516489722480806, 0.975720622021812, 0.20170679513763504, 0.82807604493517]
[0.3307985472384599, 0.15558561972439333, 0.019914595594764477, 0.1945012256421493, 0.07357385519846565]

Analysis for twonorm (7400)
Precision: -0.8944271909999159
[133, 2575, 402, 3138, 1152]
[0.07246376811594203, 1.0, 0.8858447488584474, 1.0, 1.0]
[0.25617979336708624, 0.025225442689009413, 0.1342804384378672, 0.007937156371888658, 0.06183435608285312]
Recall: -0.8944271909999159
[133, 2575, 402, 3138, 1152]
[0.07936507936507936, 1.0, 0.9326923076923077, 1.0, 1.0]
[0.25617979336708624, 0.025225442689009413, 0.1342804384378672, 0.007937156371888658, 0.06183435608285312]
Accuracy: -0.8944271909999159
[133, 2575, 402, 3138, 1152]
[0.08270676691729323, 1.0, 0.9029850746268657, 1.0, 1.0]
[0.25617979336708624, 0.025225442689009413, 0.1342804384378672, 0.007937156371888658, 0.06183435608285312]
FScore: -0.8944271909999159
[133, 2575, 402, 3138, 1152]
[0.07575757575757576, 1.0, 0.9086651053864168, 1.0, 1.0]
[0.25617979336708624, 0.025225442689009413, 0.1342804384378672, 0.007937156371888658, 0.06183435608285312]
Matthews: -0.8944271909999159
[133, 2575, 402, 3138, 1152]
[-0.8343532406077904, 1.0, 0.8065794576889284, 1.0, 1.0]
[0.25617979336708624, 0.025225442689009413, 0.1342804384378672, 0.007937156371888658, 0.06183435608285312]

Analysis for wdbc (560)
Precision: 0.8885233166386386
[110, 96, 0, 0, 354]
[1.0, 1.0, 0.0, 0.0, 0.0]
[0.06401842075840714, 0.025192771822766264, 0.0, 0.0, 0.002646874278845659]
Recall: 0.8029550685469663
[110, 96, 0, 0, 354]
[0.8454545454545455, 0.9895833333333334, 0.0, 0.0, 0.0]
[0.06401842075840714, 0.025192771822766264, 0.0, 0.0, 0.002646874278845659]
Accuracy: 0.6842105263157895
[110, 96, 0, 0, 354]
[0.8454545454545455, 0.9895833333333334, 0.0, 0.0, 0.9519774011299436]
[0.06401842075840714, 0.025192771822766264, 0.0, 0.0, 0.002646874278845659]
FScore: 0.8029550685469663
[110, 96, 0, 0, 354]
[0.916256157635468, 0.9947643979057591, 0.0, 0.0, 0.0]
[0.06401842075840714, 0.025192771822766264, 0.0, 0.0, 0.002646874278845659]
Matthews: NaN
[110, 96, 0, 0, 354]
[0.0, 0.0, 0.0, 0.0, 0.0]
[0.06401842075840714, 0.025192771822766264, 0.0, 0.0, 0.002646874278845659]
