MultiResolutionExperiment(5, 10, MultiResolutionTransform(50, 0.25))

Analysis for appendicitis (100)
Precision: -0.288675134594813
[1, 0, 76, 18, 5]
[0.0, 0.0, 1.0, 0.0, 1.0]
[0.3572092623376315, 0.0, 0.004291233613781463, 0.1496539187519145, 0.08623872671192559]
Recall: -0.33541019662496846
[1, 0, 76, 18, 5]
[0.0, 0.0, 0.9868421052631579, 0.0, 0.25]
[0.3572092623376315, 0.0, 0.004291233613781463, 0.1496539187519145, 0.08623872671192559]
Accuracy: -0.10259783520851513
[1, 0, 76, 18, 5]
[0.0, 0.0, 0.9868421052631579, 0.5, 0.4]
[0.3572092623376315, 0.0, 0.004291233613781463, 0.1496539187519145, 0.08623872671192559]
FScore: -0.33541019662496846
[1, 0, 76, 18, 5]
[0.0, 0.0, 0.9933774834437086, 0.0, 0.4]
[0.3572092623376315, 0.0, 0.004291233613781463, 0.1496539187519145, 0.08623872671192559]
Matthews: 0.0
[1, 0, 76, 18, 5]
[0.0, 0.0, 0.0, 0.0, 0.25]
[0.3572092623376315, 0.0, 0.004291233613781463, 0.1496539187519145, 0.08623872671192559]

Analysis for banana (5300)
Precision: -0.9
[733, 1005, 492, 2670, 400]
[0.9983388704318937, 0.9588235294117647, 0.6542056074766355, 1.0, 0.0034482758620689655]
[0.12402191766595552, 0.08712308369703899, 0.20884432938440217, 0.029548997493196255, 0.34414149962949997]
Recall: -0.9
[733, 1005, 492, 2670, 400]
[0.8488700564971752, 1.0, 0.42168674698795183, 0.9994597514856834, 0.027777777777777776]
[0.12402191766595552, 0.08712308369703899, 0.20884432938440217, 0.029548997493196255, 0.34414149962949997]
Accuracy: -1.0
[733, 1005, 492, 2670, 400]
[0.8526603001364257, 0.9930348258706467, 0.7296747967479674, 0.999625468164794, 0.19]
[0.12402191766595552, 0.08712308369703899, 0.20884432938440217, 0.029548997493196255, 0.34414149962949997]
FScore: -1.0
[733, 1005, 492, 2670, 400]
[0.917557251908397, 0.9789789789789789, 0.5128205128205129, 0.999729802756012, 0.0061349693251533735]
[0.12402191766595552, 0.08712308369703899, 0.20884432938440217, 0.029548997493196255, 0.34414149962949997]
Matthews: -1.0
[733, 1005, 492, 2670, 400]
[0.3832052923005453, 0.9751165635047974, 0.35323104964479796, 0.9991200619195938, -0.49106211395574945]
[0.12402191766595552, 0.08712308369703899, 0.20884432938440217, 0.029548997493196255, 0.34414149962949997]

Analysis for breast-cancer-original (650)
Precision: -0.0
[414, 106, 26, 84, 20]
[1.0, 0.0, 1.0, 1.0, 0.0]
[0.0010081269334027926, 0.01542856301022209, 0.1432259331830924, 0.043876347653568126, 0.07151309105687458]
Recall: -0.2051956704170307
[414, 106, 26, 84, 20]
[0.9903381642512077, 0.0, 0.09090909090909091, 1.0, 0.0]
[0.0010081269334027926, 0.01542856301022209, 0.1432259331830924, 0.043876347653568126, 0.07151309105687458]
Accuracy: -0.15389675281277299
[414, 106, 26, 84, 20]
[0.9903381642512077, 0.9811320754716981, 0.6153846153846154, 1.0, 1.0]
[0.0010081269334027926, 0.01542856301022209, 0.1432259331830924, 0.043876347653568126, 0.07151309105687458]
FScore: -0.2051956704170307
[414, 106, 26, 84, 20]
[0.9951456310679612, 0.0, 0.16666666666666669, 1.0, 0.0]
[0.0010081269334027926, 0.01542856301022209, 0.1432259331830924, 0.043876347653568126, 0.07151309105687458]
Matthews: 0.4472135954999579
[414, 106, 26, 84, 20]
[0.0, 0.0, 0.23354968324845687, 1.0, 0.0]
[0.0010081269334027926, 0.01542856301022209, 0.1432259331830924, 0.043876347653568126, 0.07151309105687458]

Analysis for mammographic-masses (960)
Precision: -0.9
[107, 62, 102, 190, 499]
[0.35, 0.0967741935483871, 0.423728813559322, 0.8571428571428571, 1.0]
[0.17997717556677134, 0.37985632689366866, 0.21540196193941988, 0.09386147147493755, 0.03626245252088813]
Recall: -1.0
[107, 62, 102, 190, 499]
[0.7777777777777778, 0.08823529411764706, 0.45454545454545453, 0.8571428571428571, 0.9937888198757764]
[0.17997717556677134, 0.37985632689366866, 0.21540196193941988, 0.09386147147493755, 0.03626245252088813]
Accuracy: -1.0
[107, 62, 102, 190, 499]
[0.5794392523364486, 0.04838709677419355, 0.37254901960784315, 0.8842105263157894, 0.9959919839679359]
[0.17997717556677134, 0.37985632689366866, 0.21540196193941988, 0.09386147147493755, 0.03626245252088813]
FScore: -1.0
[107, 62, 102, 190, 499]
[0.48275862068965514, 0.09230769230769231, 0.4385964912280701, 0.8571428571428571, 0.9968847352024921]
[0.17997717556677134, 0.37985632689366866, 0.21540196193941988, 0.09386147147493755, 0.03626245252088813]
Matthews: -1.0
[107, 62, 102, 190, 499]
[0.2540481935254997, -0.9074852129730301, -0.27139028510562296, 0.7597977243994943, 0.9913047130821281]
[0.17997717556677134, 0.37985632689366866, 0.21540196193941988, 0.09386147147493755, 0.03626245252088813]

Analysis for phoneme (5400)
Precision: 0.9746794344808963
[657, 983, 2170, 753, 837]
[0.010135135135135136, 0.0, 0.0, 0.9940029985007496, 1.0]
[0.12587495253911993, 0.039965078842881634, 0.003898677101065683, 0.1509566768763812, 0.28328580457038]
Recall: 0.5642880936468347
[657, 983, 2170, 753, 837]
[1.0, 0.0, 0.0, 0.8899328859060402, 0.5949820788530465]
[0.12587495253911993, 0.039965078842881634, 0.003898677101065683, 0.1509566768763812, 0.28328580457038]
Accuracy: -0.7000000000000001
[657, 983, 2170, 753, 837]
[0.5540334855403348, 0.9206510681586979, 0.9930875576036866, 0.8857901726427623, 0.5949820788530465]
[0.12587495253911993, 0.039965078842881634, 0.003898677101065683, 0.1509566768763812, 0.28328580457038]
FScore: 0.872081599272381
[657, 983, 2170, 753, 837]
[0.020066889632107024, 0.0, 0.0, 0.9390934844192634, 0.746067415730337]
[0.12587495253911993, 0.039965078842881634, 0.003898677101065683, 0.1509566768763812, 0.28328580457038]
Matthews: 0.33541019662496846
[657, 983, 2170, 753, 837]
[0.07479619386978456, 0.0, 0.0, 0.12569003618652438, 0.0]
[0.12587495253911993, 0.039965078842881634, 0.003898677101065683, 0.1509566768763812, 0.28328580457038]

Analysis for pima (700)
Precision: -0.6708203932499369
[112, 149, 142, 218, 79]
[0.04, 1.0, 0.0, 1.0, 1.0]
[0.08922924411330413, 0.045003269874251614, 0.1965312748283164, 0.013486726547347823, 0.10396769064346101]
Recall: -0.9
[112, 149, 142, 218, 79]
[0.125, 0.8194444444444444, 0.0, 0.9678899082568807, 0.48717948717948717]
[0.08922924411330413, 0.045003269874251614, 0.1965312748283164, 0.013486726547347823, 0.10396769064346101]
Accuracy: -1.0
[112, 149, 142, 218, 79]
[0.7232142857142857, 0.825503355704698, 0.3380281690140845, 0.9678899082568807, 0.4936708860759494]
[0.08922924411330413, 0.045003269874251614, 0.1965312748283164, 0.013486726547347823, 0.10396769064346101]
FScore: -0.9
[112, 149, 142, 218, 79]
[0.06060606060606061, 0.9007633587786259, 0.0, 0.9836829836829836, 0.6551724137931034]
[0.08922924411330413, 0.045003269874251614, 0.1965312748283164, 0.013486726547347823, 0.10396769064346101]
Matthews: -0.5
[112, 149, 142, 218, 79]
[-0.06541711367950578, 0.3635498023398748, -0.16212869667555552, 0.0, 0.10900654345759643]
[0.08922924411330413, 0.045003269874251614, 0.1965312748283164, 0.013486726547347823, 0.10396769064346101]

Analysis for ring (7400)
Precision: -0.5
[1732, 972, 941, 305, 3450]
[1.0, 0.017543859649122806, 0.9820971867007673, 0.04390243902439024, 0.9899598393574297]
[0.059406778340539035, 0.06110833704003317, 0.21595726269024226, 0.13170594956052042, 0.017495956107640806]
Recall: -0.8207826816681233
[1732, 972, 941, 305, 3450]
[0.9647806004618937, 1.0, 0.41113490364025695, 0.9, 1.0]
[0.059406778340539035, 0.06110833704003317, 0.21595726269024226, 0.13170594956052042, 0.017495956107640806]
Accuracy: -0.9
[1732, 972, 941, 305, 3450]
[0.9647806004618937, 0.8847736625514403, 0.40807651434643993, 0.3540983606557377, 0.9971014492753624]
[0.059406778340539035, 0.06110833704003317, 0.21595726269024226, 0.13170594956052042, 0.017495956107640806]
FScore: -0.6
[1732, 972, 941, 305, 3450]
[0.9820746400235086, 0.034482758620689655, 0.579622641509434, 0.08372093023255814, 0.9949545913218971]
[0.059406778340539035, 0.06110833704003317, 0.21595726269024226, 0.13170594956052042, 0.017495956107640806]
Matthews: -0.7000000000000001
[1732, 972, 941, 305, 3450]
[0.0, 0.12457197471948799, -0.10267590700141477, 0.08937105116928025, 0.9929461945161949]
[0.059406778340539035, 0.06110833704003317, 0.21595726269024226, 0.13170594956052042, 0.017495956107640806]

Analysis for spambase (4550)
Precision: -0.9
[296, 287, 2750, 316, 901]
[0.11949685534591195, 0.4473684210526316, 0.9990421455938697, 0.6074766355140186, 0.9281767955801105]
[0.2761351297854063, 0.13330447439161502, 0.013855931151354545, 0.14864985995348418, 0.056691593087384945]
Recall: -1.0
[296, 287, 2750, 316, 901]
[0.21348314606741572, 0.7391304347826086, 0.9900332225913622, 0.47794117647058826, 0.8795811518324608]
[0.2761351297854063, 0.13330447439161502, 0.013855931151354545, 0.14864985995348418, 0.056691593087384945]
Accuracy: -1.0
[296, 287, 2750, 316, 901]
[0.2905405405405405, 0.8118466898954704, 0.9916363636363636, 0.6424050632911392, 0.9200887902330743]
[0.2761351297854063, 0.13330447439161502, 0.013855931151354545, 0.14864985995348418, 0.056691593087384945]
FScore: -1.0
[296, 287, 2750, 316, 901]
[0.1532258064516129, 0.5573770491803278, 0.9945172824791418, 0.5349794238683128, 0.903225806451613]
[0.2761351297854063, 0.13330447439161502, 0.013855931151354545, 0.14864985995348418, 0.056691593087384945]
Matthews: -1.0
[296, 287, 2750, 316, 901]
[-0.4256545118590836, 0.4696535423752026, 0.9770722877624417, 0.25592402241682183, 0.8361325515676835]
[0.2761351297854063, 0.13330447439161502, 0.013855931151354545, 0.14864985995348418, 0.056691593087384945]

Analysis for twonorm (7400)
Precision: -0.8944271909999159
[160, 2408, 472, 3180, 1180]
[0.10714285714285714, 1.0, 0.9465648854961832, 1.0, 1.0]
[0.19999697777884018, 0.014586793731186019, 0.09445771566563835, 0.003703014368986419, 0.03977650241443461]
Recall: -0.8944271909999159
[160, 2408, 472, 3180, 1180]
[0.125, 1.0, 0.9649805447470817, 1.0, 1.0]
[0.19999697777884018, 0.014586793731186019, 0.09445771566563835, 0.003703014368986419, 0.03977650241443461]
Accuracy: -0.8944271909999159
[160, 2408, 472, 3180, 1180]
[0.1375, 1.0, 0.951271186440678, 1.0, 1.0]
[0.19999697777884018, 0.014586793731186019, 0.09445771566563835, 0.003703014368986419, 0.03977650241443461]
FScore: -0.8944271909999159
[160, 2408, 472, 3180, 1180]
[0.11538461538461538, 1.0, 0.9556840077071291, 1.0, 1.0]
[0.19999697777884018, 0.014586793731186019, 0.09445771566563835, 0.003703014368986419, 0.03977650241443461]
Matthews: -0.8944271909999159
[160, 2408, 472, 3180, 1180]
[-0.7245334605627619, 1.0, 0.9017839565088654, 1.0, 1.0]
[0.19999697777884018, 0.014586793731186019, 0.09445771566563835, 0.003703014368986419, 0.03977650241443461]

Analysis for wdbc (560)
Precision: 0.4472135954999579
[76, 5, 89, 40, 350]
[1.0, 0.0, 1.0, 1.0, 0.0625]
[0.0432499217601209, 0.011163066446698743, 0.018377869618324223, 0.0060248685421061925, 0.0012241133570907094]
Recall: -0.6668859288553503
[76, 5, 89, 40, 350]
[0.8157894736842105, 0.0, 0.9550561797752809, 1.0, 1.0]
[0.0432499217601209, 0.011163066446698743, 0.018377869618324223, 0.0060248685421061925, 0.0012241133570907094]
Accuracy: -0.6
[76, 5, 89, 40, 350]
[0.8157894736842105, 0.6, 0.9550561797752809, 1.0, 0.9571428571428572]
[0.0432499217601209, 0.011163066446698743, 0.018377869618324223, 0.0060248685421061925, 0.0012241133570907094]
FScore: 0.09999999999999983
[76, 5, 89, 40, 350]
[0.898550724637681, 0.0, 0.9770114942528736, 1.0, 0.11764705882352941]
[0.0432499217601209, 0.011163066446698743, 0.018377869618324223, 0.0060248685421061925, 0.0012241133570907094]
Matthews: -0.7071067811865476
[76, 5, 89, 40, 350]
[0.0, 0.0, 0.0, 0.0, 0.24456850488495424]
[0.0432499217601209, 0.011163066446698743, 0.018377869618324223, 0.0060248685421061925, 0.0012241133570907094]
