MultiResolutionExperiment(5, 10, MultiResolutionTransform(20, 0.15))

Analysis for appendicitis (100)
Precision: -0.288675134594813
[1, 0, 77, 10, 12]
[0.0, 0.0, 1.0, 0.0, 1.0]
[0.3855630107878392, 0.0, 0.0036053850665024984, 0.16692286832485154, 0.08256953138687695]
Recall: -0.33541019662496846
[1, 0, 77, 10, 12]
[0.0, 0.0, 0.9868421052631579, 0.0, 0.25]
[0.3855630107878392, 0.0, 0.0036053850665024984, 0.16692286832485154, 0.08256953138687695]
Accuracy: -0.2051956704170307
[1, 0, 77, 10, 12]
[0.0, 0.0, 0.987012987012987, 0.1, 0.75]
[0.3855630107878392, 0.0, 0.0036053850665024984, 0.16692286832485154, 0.08256953138687695]
FScore: -0.33541019662496846
[1, 0, 77, 10, 12]
[0.0, 0.0, 0.9933774834437086, 0.0, 0.4]
[0.3855630107878392, 0.0, 0.0036053850665024984, 0.16692286832485154, 0.08256953138687695]
Matthews: -0.33541019662496846
[1, 0, 77, 10, 12]
[0.0, 0.0, 0.7024393586862705, 0.0, 0.42640143271122083]
[0.3855630107878392, 0.0, 0.0036053850665024984, 0.16692286832485154, 0.08256953138687695]

Analysis for banana (5300)
Precision: -0.9
[708, 975, 498, 2707, 412]
[0.9982847341337907, 0.9551282051282052, 0.7130434782608696, 1.0, 0.003401360544217687]
[0.12213320761598201, 0.06741702322602816, 0.20543591172590683, 0.0182185131057204, 0.35588335825694456]
Recall: -0.9
[708, 975, 498, 2707, 412]
[0.8712574850299402, 1.0, 0.4385026737967914, 0.999465811965812, 0.020833333333333332]
[0.12213320761598201, 0.06741702322602816, 0.20543591172590683, 0.0182185131057204, 0.35588335825694456]
Accuracy: -1.0
[708, 975, 498, 2707, 412]
[0.8771186440677966, 0.9928205128205129, 0.7228915662650602, 0.9996305873660879, 0.17475728155339806]
[0.12213320761598201, 0.06741702322602816, 0.20543591172590683, 0.0182185131057204, 0.35588335825694456]
FScore: -1.0
[708, 975, 498, 2707, 412]
[0.9304556354916067, 0.9770491803278688, 0.543046357615894, 0.9997328346246327, 0.005847953216374268]
[0.12213320761598201, 0.06741702322602816, 0.20543591172590683, 0.0182185131057204, 0.35588335825694456]
Matthews: -1.0
[708, 975, 498, 2707, 412]
[0.512426364223432, 0.9731566668862135, 0.3819486821325361, 0.9991347650331812, -0.5564608153810598]
[0.12213320761598201, 0.06741702322602816, 0.20543591172590683, 0.0182185131057204, 0.35588335825694456]

Analysis for breast-cancer-original (650)
Precision: -0.7071067811865476
[419, 140, 32, 41, 18]
[1.0, 1.0, 1.0, 1.0, 0.0]
[0.001030306458163376, 0.018874074554434888, 0.10188436983209902, 0.03996274857501757, 0.1494988084659831]
Recall: -0.6155870112510924
[419, 140, 32, 41, 18]
[0.9927360774818402, 0.25, 0.25, 1.0, 0.0]
[0.001030306458163376, 0.018874074554434888, 0.10188436983209902, 0.03996274857501757, 0.1494988084659831]
Accuracy: -0.7000000000000001
[419, 140, 32, 41, 18]
[0.9928400954653938, 0.9785714285714285, 0.90625, 1.0, 0.6111111111111112]
[0.001030306458163376, 0.018874074554434888, 0.10188436983209902, 0.03996274857501757, 0.1494988084659831]
FScore: -0.6155870112510924
[419, 140, 32, 41, 18]
[0.9963547995139732, 0.4, 0.4, 1.0, 0.0]
[0.001030306458163376, 0.018874074554434888, 0.10188436983209902, 0.03996274857501757, 0.1494988084659831]
Matthews: -0.7000000000000001
[419, 140, 32, 41, 18]
[0.8135256920679028, 0.49457488467042343, 0.47519096331149147, 1.0, 0.0]
[0.001030306458163376, 0.018874074554434888, 0.10188436983209902, 0.03996274857501757, 0.1494988084659831]

Analysis for mammographic-masses (960)
Precision: -0.9
[118, 61, 102, 165, 514]
[0.38461538461538464, 0.09375, 0.4576271186440678, 0.855072463768116, 0.9968944099378882]
[0.1845148455572749, 0.3926606997822933, 0.21252578167967406, 0.0879441198222035, 0.034282005500255196]
Recall: -1.0
[118, 61, 102, 165, 514]
[0.6944444444444444, 0.09375, 0.47368421052631576, 0.8676470588235294, 0.9968944099378882]
[0.1845148455572749, 0.3926606997822933, 0.21252578167967406, 0.0879441198222035, 0.034282005500255196]
Accuracy: -1.0
[118, 61, 102, 165, 514]
[0.5677966101694916, 0.04918032786885246, 0.39215686274509803, 0.8848484848484849, 0.9961089494163424]
[0.1845148455572749, 0.3926606997822933, 0.21252578167967406, 0.0879441198222035, 0.034282005500255196]
FScore: -1.0
[118, 61, 102, 165, 514]
[0.49504950495049505, 0.09375, 0.4655172413793103, 0.8613138686131386, 0.9968944099378882]
[0.1845148455572749, 0.3926606997822933, 0.21252578167967406, 0.0879441198222035, 0.034282005500255196]
Matthews: -1.0
[118, 61, 102, 165, 514]
[0.19128329547967862, -0.90625, -0.23873350502891288, 0.7629366582946657, 0.9916860766045549]
[0.1845148455572749, 0.3926606997822933, 0.21252578167967406, 0.0879441198222035, 0.034282005500255196]

Analysis for phoneme (5400)
Precision: 0.9
[388, 735, 2893, 714, 670]
[0.256, 0.4729241877256318, 0.0, 0.9901477832512315, 0.997275204359673]
[0.16018864261732627, 0.08232439339908806, 0.009870151477628984, 0.16904313109875033, 0.3013806657839032]
Recall: 0.09999999999999983
[388, 735, 2893, 714, 670]
[0.8533333333333334, 0.9562043795620438, 0.0, 0.8565340909090909, 0.547085201793722]
[0.16018864261732627, 0.08232439339908806, 0.009870151477628984, 0.16904313109875033, 0.3013806657839032]
Accuracy: -0.5
[388, 735, 2893, 714, 670]
[0.49226804123711343, 0.7931972789115647, 0.982371240926374, 0.8501400560224089, 0.5462686567164179]
[0.16018864261732627, 0.08232439339908806, 0.009870151477628984, 0.16904313109875033, 0.3013806657839032]
FScore: 0.8
[388, 735, 2893, 714, 670]
[0.3938461538461539, 0.6328502415458938, 0.0, 0.9185072353389184, 0.7065637065637066]
[0.16018864261732627, 0.08232439339908806, 0.009870151477628984, 0.16904313109875033, 0.3013806657839032]
Matthews: -0.39999999999999997
[388, 735, 2893, 714, 670]
[0.21371453879326427, 0.5722069756207835, 0.0, 0.08511931511497631, -0.03512976327264444]
[0.16018864261732627, 0.08232439339908806, 0.009870151477628984, 0.16904313109875033, 0.3013806657839032]

Analysis for pima (700)
Precision: -0.5642880936468347
[109, 136, 130, 258, 67]
[0.030303030303030304, 0.9887640449438202, 0.0, 1.0, 1.0]
[0.08818251011016782, 0.04731780036550197, 0.19450794396346668, 0.015997735022755363, 0.11233489962436999]
Recall: -0.9
[109, 136, 130, 258, 67]
[0.1111111111111111, 0.7457627118644068, 0.0, 0.9612403100775194, 0.49206349206349204]
[0.08818251011016782, 0.04731780036550197, 0.19450794396346668, 0.015997735022755363, 0.11233489962436999]
Accuracy: -1.0
[109, 136, 130, 258, 67]
[0.6330275229357798, 0.7720588235294118, 0.34615384615384615, 0.9612403100775194, 0.5223880597014925]
[0.08818251011016782, 0.04731780036550197, 0.19450794396346668, 0.015997735022755363, 0.11233489962436999]
FScore: -0.9
[109, 136, 130, 258, 67]
[0.047619047619047616, 0.8502415458937198, 0.0, 0.9802371541501977, 0.6595744680851063]
[0.08818251011016782, 0.04731780036550197, 0.19450794396346668, 0.015997735022755363, 0.11233489962436999]
Matthews: -0.5
[109, 136, 130, 258, 67]
[-0.1251332800001699, 0.4918274701305694, -0.16611166457050203, 0.0, 0.23382412480406722]
[0.08818251011016782, 0.04731780036550197, 0.19450794396346668, 0.015997735022755363, 0.11233489962436999]

Analysis for ring (7400)
Precision: -0.30000000000000004
[1470, 725, 594, 809, 3802]
[0.9986244841815681, 0.01171875, 0.8698630136986302, 0.9787878787878788, 0.9570267131242741]
[0.037333978312742315, 0.09707139285653202, 0.25138983120144276, 0.12064695369213055, 0.02004808785568571]
Recall: -0.8207826816681233
[1470, 725, 594, 809, 3802]
[0.989100817438692, 1.0, 0.22086956521739132, 0.8136020151133502, 1.0]
[0.037333978312742315, 0.09707139285653202, 0.25138983120144276, 0.12064695369213055, 0.02004808785568571]
Accuracy: -0.9
[1470, 725, 594, 809, 3802]
[0.9877551020408163, 0.6510344827586206, 0.2138047138047138, 0.799752781211372, 0.9902682798527092]
[0.037333978312742315, 0.09707139285653202, 0.25138983120144276, 0.12064695369213055, 0.02004808785568571]
FScore: -0.6
[1470, 725, 594, 809, 3802]
[0.9938398357289527, 0.023166023166023165, 0.3522884882108184, 0.8885832187070151, 0.9780415430267062]
[0.037333978312742315, 0.09707139285653202, 0.25138983120144276, 0.12064695369213055, 0.02004808785568571]
Matthews: -0.9
[1470, 725, 594, 809, 3802]
[-0.003871950157356918, 0.08724860006496607, -0.3184237533826343, -0.041667605413264315, 0.9721811489979224]
[0.037333978312742315, 0.09707139285653202, 0.25138983120144276, 0.12064695369213055, 0.02004808785568571]

Analysis for spambase (4550)
Precision: -0.9
[272, 362, 2788, 265, 863]
[0.11486486486486487, 0.5172413793103449, 0.9990328820116054, 0.5432098765432098, 0.9313984168865436]
[0.2797007823019699, 0.12661665835498329, 0.011622432884712897, 0.15195097757342013, 0.0526382522273286]
Recall: -1.0
[272, 362, 2788, 265, 863]
[0.20238095238095238, 0.7228915662650602, 0.9908872901678657, 0.41509433962264153, 0.8781094527363185]
[0.2797007823019699, 0.12661665835498329, 0.011622432884712897, 0.15195097757342013, 0.0526382522273286]
Accuracy: -1.0
[272, 362, 2788, 265, 863]
[0.27205882352941174, 0.7817679558011049, 0.992467718794835, 0.6264150943396226, 0.9130938586326767]
[0.2797007823019699, 0.12661665835498329, 0.011622432884712897, 0.15195097757342013, 0.0526382522273286]
FScore: -1.0
[272, 362, 2788, 265, 863]
[0.14655172413793105, 0.6030150753768845, 0.9949434143992294, 0.47058823529411764, 0.9039692701664532]
[0.2797007823019699, 0.12661665835498329, 0.011622432884712897, 0.15195097757342013, 0.0526382522273286]
Matthews: -1.0
[272, 362, 2788, 265, 863]
[-0.45864803450467295, 0.47039255831615134, 0.980312933153313, 0.1939549855270726, 0.8259237315727501]
[0.2797007823019699, 0.12661665835498329, 0.011622432884712897, 0.15195097757342013, 0.0526382522273286]

Analysis for twonorm (7400)
Precision: -0.8944271909999159
[143, 2176, 403, 3668, 1010]
[0.07792207792207792, 1.0, 0.918552036199095, 1.0, 1.0]
[0.20793556234529056, 0.013587640572779726, 0.099669148374432, 0.0026503762935874693, 0.04072613914389509]
Recall: -0.8944271909999159
[143, 2176, 403, 3668, 1010]
[0.09090909090909091, 1.0, 0.9441860465116279, 1.0, 1.0]
[0.20793556234529056, 0.013587640572779726, 0.099669148374432, 0.0026503762935874693, 0.04072613914389509]
Accuracy: -0.8944271909999159
[143, 2176, 403, 3668, 1010]
[0.08391608391608392, 1.0, 0.9255583126550868, 1.0, 1.0]
[0.20793556234529056, 0.013587640572779726, 0.099669148374432, 0.0026503762935874693, 0.04072613914389509]
FScore: -0.8944271909999159
[143, 2176, 403, 3668, 1010]
[0.08391608391608392, 1.0, 0.9311926605504586, 1.0, 1.0]
[0.20793556234529056, 0.013587640572779726, 0.099669148374432, 0.0026503762935874693, 0.04072613914389509]
Matthews: -0.8944271909999159
[143, 2176, 403, 3668, 1010]
[-0.8311688311688312, 1.0, 0.8505271042585294, 1.0, 1.0]
[0.20793556234529056, 0.013587640572779726, 0.099669148374432, 0.0026503762935874693, 0.04072613914389509]

Analysis for wdbc (560)
Precision: 0.7071067811865476
[51, 57, 68, 30, 354]
[1.0, 1.0, 1.0, 1.0, 0.0]
[0.04648300709772545, 0.025393172114944934, 0.013771646741632837, 0.005106081389759196, 0.0011553208171356608]
Recall: 0.0
[51, 57, 68, 30, 354]
[0.803921568627451, 0.8947368421052632, 0.9705882352941176, 1.0, 0.0]
[0.04648300709772545, 0.025393172114944934, 0.013771646741632837, 0.005106081389759196, 0.0011553208171356608]
Accuracy: -0.7000000000000001
[51, 57, 68, 30, 354]
[0.803921568627451, 0.8947368421052632, 0.9705882352941176, 1.0, 0.9519774011299436]
[0.04648300709772545, 0.025393172114944934, 0.013771646741632837, 0.005106081389759196, 0.0011553208171356608]
FScore: 0.0
[51, 57, 68, 30, 354]
[0.891304347826087, 0.9444444444444444, 0.9850746268656716, 1.0, 0.0]
[0.04648300709772545, 0.025393172114944934, 0.013771646741632837, 0.005106081389759196, 0.0011553208171356608]
Matthews: NaN
[51, 57, 68, 30, 354]
[0.0, 0.0, 0.0, 0.0, 0.0]
[0.04648300709772545, 0.025393172114944934, 0.013771646741632837, 0.005106081389759196, 0.0011553208171356608]
