MultiResolutionExperiment(3, 10, MultiResolutionTransform(30, 0.10))

Analysis for appendicitis (100)
Precision: -1.0
[12, 10, 78]
[0.5, 0.0, 1.0]
[0.04340884459305383, 0.15183654579737924, 0.002649941418528362]
Recall: -1.0
[12, 10, 78]
[0.25, 0.0, 0.9868421052631579]
[0.04340884459305383, 0.15183654579737924, 0.002649941418528362]
Accuracy: -1.0
[12, 10, 78]
[0.6666666666666666, 0.1, 0.9871794871794872]
[0.04340884459305383, 0.15183654579737924, 0.002649941418528362]
FScore: -1.0
[12, 10, 78]
[0.3333333333333333, 0.0, 0.9933774834437086]
[0.04340884459305383, 0.15183654579737924, 0.002649941418528362]
Matthews: -1.0
[12, 10, 78]
[0.15811388300841897, 0.0, 0.8111071056538127]
[0.04340884459305383, 0.15183654579737924, 0.002649941418528362]

Analysis for banana (5300)
Precision: -1.0
[1527, 3172, 601]
[0.9790419161676647, 0.9990079365079365, 0.050746268656716415]
[0.10416175345498283, 0.014361401699201352, 0.303911874090696]
Recall: -1.0
[1527, 3172, 601]
[0.8460543337645536, 0.9995037220843672, 0.125]
[0.10416175345498283, 0.014361401699201352, 0.303911874090696]
Accuracy: -1.0
[1527, 3172, 601]
[0.9129011132940406, 0.9990542244640606, 0.27287853577371046]
[0.10416175345498283, 0.014361401699201352, 0.303911874090696]
FScore: -1.0
[1527, 3172, 601]
[0.9077029840388618, 0.9992557677995534, 0.07218683651804671]
[0.10416175345498283, 0.014361401699201352, 0.303911874090696]
Matthews: -1.0
[1527, 3172, 601]
[0.8339723001133933, 0.9979589821679885, -0.47080846013787236]
[0.10416175345498283, 0.014361401699201352, 0.303911874090696]

Analysis for breast-cancer-original (650)
Precision: NaN
[455, 43, 152]
[1.0, 1.0, 1.0]
[0.0010144119133025323, 0.11052087914974792, 0.023000353356318226]
Recall: -1.0
[455, 43, 152]
[0.9951219512195122, 0.09090909090909091, 0.5]
[0.0010144119133025323, 0.11052087914974792, 0.023000353356318226]
Accuracy: -1.0
[455, 43, 152]
[0.9956043956043956, 0.7674418604651163, 0.9736842105263158]
[0.0010144119133025323, 0.11052087914974792, 0.023000353356318226]
FScore: -1.0
[455, 43, 152]
[0.9975550122249389, 0.16666666666666669, 0.6666666666666666]
[0.0010144119133025323, 0.11052087914974792, 0.023000353356318226]
Matthews: -1.0
[455, 43, 152]
[0.9761026258923807, 0.2631806779839076, 0.6974858324629157]
[0.0010144119133025323, 0.11052087914974792, 0.023000353356318226]

Analysis for mammographic-masses (960)
Precision: -1.0
[107, 580, 273]
[0.140625, 0.9941348973607038, 0.6126760563380281]
[0.32502831280912614, 0.035004654788652785, 0.1360559742325852]
Recall: -1.0
[107, 580, 273]
[0.18, 0.9883381924198251, 0.7131147540983607]
[0.32502831280912614, 0.035004654788652785, 0.1360559742325852]
Accuracy: -1.0
[107, 580, 273]
[0.102803738317757, 0.9896551724137931, 0.6703296703296703]
[0.32502831280912614, 0.035004654788652785, 0.1360559742325852]
FScore: -1.0
[107, 580, 273]
[0.15789473684210525, 0.9912280701754387, 0.6590909090909092]
[0.32502831280912614, 0.035004654788652785, 0.1360559742325852]
Matthews: -1.0
[107, 580, 273]
[-0.7987655746766092, 0.9786481359150538, 0.347184310522582]
[0.32502831280912614, 0.035004654788652785, 0.1360559742325852]

Analysis for phoneme (5400)
Precision: 1.0
[1292, 3084, 1024]
[0.6350540216086434, 0.02531645569620253, 0.985981308411215]
[0.10357323640045576, 0.01111818853009185, 0.24290031492568134]
Recall: -1.0
[1292, 3084, 1024]
[0.9232111692844677, 1.0, 0.6267326732673267]
[0.10357323640045576, 0.01111818853009185, 0.24290031492568134]
Accuracy: -1.0
[1292, 3084, 1024]
[0.7306501547987616, 0.9750324254215305, 0.623046875]
[0.10357323640045576, 0.01111818853009185, 0.24290031492568134]
FScore: 1.0
[1292, 3084, 1024]
[0.7524893314366998, 0.04938271604938272, 0.7663438256658596]
[0.10357323640045576, 0.01111818853009185, 0.24290031492568134]
Matthews: -0.5
[1292, 3084, 1024]
[0.5194355859024735, 0.1571112822763637, -0.0038717824486876285]
[0.10357323640045576, 0.01111818853009185, 0.24290031492568134]

Analysis for pima (700)
Precision: -1.0
[200, 148, 352]
[0.676923076923077, 0.010416666666666666, 1.0]
[0.0699812894958145, 0.1613777003059915, 0.019759102827075187]
Recall: -1.0
[200, 148, 352]
[0.4536082474226804, 0.25, 0.9255014326647565]
[0.0699812894958145, 0.1613777003059915, 0.019759102827075187]
Accuracy: -1.0
[200, 148, 352]
[0.63, 0.33783783783783783, 0.9261363636363636]
[0.0699812894958145, 0.1613777003059915, 0.019759102827075187]
FScore: -1.0
[200, 148, 352]
[0.54320987654321, 0.019999999999999997, 0.9613095238095237]
[0.0699812894958145, 0.1613777003059915, 0.019759102827075187]
Matthews: -1.0
[200, 148, 352]
[0.26646643271572434, -0.13917571878027324, 0.30942127838441197]
[0.0699812894958145, 0.1613777003059915, 0.019759102827075187]

Analysis for ring (7400)
Precision: -0.5
[824, 4951, 1625]
[0.8636363636363636, 0.9490333919156415, 0.856093979441997]
[0.20138199166377882, 0.020700224184399138, 0.07246217534312434]
Recall: -1.0
[824, 4951, 1625]
[0.34102564102564104, 0.9969230769230769, 0.926131850675139]
[0.20138199166377882, 0.020700224184399138, 0.07246217534312434]
Accuracy: -1.0
[824, 4951, 1625]
[0.32524271844660196, 0.9814178953746718, 0.8221538461538461]
[0.20138199166377882, 0.020700224184399138, 0.07246217534312434]
FScore: -1.0
[824, 4951, 1625]
[0.48897058823529416, 0.9723889555822329, 0.8897367417016406]
[0.20138199166377882, 0.020700224184399138, 0.07246217534312434]
Matthews: -1.0
[824, 4951, 1625]
[-0.2851031549796832, 0.9590582131758878, 0.4430302358751543]
[0.20138199166377882, 0.020700224184399138, 0.07246217534312434]

Analysis for spambase (4550)
Precision: -1.0
[440, 772, 3338]
[0.18807339449541285, 0.7470355731225297, 0.995260663507109]
[0.21357622417842556, 0.08649668629793178, 0.013216791842022162]
Recall: -1.0
[440, 772, 3338]
[0.2907801418439716, 0.7078651685393258, 0.9821428571428571]
[0.21357622417842556, 0.08649668629793178, 0.013216791842022162]
Accuracy: -1.0
[440, 772, 3338]
[0.3704545454545455, 0.8160621761658031, 0.9841222288795686]
[0.21357622417842556, 0.08649668629793178, 0.013216791842022162]
FScore: -1.0
[440, 772, 3338]
[0.2284122562674095, 0.7269230769230769, 0.9886582495185106]
[0.21357622417842556, 0.08649668629793178, 0.013216791842022162]
Matthews: -1.0
[440, 772, 3338]
[-0.281115918183717, 0.5888877779392845, 0.9624370594812166]
[0.21357622417842556, 0.08649668629793178, 0.013216791842022162]

Analysis for twonorm (7400)
Precision: -0.8660254037844386
[334, 5655, 1411]
[0.48255813953488375, 1.0, 1.0]
[0.14151500514688845, 0.0038282755385670064, 0.03585166683902757]
Recall: -0.8660254037844386
[334, 5655, 1411]
[0.535483870967742, 1.0, 1.0]
[0.14151500514688845, 0.0038282755385670064, 0.03585166683902757]
Accuracy: -0.8660254037844386
[334, 5655, 1411]
[0.5179640718562875, 1.0, 1.0]
[0.14151500514688845, 0.0038282755385670064, 0.03585166683902757]
FScore: -0.8660254037844386
[334, 5655, 1411]
[0.5076452599388379, 1.0, 1.0]
[0.14151500514688845, 0.0038282755385670064, 0.03585166683902757]
Matthews: -0.8660254037844386
[334, 5655, 1411]
[0.03819534361857687, 1.0, 1.0]
[0.14151500514688845, 0.0038282755385670064, 0.03585166683902757]

Analysis for wdbc (560)
Precision: 1.0
[85, 110, 365]
[1.0, 0.9906542056074766, 0.42857142857142855]
[0.02842002681649422, 0.0092548566385942, 7.922117122514256E-4]
Recall: -1.0
[85, 110, 365]
[0.8235294117647058, 0.9724770642201835, 1.0]
[0.02842002681649422, 0.0092548566385942, 7.922117122514256E-4]
Accuracy: -0.5
[85, 110, 365]
[0.8235294117647058, 0.9636363636363636, 0.9561643835616438]
[0.02842002681649422, 0.0092548566385942, 7.922117122514256E-4]
FScore: 0.5
[85, 110, 365]
[0.9032258064516129, 0.9814814814814815, 0.6]
[0.02842002681649422, 0.0092548566385942, 7.922117122514256E-4]
Matthews: -0.5
[85, 110, 365]
[0.0, -0.016038195000585002, 0.6396452881859622]
[0.02842002681649422, 0.0092548566385942, 7.922117122514256E-4]
