MultiResolutionExperiment(5, 10, MultiResolutionTransform(10, 0.25))

Analysis for appendicitis (100)
Precision: -0.288675134594813
[1, 0, 76, 18, 5]
[0.0, 0.0, 1.0, 0.0, 1.0]
[0.3928622542116519, 0.0, 0.005405198413525839, 0.18773273755834788, 0.10551260104702323]
Recall: -0.33541019662496846
[1, 0, 76, 18, 5]
[0.0, 0.0, 0.9868421052631579, 0.0, 0.25]
[0.3928622542116519, 0.0, 0.005405198413525839, 0.18773273755834788, 0.10551260104702323]
Accuracy: -0.10259783520851513
[1, 0, 76, 18, 5]
[0.0, 0.0, 0.9868421052631579, 0.5, 0.4]
[0.3928622542116519, 0.0, 0.005405198413525839, 0.18773273755834788, 0.10551260104702323]
FScore: -0.33541019662496846
[1, 0, 76, 18, 5]
[0.0, 0.0, 0.9933774834437086, 0.0, 0.4]
[0.3928622542116519, 0.0, 0.005405198413525839, 0.18773273755834788, 0.10551260104702323]
Matthews: 0.0
[1, 0, 76, 18, 5]
[0.0, 0.0, 0.0, 0.0, 0.25]
[0.3928622542116519, 0.0, 0.005405198413525839, 0.18773273755834788, 0.10551260104702323]

Analysis for banana (5300)
Precision: -0.9
[748, 988, 499, 2646, 419]
[0.99836867862969, 0.9585798816568047, 0.7211538461538461, 1.0, 0.003355704697986577]
[0.14099820696059617, 0.10891269617771614, 0.23552014920848183, 0.0390328036681556, 0.38336665469782355]
Recall: -0.9
[748, 988, 499, 2646, 419]
[0.8488210818307905, 1.0, 0.4658385093167702, 0.9994553376906318, 0.022727272727272728]
[0.14099820696059617, 0.10891269617771614, 0.23552014920848183, 0.0390328036681556, 0.38336665469782355]
Accuracy: -1.0
[748, 988, 499, 2646, 419]
[0.8529411764705882, 0.992914979757085, 0.7695390781563126, 0.9996220710506425, 0.18854415274463007]
[0.14099820696059617, 0.10891269617771614, 0.23552014920848183, 0.0390328036681556, 0.38336665469782355]
FScore: -1.0
[748, 988, 499, 2646, 419]
[0.9175412293853074, 0.9788519637462235, 0.5660377358490566, 0.9997275946608554, 0.005847953216374269]
[0.14099820696059617, 0.10891269617771614, 0.23552014920848183, 0.0390328036681556, 0.38336665469782355]
Matthews: -0.9
[748, 988, 499, 2646, 419]
[0.3937249206638838, 0.9749134953100604, 0.4374062950348713, 0.9991110867473246, -0.5203810711775665]
[0.14099820696059617, 0.10891269617771614, 0.23552014920848183, 0.0390328036681556, 0.38336665469782355]

Analysis for breast-cancer-original (650)
Precision: -0.5773502691896258
[416, 10, 11, 157, 56]
[1.0, 0.0, 1.0, 1.0, 0.0]
[0.0013973344248021462, 0.2029559415608022, 0.17575390073886876, 0.033949900543798525, 0.09131416340017108]
Recall: -0.7181848464596079
[416, 10, 11, 157, 56]
[0.9855769230769231, 0.0, 0.09090909090909091, 1.0, 0.0]
[0.0013973344248021462, 0.2029559415608022, 0.17575390073886876, 0.033949900543798525, 0.09131416340017108]
Accuracy: 0.11180339887498948
[416, 10, 11, 157, 56]
[0.9855769230769231, 1.0, 0.09090909090909091, 1.0, 1.0]
[0.0013973344248021462, 0.2029559415608022, 0.17575390073886876, 0.033949900543798525, 0.09131416340017108]
FScore: -0.7181848464596079
[416, 10, 11, 157, 56]
[0.9927360774818402, 0.0, 0.16666666666666669, 1.0, 0.0]
[0.0013973344248021462, 0.2029559415608022, 0.17575390073886876, 0.033949900543798525, 0.09131416340017108]
Matthews: -0.3535533905932738
[416, 10, 11, 157, 56]
[0.0, 0.0, 0.0, 1.0, 0.0]
[0.0013973344248021462, 0.2029559415608022, 0.17575390073886876, 0.033949900543798525, 0.09131416340017108]

Analysis for mammographic-masses (960)
Precision: -0.9
[108, 66, 106, 185, 495]
[0.3709677419354839, 0.09090909090909091, 0.42857142857142855, 0.9, 1.0]
[0.20296374263868897, 0.4183870845540716, 0.2471349354275404, 0.1114981115679977, 0.04275626670528757]
Recall: -1.0
[108, 66, 106, 185, 495]
[0.7419354838709677, 0.08333333333333333, 0.4909090909090909, 0.875, 0.9937694704049844]
[0.20296374263868897, 0.4183870845540716, 0.2471349354275404, 0.1114981115679977, 0.04275626670528757]
Accuracy: -1.0
[108, 66, 106, 185, 495]
[0.5648148148148148, 0.045454545454545456, 0.39622641509433965, 0.9135135135135135, 0.9959595959595959]
[0.20296374263868897, 0.4183870845540716, 0.2471349354275404, 0.1114981115679977, 0.04275626670528757]
FScore: -1.0
[108, 66, 106, 185, 495]
[0.49462365591397855, 0.08695652173913043, 0.4576271186440678, 0.8873239436619719, 0.996875]
[0.20296374263868897, 0.4183870845540716, 0.2471349354275404, 0.1114981115679977, 0.04275626670528757]
Matthews: -1.0
[108, 66, 106, 185, 495]
[0.2153948649719578, -0.9128709291752768, -0.21874915135022646, 0.8173845760776844, 0.9911995941857618]
[0.20296374263868897, 0.4183870845540716, 0.2471349354275404, 0.1114981115679977, 0.04275626670528757]

Analysis for phoneme (5400)
Precision: 0.9486832980505138
[655, 995, 2169, 718, 863]
[0.013605442176870748, 0.0, 0.0, 1.0, 1.0]
[0.15083667718045776, 0.04884343569289043, 0.005121687125143463, 0.18477495953587608, 0.3361440415685145]
Recall: 0.5642880936468347
[655, 995, 2169, 718, 863]
[1.0, 0.0, 0.0, 0.8885793871866295, 0.6048667439165701]
[0.15083667718045776, 0.04884343569289043, 0.005121687125143463, 0.18477495953587608, 0.3361440415685145]
Accuracy: -0.7000000000000001
[655, 995, 2169, 718, 863]
[0.5572519083969466, 0.914572864321608, 0.9930843706777317, 0.8885793871866295, 0.6048667439165701]
[0.15083667718045776, 0.04884343569289043, 0.005121687125143463, 0.18477495953587608, 0.3361440415685145]
FScore: 0.872081599272381
[655, 995, 2169, 718, 863]
[0.026845637583892617, 0.0, 0.0, 0.9410029498525074, 0.7537906137184116]
[0.15083667718045776, 0.04884343569289043, 0.005121687125143463, 0.18477495953587608, 0.3361440415685145]
Matthews: -0.0
[655, 995, 2169, 718, 863]
[0.08685992241913397, 0.0, 0.0, 0.0, 0.0]
[0.15083667718045776, 0.04884343569289043, 0.005121687125143463, 0.18477495953587608, 0.3361440415685145]

Analysis for pima (700)
Precision: -0.6708203932499369
[116, 128, 134, 256, 66]
[0.03333333333333333, 1.0, 0.0, 1.0, 1.0]
[0.11995436640818678, 0.06310328858262276, 0.24620914329539778, 0.02117594823509172, 0.13743880958403104]
Recall: -0.9
[116, 128, 134, 256, 66]
[0.14285714285714285, 0.7235772357723578, 0.0, 0.96484375, 0.49206349206349204]
[0.11995436640818678, 0.06310328858262276, 0.24620914329539778, 0.02117594823509172, 0.13743880958403104]
Accuracy: -1.0
[116, 128, 134, 256, 66]
[0.6982758620689655, 0.734375, 0.34328358208955223, 0.96484375, 0.5151515151515151]
[0.11995436640818678, 0.06310328858262276, 0.24620914329539778, 0.02117594823509172, 0.13743880958403104]
FScore: -0.9
[116, 128, 134, 256, 66]
[0.05405405405405406, 0.839622641509434, 0.0, 0.9821073558648111, 0.6595744680851063]
[0.11995436640818678, 0.06310328858262276, 0.24620914329539778, 0.02117594823509172, 0.13743880958403104]
Matthews: -0.5
[116, 128, 134, 256, 66]
[-0.06699705791109276, 0.30457562653388304, -0.11797361211853688, 0.0, 0.20537008240807453]
[0.11995436640818678, 0.06310328858262276, 0.24620914329539778, 0.02117594823509172, 0.13743880958403104]

Analysis for ring (7400)
Precision: -0.15389675281277299
[1865, 288, 960, 528, 3759]
[1.0, 0.0, 0.972636815920398, 0.0, 0.9486607142857143]
[0.07633815178690476, 0.09396393998305799, 0.26221428725419044, 0.12049860261172499, 0.026658404027552027]
Recall: -0.6668859288553503
[1865, 288, 960, 528, 3759]
[0.9710455764075067, 0.0, 0.41201264488935724, 0.0, 1.0]
[0.07633815178690476, 0.09396393998305799, 0.26221428725419044, 0.12049860261172499, 0.026658404027552027]
Accuracy: -1.0
[1865, 288, 960, 528, 3759]
[0.9710455764075067, 0.90625, 0.40729166666666666, 0.5435606060606061, 0.9877627028465017]
[0.07633815178690476, 0.09396393998305799, 0.26221428725419044, 0.12049860261172499, 0.026658404027552027]
FScore: -0.5642880936468347
[1865, 288, 960, 528, 3759]
[0.9853101196953209, 0.0, 0.5788304959289415, 0.0, 0.9736540664375716]
[0.07633815178690476, 0.09396393998305799, 0.26221428725419044, 0.12049860261172499, 0.026658404027552027]
Matthews: -0.8944271909999159
[1865, 288, 960, 528, 3759]
[0.0, 0.0, -0.12684323487821816, 0.0, 0.9662606004358367]
[0.07633815178690476, 0.09396393998305799, 0.26221428725419044, 0.12049860261172499, 0.026658404027552027]

Analysis for spambase (4550)
Precision: -0.9
[280, 293, 2802, 283, 892]
[0.1032258064516129, 0.4444444444444444, 0.9990601503759399, 0.5376344086021505, 0.9186046511627907]
[0.3314971665283019, 0.16508483023722598, 0.018952902044952268, 0.19326802510328633, 0.07488307746245024]
Recall: -1.0
[280, 293, 2802, 283, 892]
[0.21052631578947367, 0.6666666666666666, 0.9883774988377498, 0.423728813559322, 0.8610354223433242]
[0.3314971665283019, 0.16508483023722598, 0.018952902044952268, 0.19326802510328633, 0.07488307746245024]
Accuracy: -1.0
[280, 293, 2802, 283, 892]
[0.2892857142857143, 0.8088737201365188, 0.9903640256959315, 0.607773851590106, 0.9114349775784754]
[0.3314971665283019, 0.16508483023722598, 0.018952902044952268, 0.19326802510328633, 0.07488307746245024]
FScore: -1.0
[280, 293, 2802, 283, 892]
[0.13852813852813853, 0.5333333333333333, 0.9936901145127366, 0.4739336492890995, 0.8888888888888888]
[0.3314971665283019, 0.16508483023722598, 0.018952902044952268, 0.19326802510328633, 0.07488307746245024]
Matthews: -1.0
[280, 293, 2802, 283, 892]
[-0.4211920106205477, 0.4327685185522801, 0.9735668086086707, 0.1712297581392153, 0.8165718221438792]
[0.3314971665283019, 0.16508483023722598, 0.018952902044952268, 0.19326802510328633, 0.07488307746245024]

Analysis for twonorm (7400)
Precision: -0.8944271909999159
[174, 2477, 500, 3041, 1208]
[0.15053763440860216, 1.0, 0.9640287769784173, 1.0, 1.0]
[0.23546203140621924, 0.020374521924090623, 0.11231891020312657, 0.00591441773361877, 0.05057938747107036]
Recall: -0.8944271909999159
[174, 2477, 500, 3041, 1208]
[0.1794871794871795, 1.0, 0.9710144927536232, 1.0, 1.0]
[0.23546203140621924, 0.020374521924090623, 0.11231891020312657, 0.00591441773361877, 0.05057938747107036]
Accuracy: -0.8944271909999159
[174, 2477, 500, 3041, 1208]
[0.1781609195402299, 1.0, 0.964, 1.0, 1.0]
[0.23546203140621924, 0.020374521924090623, 0.11231891020312657, 0.00591441773361877, 0.05057938747107036]
FScore: -0.8944271909999159
[174, 2477, 500, 3041, 1208]
[0.16374269005847955, 1.0, 0.967509025270758, 1.0, 1.0]
[0.23546203140621924, 0.020374521924090623, 0.11231891020312657, 0.00591441773361877, 0.05057938747107036]
Matthews: -0.8944271909999159
[174, 2477, 500, 3041, 1208]
[-0.6415047760556525, 1.0, 0.927181833979566, 1.0, 1.0]
[0.23546203140621924, 0.020374521924090623, 0.11231891020312657, 0.00591441773361877, 0.05057938747107036]

Analysis for wdbc (560)
Precision: 0.8660254037844386
[119, 87, 0, 3, 351]
[1.0, 1.0, 0.0, 0.0, 0.0]
[0.05791291177717912, 0.02142104716426226, 0.0, 0.01856675173965113, 0.002165405877054438]
Recall: 0.7826237921249264
[119, 87, 0, 3, 351]
[0.8571428571428571, 0.9885057471264368, 0.0, 0.0, 0.0]
[0.05791291177717912, 0.02142104716426226, 0.0, 0.01856675173965113, 0.002165405877054438]
Accuracy: 0.5
[119, 87, 0, 3, 351]
[0.8571428571428571, 0.9885057471264368, 0.0, 0.3333333333333333, 0.9572649572649573]
[0.05791291177717912, 0.02142104716426226, 0.0, 0.01856675173965113, 0.002165405877054438]
FScore: 0.7826237921249264
[119, 87, 0, 3, 351]
[0.923076923076923, 0.9942196531791908, 0.0, 0.0, 0.0]
[0.05791291177717912, 0.02142104716426226, 0.0, 0.01856675173965113, 0.002165405877054438]
Matthews: NaN
[119, 87, 0, 3, 351]
[0.0, 0.0, 0.0, 0.0, 0.0]
[0.05791291177717912, 0.02142104716426226, 0.0, 0.01856675173965113, 0.002165405877054438]
