MultiResolutionExperiment(3, 10, MultiResolutionTransform(20, 0.25)

Analysis for appendicitis (100)
Precision: -0.8660254037844386
[7, 78, 15]
[0.0, 1.0, 0.0]
[0.285207655999751, 0.007230443007400309, 0.08123540254397232]
Recall: -0.8660254037844386
[7, 78, 15]
[0.0, 0.987012987012987, 0.0]
[0.285207655999751, 0.007230443007400309, 0.08123540254397232]
Accuracy: -1.0
[7, 78, 15]
[0.14285714285714285, 0.9871794871794872, 0.5333333333333333]
[0.285207655999751, 0.007230443007400309, 0.08123540254397232]
FScore: -0.8660254037844386
[7, 78, 15]
[0.0, 0.9934640522875817, 0.0]
[0.285207655999751, 0.007230443007400309, 0.08123540254397232]
Matthews: -0.5
[7, 78, 15]
[0.0, 0.7025001733142089, -0.30151134457776363]
[0.285207655999751, 0.007230443007400309, 0.08123540254397232]

Analysis for banana (5300)
Precision: -1.0
[626, 3022, 1652]
[0.027190332326283987, 0.9970399605328071, 0.9909228441754917]
[0.3231296515813701, 0.037398331026362114, 0.1327999816397065]
Recall: -1.0
[626, 3022, 1652]
[0.08035714285714286, 0.996057171020207, 0.8365261813537676]
[0.3231296515813701, 0.037398331026362114, 0.1327999816397065]
Accuracy: -1.0
[626, 3022, 1652]
[0.3210862619808307, 0.9953673064195897, 0.9188861985472155]
[0.3231296515813701, 0.037398331026362114, 0.1327999816397065]
FScore: -1.0
[626, 3022, 1652]
[0.04063205417607224, 0.9965483234714004, 0.907202216066482]
[0.3231296515813701, 0.037398331026362114, 0.1327999816397065]
Matthews: -1.0
[626, 3022, 1652]
[-0.41931397208869814, 0.9895071870644507, 0.8455383536332051]
[0.3231296515813701, 0.037398331026362114, 0.1327999816397065]

Analysis for breast-cancer-original (650)
Precision: -0.8660254037844386
[573, 18, 59]
[1.0, 0.0, 1.0]
[0.0012449200634568679, 0.16203572524730964, 0.043088191882430106]
Recall: -1.0
[573, 18, 59]
[0.9903614457831326, 0.0, 0.25]
[0.0012449200634568679, 0.16203572524730964, 0.043088191882430106]
Accuracy: -1.0
[573, 18, 59]
[0.9930191972076788, 0.6666666666666666, 0.8983050847457628]
[0.0012449200634568679, 0.16203572524730964, 0.043088191882430106]
FScore: -1.0
[573, 18, 59]
[0.9951573849878934, 0.0, 0.4]
[0.0012449200634568679, 0.16203572524730964, 0.043088191882430106]
Matthews: -1.0
[573, 18, 59]
[0.9828062254338086, 0.0, 0.47295265146345866]
[0.0012449200634568679, 0.16203572524730964, 0.043088191882430106]

Analysis for mammographic-masses (960)
Precision: -1.0
[132, 513, 315]
[0.28205128205128205, 0.9880952380952381, 0.6090225563909775]
[0.3313451612206777, 0.03979298517354687, 0.13469000485627852]
Recall: -1.0
[132, 513, 315]
[0.29333333333333333, 0.9822485207100592, 0.7941176470588235]
[0.3313451612206777, 0.03979298517354687, 0.13469000485627852]
Accuracy: -1.0
[132, 513, 315]
[0.17424242424242425, 0.9805068226120858, 0.7682539682539683]
[0.3313451612206777, 0.03979298517354687, 0.13469000485627852]
FScore: -1.0
[132, 513, 315]
[0.2875816993464052, 0.9851632047477745, 0.6893617021276595]
[0.3313451612206777, 0.03979298517354687, 0.13469000485627852]
Matthews: -1.0
[132, 513, 315]
[-0.6942573747135709, 0.9567906303387189, 0.5210509104040176]
[0.3313451612206777, 0.03979298517354687, 0.13469000485627852]

Analysis for phoneme (5400)
Precision: 1.0
[1056, 3087, 1257]
[0.4909090909090909, 0.058823529411764705, 0.9976851851851852]
[0.11756523348858325, 0.016084949697920882, 0.27053326744527073]
Recall: -1.0
[1056, 3087, 1257]
[0.9, 1.0, 0.6896]
[0.11756523348858325, 0.016084949697920882, 0.27053326744527073]
Accuracy: -0.5
[1056, 3087, 1257]
[0.6770833333333334, 0.9740848720440557, 0.6897374701670644]
[0.11756523348858325, 0.016084949697920882, 0.27053326744527073]
FScore: 1.0
[1056, 3087, 1257]
[0.6352941176470589, 0.1111111111111111, 0.815515610217597]
[0.11756523348858325, 0.016084949697920882, 0.27053326744527073]
Matthews: -0.5
[1056, 3087, 1257]
[0.4458051021183846, 0.2393671594423639, 0.06483497865946229]
[0.11756523348858325, 0.016084949697920882, 0.27053326744527073]

Analysis for pima (700)
Precision: -1.0
[130, 157, 413]
[0.0, 0.5106382978723404, 0.9856733524355301]
[0.23192417991689893, 0.0938387294442211, 0.03316563952167073]
Recall: -1.0
[130, 157, 413]
[0.0, 0.3582089552238806, 0.900523560209424]
[0.23192417991689893, 0.0938387294442211, 0.03316563952167073]
Accuracy: -1.0
[130, 157, 413]
[0.3153846153846154, 0.5796178343949044, 0.8958837772397095]
[0.23192417991689893, 0.0938387294442211, 0.03316563952167073]
FScore: -1.0
[130, 157, 413]
[0.0, 0.4210526315789473, 0.9411764705882353]
[0.23192417991689893, 0.0938387294442211, 0.03316563952167073]
Matthews: -1.0
[130, 157, 413]
[-0.12744471655207798, 0.1108630241981972, 0.5382590163882458]
[0.23192417991689893, 0.0938387294442211, 0.03316563952167073]

Analysis for ring (7400)
Precision: -0.5
[740, 1234, 5426]
[0.9163179916317992, 0.8589861751152074, 0.9259620068192889]
[0.27600189384923607, 0.10403201868563394, 0.031326946217824635]
Recall: -1.0
[740, 1234, 5426]
[0.3045897079276773, 0.9048543689320389, 0.9926892950391645]
[0.27600189384923607, 0.10403201868563394, 0.031326946217824635]
Accuracy: -1.0
[740, 1234, 5426]
[0.2972972972972973, 0.7965964343598055, 0.9694065610025802]
[0.27600189384923607, 0.10403201868563394, 0.031326946217824635]
FScore: -1.0
[740, 1234, 5426]
[0.4572025052192067, 0.881323877068558, 0.9581653225806451]
[0.27600189384923607, 0.10403201868563394, 0.031326946217824635]
Matthews: -1.0
[740, 1234, 5426]
[-0.2300336406773398, 0.17654245250457273, 0.9355024208185752]
[0.27600189384923607, 0.10403201868563394, 0.031326946217824635]

Analysis for spambase (4550)
Precision: -1.0
[689, 1102, 2759]
[0.13304721030042918, 0.9190871369294605, 0.994703899855561]
[0.26559137088262325, 0.10120889605406545, 0.021081480472520328]
Recall: -1.0
[689, 1102, 2759]
[0.2605042016806723, 0.8143382352941176, 0.9852169766332857]
[0.26559137088262325, 0.10120889605406545, 0.021081480472520328]
Accuracy: -1.0
[689, 1102, 2759]
[0.579100145137881, 0.8729582577132486, 0.9847770931496919]
[0.26559137088262325, 0.10120889605406545, 0.021081480472520328]
FScore: -1.0
[689, 1102, 2759]
[0.17613636363636365, 0.8635477582846004, 0.9899377096310493]
[0.26559137088262325, 0.10120889605406545, 0.021081480472520328]
Matthews: -1.0
[689, 1102, 2759]
[-0.07501217607276683, 0.7502918819106832, 0.9588761929924874]
[0.26559137088262325, 0.10120889605406545, 0.021081480472520328]

Analysis for twonorm (7400)
Precision: -1.0
[458, 4725, 2217]
[0.6506024096385542, 1.0, 0.9981751824817519]
[0.15698489551050762, 0.007649538886355738, 0.04124336894625554]
Recall: -0.8660254037844386
[458, 4725, 2217]
[0.6923076923076923, 1.0, 1.0]
[0.15698489551050762, 0.007649538886355738, 0.04124336894625554]
Accuracy: -1.0
[458, 4725, 2217]
[0.6528384279475983, 1.0, 0.9990978800180425]
[0.15698489551050762, 0.007649538886355738, 0.04124336894625554]
FScore: -1.0
[458, 4725, 2217]
[0.6708074534161491, 1.0, 0.9990867579908677]
[0.15698489551050762, 0.007649538886355738, 0.04124336894625554]
Matthews: -1.0
[458, 4725, 2217]
[0.3050078530756933, 1.0, 0.998197119049696]
[0.15698489551050762, 0.007649538886355738, 0.04124336894625554]

Analysis for wdbc (560)
Precision: 0.8660254037844386
[62, 66, 432]
[1.0, 1.0, 0.8172043010752689]
[0.0843818378671739, 0.02290714756625704, 0.0034612031031007124]
Recall: -1.0
[62, 66, 432]
[0.8225806451612904, 0.9242424242424242, 0.9743589743589743]
[0.0843818378671739, 0.02290714756625704, 0.0034612031031007124]
Accuracy: -1.0
[62, 66, 432]
[0.8225806451612904, 0.9242424242424242, 0.9560185185185185]
[0.0843818378671739, 0.02290714756625704, 0.0034612031031007124]
FScore: 0.5
[62, 66, 432]
[0.9026548672566371, 0.9606299212598425, 0.888888888888889]
[0.0843818378671739, 0.02290714756625704, 0.0034612031031007124]
Matthews: -0.8660254037844386
[62, 66, 432]
[0.0, 0.0, 0.8669146203244021]
[0.0843818378671739, 0.02290714756625704, 0.0034612031031007124]
