MultiResolutionExperiment(4, 10, MultiResolutionTransform(20, 0.20)

Analysis for appendicitis (100)
Precision: -0.4472135954999579
[1, 15, 7, 77]
[1.0, 0.0, 0.0, 1.0]
[0.13519190034470918, 0.06747641517709381, 0.2668704554409486, 0.0049447908025958475]
Recall: -0.210818510677892
[1, 15, 7, 77]
[1.0, 0.0, 0.0, 0.9868421052631579]
[0.13519190034470918, 0.06747641517709381, 0.2668704554409486, 0.0049447908025958475]
Accuracy: -0.39999999999999997
[1, 15, 7, 77]
[1.0, 0.5333333333333333, 0.14285714285714285, 0.987012987012987]
[0.13519190034470918, 0.06747641517709381, 0.2668704554409486, 0.0049447908025958475]
FScore: -0.210818510677892
[1, 15, 7, 77]
[1.0, 0.0, 0.0, 0.9933774834437086]
[0.13519190034470918, 0.06747641517709381, 0.2668704554409486, 0.0049447908025958475]
Matthews: -0.31622776601683794
[1, 15, 7, 77]
[0.0, -0.30151134457776363, 0.0, 0.7024393586862705]
[0.13519190034470918, 0.06747641517709381, 0.2668704554409486, 0.0049447908025958475]

Analysis for banana (5300)
Precision: -1.0
[2462, 1567, 474, 797]
[0.9969381506429884, 0.996328029375765, 0.0032258064516129032, 0.9343629343629344]
[0.021916705808134814, 0.0806474796885234, 0.3453022445856076, 0.18497103724900607]
Recall: -1.0
[2462, 1567, 474, 797]
[0.9987730061349693, 0.9783653846153846, 0.017543859649122806, 0.5975308641975309]
[0.021916705808134814, 0.0806474796885234, 0.3453022445856076, 0.18497103724900607]
Accuracy: -1.0
[2462, 1567, 474, 797]
[0.9971567831031681, 0.9865985960433951, 0.229957805907173, 0.7741530740276035]
[0.021916705808134814, 0.0806474796885234, 0.3453022445856076, 0.18497103724900607]
FScore: -1.0
[2462, 1567, 474, 797]
[0.9978547349065278, 0.987265009096422, 0.005449591280653951, 0.7289156626506025]
[0.021916705808134814, 0.0806474796885234, 0.3453022445856076, 0.18497103724900607]
Matthews: -1.0
[2462, 1567, 474, 797]
[0.9936441074210934, 0.9733053994499119, -0.4946741431501505, 0.5915173074267106]
[0.021916705808134814, 0.0806474796885234, 0.3453022445856076, 0.18497103724900607]

Analysis for breast-cancer-original (650)
Precision: -0.8944271909999159
[564, 41, 17, 28]
[1.0, 1.0, 0.0, 0.0]
[8.256860717909538E-4, 0.019025150122287345, 0.1545733848343358, 0.065137269979342]
Recall: -0.9486832980505139
[564, 41, 17, 28]
[0.9927360774818402, 0.5, 0.0, 0.0]
[8.256860717909538E-4, 0.019025150122287345, 0.1545733848343358, 0.065137269979342]
Accuracy: -1.0
[564, 41, 17, 28]
[0.9946808510638298, 0.926829268292683, 0.6470588235294118, 0.8571428571428571]
[8.256860717909538E-4, 0.019025150122287345, 0.1545733848343358, 0.065137269979342]
FScore: -0.9486832980505139
[564, 41, 17, 28]
[0.9963547995139732, 0.6666666666666666, 0.0, 0.0]
[8.256860717909538E-4, 0.019025150122287345, 0.1545733848343358, 0.065137269979342]
Matthews: -0.9486832980505139
[564, 41, 17, 28]
[0.9866088703156083, 0.678620892538296, 0.0, 0.0]
[8.256860717909538E-4, 0.019025150122287345, 0.1545733848343358, 0.065137269979342]

Analysis for mammographic-masses (960)
Precision: -1.0
[226, 121, 506, 107]
[0.7976190476190477, 0.26865671641791045, 0.990990990990991, 0.31746031746031744]
[0.10287037991278108, 0.33259592843718105, 0.03638504449630705, 0.19395385485040376]
Recall: -0.8000000000000002
[226, 121, 506, 107]
[0.788235294117647, 0.2535211267605634, 0.9880239520958084, 0.8]
[0.10287037991278108, 0.33259592843718105, 0.03638504449630705, 0.19395385485040376]
Accuracy: -1.0
[226, 121, 506, 107]
[0.8451327433628318, 0.15702479338842976, 0.9861660079051383, 0.5514018691588785]
[0.10287037991278108, 0.33259592843718105, 0.03638504449630705, 0.19395385485040376]
FScore: -1.0
[226, 121, 506, 107]
[0.7928994082840236, 0.2608695652173913, 0.9895052473763118, 0.45454545454545453]
[0.10287037991278108, 0.33259592843718105, 0.03638504449630705, 0.19395385485040376]
Matthews: -1.0
[226, 121, 506, 107]
[0.6692612999414974, -0.7196194356328554, 0.9692248987683101, 0.23701449365019947]
[0.10287037991278108, 0.33259592843718105, 0.03638504449630705, 0.19395385485040376]

Analysis for phoneme (5400)
Precision: 1.0
[680, 996, 2977, 747]
[0.9698581560283688, 0.34791666666666665, 0.11940298507462686, 0.9977426636568849]
[0.17834837362367076, 0.10490063280724128, 0.01270982140660814, 0.3065677018071667]
Recall: -0.8
[680, 996, 2977, 747]
[0.8402457757296466, 0.9329608938547486, 0.8888888888888888, 0.5924932975871313]
[0.17834837362367076, 0.10490063280724128, 0.01270982140660814, 0.3065677018071667]
Accuracy: -0.8
[680, 996, 2977, 747]
[0.8220588235294117, 0.6736947791164659, 0.9798454820288881, 0.5917001338688086]
[0.17834837362367076, 0.10490063280724128, 0.01270982140660814, 0.3065677018071667]
FScore: 0.8
[680, 996, 2977, 747]
[0.9004115226337449, 0.5068285280728376, 0.2105263157894737, 0.7434819175777964]
[0.17834837362367076, 0.10490063280724128, 0.01270982140660814, 0.3065677018071667]
Matthews: -0.8
[680, 996, 2977, 747]
[0.13646495445344028, 0.42251083511085136, 0.32165786317857253, -0.030329518450176028]
[0.17834837362367076, 0.10490063280724128, 0.01270982140660814, 0.3065677018071667]

Analysis for pima (700)
Precision: -0.8
[122, 114, 100, 364]
[1.0, 0.0, 0.0625, 0.9802631578947368]
[0.08891112535550907, 0.23313329639522992, 0.09490682347916678, 0.02325580662604574]
Recall: -1.0
[122, 114, 100, 364]
[0.591304347826087, 0.0, 0.2222222222222222, 0.916923076923077]
[0.08891112535550907, 0.23313329639522992, 0.09490682347916678, 0.02325580662604574]
Accuracy: -0.8
[122, 114, 100, 364]
[0.6147540983606558, 0.2894736842105263, 0.63, 0.9093406593406593]
[0.08891112535550907, 0.23313329639522992, 0.09490682347916678, 0.02325580662604574]
FScore: -1.0
[122, 114, 100, 364]
[0.7431693989071038, 0.0, 0.0975609756097561, 0.9475357710651829]
[0.08891112535550907, 0.23313329639522992, 0.09490682347916678, 0.02325580662604574]
Matthews: -1.0
[122, 114, 100, 364]
[0.27685838186171163, -0.14429999406566285, -0.06591910098552346, 0.6361065782927955]
[0.08891112535550907, 0.23313329639522992, 0.09490682347916678, 0.02325580662604574]

Analysis for ring (7400)
Precision: -0.39999999999999997
[894, 698, 964, 4844]
[0.14006514657980457, 0.9056603773584906, 0.981198589894242, 0.9875435974090683]
[0.09495340860719324, 0.2744648737650147, 0.09890515707444848, 0.02224740363648568]
Recall: -0.8
[894, 698, 964, 4844]
[1.0, 0.2831858407079646, 0.8817317845828934, 0.9929859719438878]
[0.09495340860719324, 0.2744648737650147, 0.09890515707444848, 0.02224740363648568]
Accuracy: -0.8
[894, 698, 964, 4844]
[0.7046979865771812, 0.27507163323782235, 0.8672199170124482, 0.9919488026424442]
[0.09495340860719324, 0.2744648737650147, 0.09890515707444848, 0.02224740363648568]
FScore: -0.39999999999999997
[894, 698, 964, 4844]
[0.24571428571428572, 0.4314606741573034, 0.9288097886540599, 0.9902573070197351]
[0.09495340860719324, 0.2744648737650147, 0.09890515707444848, 0.02224740363648568]
Matthews: -1.0
[894, 698, 964, 4844]
[0.3108274107132437, -0.26004610608832707, -0.024322515330565144, 0.9834080195741577]
[0.09495340860719324, 0.2744648737650147, 0.09890515707444848, 0.02224740363648568]

Analysis for spambase (4550)
Precision: -1.0
[426, 1558, 658, 1908]
[0.09844559585492228, 0.981149012567325, 0.5983606557377049, 0.9941305942773294]
[0.30508795941821387, 0.059455346517267325, 0.15328808588128623, 0.008519427718452675]
Recall: -1.0
[426, 1558, 658, 1908]
[0.2289156626506024, 0.9390034364261168, 0.503448275862069, 0.9904970760233918]
[0.30508795941821387, 0.059455346517267325, 0.15328808588128623, 0.008519427718452675]
Accuracy: -1.0
[426, 1558, 658, 1908]
[0.4413145539906103, 0.9409499358151476, 0.8161094224924013, 0.9889937106918238]
[0.30508795941821387, 0.059455346517267325, 0.15328808588128623, 0.008519427718452675]
FScore: -1.0
[426, 1558, 658, 1908]
[0.13768115942028986, 0.9596136962247586, 0.5468164794007491, 0.9923105089710729]
[0.30508795941821387, 0.059455346517267325, 0.15328808588128623, 0.008519427718452675]
Matthews: -1.0
[426, 1558, 658, 1908]
[-0.22149123752830427, 0.8528626573041019, 0.4350787136563474, 0.972976069236348]
[0.30508795941821387, 0.059455346517267325, 0.15328808588128623, 0.008519427718452675]

Analysis for twonorm (7400)
Precision: -0.9486832980505139
[265, 3905, 2338, 892]
[0.37777777777777777, 1.0, 1.0, 0.9896265560165975]
[0.18720227923542815, 0.004349842190763032, 0.02173797628125902, 0.06900486025777655]
Recall: -0.9486832980505139
[265, 3905, 2338, 892]
[0.425, 1.0, 1.0, 0.99375]
[0.18720227923542815, 0.004349842190763032, 0.02173797628125902, 0.06900486025777655]
Accuracy: -0.9486832980505139
[265, 3905, 2338, 892]
[0.4226415094339623, 1.0, 1.0, 0.9910313901345291]
[0.18720227923542815, 0.004349842190763032, 0.02173797628125902, 0.06900486025777655]
FScore: -0.9486832980505139
[265, 3905, 2338, 892]
[0.3999999999999999, 1.0, 1.0, 0.9916839916839917]
[0.18720227923542815, 0.004349842190763032, 0.02173797628125902, 0.06900486025777655]
Matthews: -0.9486832980505139
[265, 3905, 2338, 892]
[-0.15364948378300708, 1.0, 1.0, 0.9819617186989236]
[0.18720227923542815, 0.004349842190763032, 0.02173797628125902, 0.06900486025777655]

Analysis for wdbc (560)
Precision: 1.0
[61, 0, 435, 64]
[1.0, 0.0, 0.8333333333333334, 0.9830508474576272]
[0.07867868762786237, 0.0, 0.0030511610501056385, 0.021043043926645195]
Recall: 0.2000000000000001
[61, 0, 435, 64]
[0.819672131147541, 0.0, 0.975609756097561, 0.9206349206349206]
[0.07867868762786237, 0.0, 0.0030511610501056385, 0.021043043926645195]
Accuracy: 0.2000000000000001
[61, 0, 435, 64]
[0.819672131147541, 0.0, 0.9586206896551724, 0.90625]
[0.07867868762786237, 0.0, 0.0030511610501056385, 0.021043043926645195]
FScore: 0.8
[61, 0, 435, 64]
[0.9009009009009009, 0.0, 0.8988764044943819, 0.9508196721311476]
[0.07867868762786237, 0.0, 0.0030511610501056385, 0.021043043926645195]
Matthews: -0.31622776601683794
[61, 0, 435, 64]
[0.0, 0.0, 0.8773529771454619, -0.036676570677971795]
[0.07867868762786237, 0.0, 0.0030511610501056385, 0.021043043926645195]
