MultiResolutionExperiment(5, 10, MultiResolutionTransform(50, 0.20)

Analysis for appendicitis (100)
Precision: -0.8660254037844386
[4, 1, 77, 8, 10]
[0.0, 0.0, 1.0, 0.0, 1.0]
[0.26554006894418825, 0.3577521671306897, 0.004461297550001533, 0.09284202092723808, 0.057830680096479]
Recall: -0.8944271909999159
[4, 1, 77, 8, 10]
[0.0, 0.0, 0.9868421052631579, 0.0, 0.25]
[0.26554006894418825, 0.3577521671306897, 0.004461297550001533, 0.09284202092723808, 0.057830680096479]
Accuracy: -0.9746794344808963
[4, 1, 77, 8, 10]
[0.0, 0.0, 0.987012987012987, 0.375, 0.7]
[0.26554006894418825, 0.3577521671306897, 0.004461297550001533, 0.09284202092723808, 0.057830680096479]
FScore: -0.8944271909999159
[4, 1, 77, 8, 10]
[0.0, 0.0, 0.9933774834437086, 0.0, 0.4]
[0.26554006894418825, 0.3577521671306897, 0.004461297550001533, 0.09284202092723808, 0.057830680096479]
Matthews: -0.8944271909999159
[4, 1, 77, 8, 10]
[0.0, 0.0, 0.7024393586862705, 0.0, 0.408248290463863]
[0.26554006894418825, 0.3577521671306897, 0.004461297550001533, 0.09284202092723808, 0.057830680096479]

Analysis for banana (5300)
Precision: -0.7000000000000001
[572, 1433, 497, 2327, 471]
[0.9974874371859297, 0.9944521497919556, 0.6521739130434783, 0.9974076474400518, 0.006430868167202572]
[0.15589406062597091, 0.06312460838371399, 0.162668814441667, 0.018185103501663077, 0.32723604334962103]
Recall: -1.0
[572, 1433, 497, 2327, 471]
[0.7218181818181818, 0.9930747922437673, 0.5882352941176471, 0.9993506493506493, 0.03278688524590164]
[0.15589406062597091, 0.06312460838371399, 0.162668814441667, 0.018185103501663077, 0.32723604334962103]
Accuracy: -0.9
[572, 1433, 497, 2327, 471]
[0.7307692307692307, 0.9937194696441033, 0.9255533199195171, 0.9978513107004727, 0.21868365180467092]
[0.15589406062597091, 0.06312460838371399, 0.162668814441667, 0.018185103501663077, 0.32723604334962103]
FScore: -1.0
[572, 1433, 497, 2327, 471]
[0.8375527426160337, 0.9937629937629938, 0.6185567010309279, 0.9983782030489783, 0.010752688172043012]
[0.15589406062597091, 0.06312460838371399, 0.162668814441667, 0.018185103501663077, 0.32723604334962103]
Matthews: -0.9
[572, 1433, 497, 2327, 471]
[0.28272015832333297, 0.987439295494167, 0.5783732834118224, 0.9951996607880491, -0.5110631965581064]
[0.15589406062597091, 0.06312460838371399, 0.162668814441667, 0.018185103501663077, 0.32723604334962103]

Analysis for breast-cancer-original (650)
Precision: -0.5773502691896258
[11, 560, 14, 41, 24]
[1.0, 1.0, 0.0, 1.0, 0.0]
[0.0768863987390242, 5.960618194539936E-4, 0.15477068125991952, 0.014099574533496875, 0.0486509328329044]
Recall: -0.8207826816681233
[11, 560, 14, 41, 24]
[0.3333333333333333, 0.9927007299270073, 0.0, 0.5714285714285714, 0.0]
[0.0768863987390242, 5.960618194539936E-4, 0.15477068125991952, 0.014099574533496875, 0.0486509328329044]
Accuracy: -1.0
[11, 560, 14, 41, 24]
[0.8181818181818182, 0.9946428571428572, 0.7142857142857143, 0.926829268292683, 0.8333333333333334]
[0.0768863987390242, 5.960618194539936E-4, 0.15477068125991952, 0.014099574533496875, 0.0486509328329044]
FScore: -0.8207826816681233
[11, 560, 14, 41, 24]
[0.5, 0.9963369963369962, 0.0, 0.7272727272727273, 0.0]
[0.0768863987390242, 5.960618194539936E-4, 0.15477068125991952, 0.014099574533496875, 0.0486509328329044]
Matthews: -0.8207826816681233
[11, 560, 14, 41, 24]
[0.5163977794943222, 0.9864623420904919, 0.0, 0.7246354428928556, 0.0]
[0.0768863987390242, 5.960618194539936E-4, 0.15477068125991952, 0.014099574533496875, 0.0486509328329044]

Analysis for mammographic-masses (960)
Precision: -0.9
[97, 96, 94, 428, 245]
[0.27586206896551724, 0.32, 0.5454545454545454, 0.9939024390243902, 0.8392857142857143]
[0.17950109609553014, 0.33671115482944086, 0.15765358911215066, 0.02995731053741104, 0.0753219558991824]
Recall: -0.9
[97, 96, 94, 428, 245]
[0.8, 0.25806451612903225, 0.6, 0.9939024390243902, 0.8545454545454545]
[0.17950109609553014, 0.33671115482944086, 0.15765358911215066, 0.02995731053741104, 0.0753219558991824]
Accuracy: -0.9
[97, 96, 94, 428, 245]
[0.5257731958762887, 0.16666666666666666, 0.5212765957446809, 0.9906542056074766, 0.9306122448979591]
[0.17950109609553014, 0.33671115482944086, 0.15765358911215066, 0.02995731053741104, 0.0753219558991824]
FScore: -1.0
[97, 96, 94, 428, 245]
[0.4102564102564103, 0.2857142857142857, 0.5714285714285713, 0.9939024390243902, 0.8468468468468467]
[0.17950109609553014, 0.33671115482944086, 0.15765358911215066, 0.02995731053741104, 0.0753219558991824]
Matthews: -0.9
[97, 96, 94, 428, 245]
[0.21002906853445552, -0.7102929881621091, 0.03222352531629848, 0.9739024390243902, 0.8020510765968336]
[0.17950109609553014, 0.33671115482944086, 0.15765358911215066, 0.02995731053741104, 0.0753219558991824]

Analysis for phoneme (5400)
Precision: 0.9
[649, 666, 2768, 562, 755]
[0.9816176470588235, 0.5900900900900901, 0.0, 0.18151815181518152, 0.9977528089887641]
[0.163517652345108, 0.05641722971294971, 0.00944604760225012, 0.12907900575399733, 0.28604269144259614]
Recall: 0.0
[649, 666, 2768, 562, 755]
[0.848966613672496, 0.9424460431654677, 0.0, 0.873015873015873, 0.5888594164456233]
[0.163517652345108, 0.05641722971294971, 0.00944604760225012, 0.12907900575399733, 0.28604269144259614]
Accuracy: -0.7000000000000001
[649, 666, 2768, 562, 755]
[0.8382126348228043, 0.8513513513513513, 0.9855491329479769, 0.5444839857651246, 0.5880794701986755]
[0.163517652345108, 0.05641722971294971, 0.00944604760225012, 0.12907900575399733, 0.28604269144259614]
FScore: 0.8
[649, 666, 2768, 562, 755]
[0.9104859335038362, 0.7257617728531855, 0.0, 0.3005464480874317, 0.7406171809841535]
[0.163517652345108, 0.05641722971294971, 0.00944604760225012, 0.12907900575399733, 0.28604269144259614]
Matthews: -0.39999999999999997
[649, 666, 2768, 562, 755]
[0.16376839783866046, 0.663599440299016, 0.0, 0.23799206292399427, -0.030395911299345848]
[0.163517652345108, 0.05641722971294971, 0.00944604760225012, 0.12907900575399733, 0.28604269144259614]

Analysis for pima (700)
Precision: -0.7000000000000001
[81, 89, 110, 358, 62]
[0.023809523809523808, 0.16, 1.0, 0.9803921568627451, 0.0]
[0.15785881836363916, 0.06447457136221307, 0.08462789614175156, 0.020992180373004536, 0.2508705556166647]
Recall: -0.7000000000000001
[81, 89, 110, 358, 62]
[0.5, 0.23529411764705882, 0.5833333333333334, 0.9287925696594427, 0.0]
[0.15785881836363916, 0.06447457136221307, 0.08462789614175156, 0.020992180373004536, 0.2508705556166647]
Accuracy: -1.0
[81, 89, 110, 358, 62]
[0.48148148148148145, 0.6179775280898876, 0.5909090909090909, 0.9189944134078212, 0.22580645161290322]
[0.15785881836363916, 0.06447457136221307, 0.08462789614175156, 0.020992180373004536, 0.2508705556166647]
FScore: -0.9
[81, 89, 110, 358, 62]
[0.04545454545454545, 0.19047619047619052, 0.7368421052631579, 0.9538950715421303, 0.0]
[0.15785881836363916, 0.06447457136221307, 0.08462789614175156, 0.020992180373004536, 0.2508705556166647]
Matthews: -0.30000000000000004
[81, 89, 110, 358, 62]
[-0.005897062932600214, -0.049305843228471286, 0.1575521978122203, 0.638377475684514, 0.0]
[0.15785881836363916, 0.06447457136221307, 0.08462789614175156, 0.020992180373004536, 0.2508705556166647]

Analysis for ring (7400)
Precision: -0.6
[799, 859, 493, 596, 4653]
[0.9934810951760105, 0.045627376425855515, 0.9, 0.9186046511627907, 0.9863163656267104]
[0.05556255891171687, 0.08867999600606258, 0.283385022474952, 0.1496951844621227, 0.01974119752949491]
Recall: -0.7000000000000001
[799, 859, 493, 596, 4653]
[0.9609079445145019, 1.0, 0.16735537190082644, 0.7053571428571429, 0.9928374655647383]
[0.05556255891171687, 0.08867999600606258, 0.283385022474952, 0.1496951844621227, 0.01974119752949491]
Accuracy: -1.0
[799, 859, 493, 596, 4653]
[0.9549436795994993, 0.7077997671711292, 0.1643002028397566, 0.6644295302013423, 0.991833225875779]
[0.05556255891171687, 0.08867999600606258, 0.283385022474952, 0.1496951844621227, 0.01974119752949491]
FScore: -0.7000000000000001
[799, 859, 493, 596, 4653]
[0.9769230769230769, 0.08727272727272728, 0.28222996515679444, 0.797979797979798, 0.9895661724327293]
[0.05556255891171687, 0.08867999600606258, 0.283385022474952, 0.1496951844621227, 0.01974119752949491]
Matthews: -0.9
[799, 859, 493, 596, 4653]
[0.05616991945128642, 0.17918191487544052, -0.2885558226927978, -0.14182367668115076, 0.9828716546640357]
[0.05556255891171687, 0.08867999600606258, 0.283385022474952, 0.1496951844621227, 0.01974119752949491]

Analysis for spambase (4550)
Precision: -0.9
[339, 639, 1460, 456, 1656]
[0.09248554913294797, 0.88, 0.9955869373345102, 0.3026315789473684, 0.9939655172413793]
[0.3027098967001261, 0.10173748192505849, 0.041173275800000575, 0.16959563409439546, 0.005543317449487639]
Recall: -1.0
[339, 639, 1460, 456, 1656]
[0.21052631578947367, 0.7142857142857143, 0.9707401032702238, 0.4339622641509434, 0.9931093884582257]
[0.3027098967001261, 0.10173748192505849, 0.041173275800000575, 0.16959563409439546, 0.005543317449487639]
Accuracy: -0.9
[339, 639, 1460, 456, 1656]
[0.35988200589970504, 0.8153364632237872, 0.9732876712328767, 0.8179824561403509, 0.9909420289855072]
[0.3027098967001261, 0.10173748192505849, 0.041173275800000575, 0.16959563409439546, 0.005543317449487639]
FScore: -1.0
[339, 639, 1460, 456, 1656]
[0.1285140562248996, 0.7885304659498208, 0.9830065359477125, 0.3565891472868217, 0.9935372684187851]
[0.3027098967001261, 0.10173748192505849, 0.041173275800000575, 0.16959563409439546, 0.005543317449487639]
Matthews: -1.0
[339, 639, 1460, 456, 1656]
[-0.32238921081914357, 0.6385374351128251, 0.9222597366039014, 0.26010186467695184, 0.9784020660838708]
[0.3027098967001261, 0.10173748192505849, 0.041173275800000575, 0.16959563409439546, 0.005543317449487639]

Analysis for twonorm (7400)
Precision: -0.9746794344808963
[159, 2313, 1197, 3267, 464]
[0.16470588235294117, 1.0, 0.998330550918197, 1.0, 0.9333333333333333]
[0.2023775287018988, 0.012903559395962905, 0.03789788727554558, 0.0027569253225294306, 0.09454499639723148]
Recall: -0.8944271909999159
[159, 2313, 1197, 3267, 464]
[0.2028985507246377, 1.0, 1.0, 1.0, 0.9333333333333333]
[0.2023775287018988, 0.012903559395962905, 0.03789788727554558, 0.0027569253225294306, 0.09454499639723148]
Accuracy: -0.9746794344808963
[159, 2313, 1197, 3267, 464]
[0.20754716981132076, 1.0, 0.9991645781119465, 1.0, 0.9267241379310345]
[0.2023775287018988, 0.012903559395962905, 0.03789788727554558, 0.0027569253225294306, 0.09454499639723148]
FScore: -0.9746794344808963
[159, 2313, 1197, 3267, 464]
[0.18181818181818185, 1.0, 0.9991645781119466, 1.0, 0.9333333333333333]
[0.2023775287018988, 0.012903559395962905, 0.03789788727554558, 0.0027569253225294306, 0.09454499639723148]
Matthews: -0.9746794344808963
[159, 2313, 1197, 3267, 464]
[-0.5822519246415263, 1.0, 0.998330550918197, 1.0, 0.8519936204146731]
[0.2023775287018988, 0.012903559395962905, 0.03789788727554558, 0.0027569253225294306, 0.09454499639723148]

Analysis for wdbc (560)
Precision: 0.9733285267845752
[60, 0, 0, 58, 442]
[1.0, 0.0, 0.0, 1.0, 0.8349514563106796]
[0.0696680885992722, 0.0, 0.0, 0.0178524651383269, 0.0025368300439486753]
Recall: 0.5789473684210527
[60, 0, 0, 58, 442]
[0.8166666666666667, 0.0, 0.0, 0.9137931034482759, 0.9772727272727273]
[0.0696680885992722, 0.0, 0.0, 0.0178524651383269, 0.0025368300439486753]
Accuracy: 0.5789473684210527
[60, 0, 0, 58, 442]
[0.8166666666666667, 0.0, 0.0, 0.9137931034482759, 0.9570135746606335]
[0.0696680885992722, 0.0, 0.0, 0.0178524651383269, 0.0025368300439486753]
FScore: 0.6842105263157895
[60, 0, 0, 58, 442]
[0.8990825688073394, 0.0, 0.0, 0.9549549549549551, 0.9005235602094241]
[0.0696680885992722, 0.0, 0.0, 0.0178524651383269, 0.0025368300439486753]
Matthews: 0.0
[60, 0, 0, 58, 442]
[0.0, 0.0, 0.0, 0.0, 0.8777223059397559]
[0.0696680885992722, 0.0, 0.0, 0.0178524651383269, 0.0025368300439486753]
