MultiResolutionExperiment(3, 10, MultiResolutionTransform(40, 0.10)

Analysis for appendicitis (100)
Precision: -1.0
[7, 78, 15]
[0.0, 1.0, 0.2]
[0.19995494481678835, 0.0033223098099713485, 0.03332199353603278]
Recall: -1.0
[7, 78, 15]
[0.0, 0.974025974025974, 0.3333333333333333]
[0.19995494481678835, 0.0033223098099713485, 0.03332199353603278]
Accuracy: -1.0
[7, 78, 15]
[0.14285714285714285, 0.9743589743589743, 0.6]
[0.19995494481678835, 0.0033223098099713485, 0.03332199353603278]
FScore: -1.0
[7, 78, 15]
[0.0, 0.9868421052631579, 0.25]
[0.19995494481678835, 0.0033223098099713485, 0.03332199353603278]
Matthews: -0.8660254037844386
[7, 78, 15]
[0.0, 0.5698028822981897, 0.0]
[0.19995494481678835, 0.0033223098099713485, 0.03332199353603278]

Analysis for banana (5300)
Precision: -1.0
[596, 3391, 1313]
[0.038922155688622756, 0.9970859640602234, 0.9888178913738019]
[0.29964623526269696, 0.01420352650369881, 0.11391241067693986]
Recall: -1.0
[596, 3391, 1313]
[0.09774436090225563, 0.9990267639902677, 0.8410326086956522]
[0.29964623526269696, 0.01420352650369881, 0.11391241067693986]
Accuracy: -1.0
[596, 3391, 1313]
[0.2600671140939597, 0.9976408139191979, 0.9055597867479056]
[0.29964623526269696, 0.01420352650369881, 0.11391241067693986]
FScore: -1.0
[596, 3391, 1313]
[0.0556745182012848, 0.9980554205153136, 0.908957415565345]
[0.29964623526269696, 0.01420352650369881, 0.11391241067693986]
Matthews: -1.0
[596, 3391, 1313]
[-0.49959500268453244, 0.995059966134166, 0.8236901756628148]
[0.29964623526269696, 0.01420352650369881, 0.11391241067693986]

Analysis for breast-cancer-original (650)
Precision: -0.8660254037844386
[581, 50, 19]
[1.0, 1.0, 0.0]
[5.817937808234091E-4, 0.02591560068676245, 0.11567576495459468]
Recall: -1.0
[581, 50, 19]
[0.9927536231884058, 0.2222222222222222, 0.0]
[5.817937808234091E-4, 0.02591560068676245, 0.11567576495459468]
Accuracy: -1.0
[581, 50, 19]
[0.9948364888123924, 0.86, 0.6842105263157895]
[5.817937808234091E-4, 0.02591560068676245, 0.11567576495459468]
FScore: -1.0
[581, 50, 19]
[0.9963636363636363, 0.3636363636363636, 0.0]
[5.817937808234091E-4, 0.02591560068676245, 0.11567576495459468]
Matthews: -1.0
[581, 50, 19]
[0.987539589891326, 0.43567742059328113, 0.0]
[5.817937808234091E-4, 0.02591560068676245, 0.11567576495459468]

Analysis for mammographic-masses (960)
Precision: -1.0
[136, 533, 291]
[0.27848101265822783, 0.9824561403508771, 0.6111111111111112]
[0.2957492476121037, 0.029343514543917537, 0.11246381411486096]
Recall: -1.0
[136, 533, 291]
[0.2857142857142857, 0.9824561403508771, 0.8020833333333334]
[0.2957492476121037, 0.029343514543917537, 0.11246381411486096]
Accuracy: -1.0
[136, 533, 291]
[0.17647058823529413, 0.9774859287054409, 0.7663230240549829]
[0.2957492476121037, 0.029343514543917537, 0.11246381411486096]
FScore: -1.0
[136, 533, 291]
[0.282051282051282, 0.9824561403508771, 0.6936936936936937]
[0.2957492476121037, 0.029343514543917537, 0.11246381411486096]
Matthews: -1.0
[136, 533, 291]
[-0.6834026573394858, 0.9510425277854322, 0.5226616317467557]
[0.2957492476121037, 0.029343514543917537, 0.11246381411486096]

Analysis for phoneme (5400)
Precision: 1.0
[1151, 3254, 995]
[0.6008403361344538, 0.4975609756097561, 0.9968503937007874]
[0.10176784531063562, 0.011700378083492568, 0.2377684262177843]
Recall: -1.0
[1151, 3254, 995]
[0.8737270875763747, 0.9622641509433962, 0.6406882591093117]
[0.10176784531063562, 0.011700378083492568, 0.2377684262177843]
Accuracy: -1.0
[1151, 3254, 995]
[0.6985230234578628, 0.9671173939766441, 0.6412060301507537]
[0.10176784531063562, 0.011700378083492568, 0.2377684262177843]
FScore: 1.0
[1151, 3254, 995]
[0.7120331950207468, 0.6559485530546624, 0.7800369685767098]
[0.10176784531063562, 0.011700378083492568, 0.2377684262177843]
Matthews: -1.0
[1151, 3254, 995]
[0.45035567882660416, 0.6791802588774912, 0.06174273894369619]
[0.10176784531063562, 0.011700378083492568, 0.2377684262177843]

Analysis for pima (700)
Precision: -1.0
[127, 166, 407]
[0.0, 0.676923076923077, 0.9700598802395209]
[0.18254714811735415, 0.07000600398223841, 0.019567880235560286]
Recall: -1.0
[127, 166, 407]
[0.0, 0.4888888888888889, 0.9050279329608939]
[0.18254714811735415, 0.07000600398223841, 0.019567880235560286]
Accuracy: -1.0
[127, 166, 407]
[0.31496062992125984, 0.5963855421686747, 0.8918918918918919]
[0.18254714811735415, 0.07000600398223841, 0.019567880235560286]
FScore: -1.0
[127, 166, 407]
[0.0, 0.567741935483871, 0.9364161849710984]
[0.18254714811735415, 0.07000600398223841, 0.019567880235560286]
Matthews: -1.0
[127, 166, 407]
[-0.17994708216848745, 0.216979643069181, 0.5945517170621492]
[0.18254714811735415, 0.07000600398223841, 0.019567880235560286]

Analysis for ring (7400)
Precision: -0.5
[670, 1207, 5523]
[0.8882978723404256, 0.7802313354363828, 0.9575513851653262]
[0.24138999604784772, 0.08952084079459074, 0.02207376234077983]
Recall: -1.0
[670, 1207, 5523]
[0.25771604938271603, 0.8688524590163934, 0.9912118408880666]
[0.24138999604784772, 0.08952084079459074, 0.02207376234077983]
Accuracy: -1.0
[670, 1207, 5523]
[0.2507462686567164, 0.7340513670256835, 0.9793590439978272]
[0.24138999604784772, 0.08952084079459074, 0.02207376234077983]
FScore: -1.0
[670, 1207, 5523]
[0.3995215311004785, 0.8221606648199447, 0.974090909090909]
[0.24138999604784772, 0.08952084079459074, 0.02207376234077983]
Matthews: -1.0
[670, 1207, 5523]
[-0.27639034536746193, 0.3079979077045272, 0.9573406644133063]
[0.24138999604784772, 0.08952084079459074, 0.02207376234077983]

Analysis for spambase (4550)
Precision: -1.0
[565, 972, 3013]
[0.1318181818181818, 0.8682795698924731, 0.9945454545454545]
[0.2505464401122728, 0.09626685660699749, 0.0166775191792829]
Recall: -1.0
[565, 972, 3013]
[0.25217391304347825, 0.7635933806146572, 0.9846984698469847]
[0.2505464401122728, 0.09626685660699749, 0.0166775191792829]
Accuracy: -1.0
[565, 972, 3013]
[0.5097345132743363, 0.8467078189300411, 0.9847328244274809]
[0.2505464401122728, 0.09626685660699749, 0.0166775191792829]
FScore: -1.0
[565, 972, 3013]
[0.17313432835820894, 0.8125786163522012, 0.9895974672094074]
[0.2505464401122728, 0.09626685660699749, 0.0166775191792829]
Matthews: -1.0
[565, 972, 3013]
[-0.142247709653645, 0.6878413920179213, 0.9610896983668896]
[0.2505464401122728, 0.09626685660699749, 0.0166775191792829]

Analysis for twonorm (7400)
Precision: -1.0
[343, 5584, 1473]
[0.5139664804469274, 1.0, 0.997364953886693]
[0.14316350239349265, 0.0035932679548001567, 0.03427644391377379]
Recall: -1.0
[343, 5584, 1473]
[0.5714285714285714, 1.0, 0.9960526315789474]
[0.14316350239349265, 0.0035932679548001567, 0.03427644391377379]
Accuracy: -1.0
[343, 5584, 1473]
[0.5451895043731778, 1.0, 0.9966055668703326]
[0.14316350239349265, 0.0035932679548001567, 0.03427644391377379]
FScore: -1.0
[343, 5584, 1473]
[0.5411764705882354, 1.0, 0.9967083607636603]
[0.14316350239349265, 0.0035932679548001567, 0.03427644391377379]
Matthews: -1.0
[343, 5584, 1473]
[0.09332064372418501, 1.0, 0.9932054269579211]
[0.14316350239349265, 0.0035932679548001567, 0.03427644391377379]

Analysis for wdbc (560)
Precision: 0.8660254037844386
[59, 50, 451]
[1.0, 1.0, 0.8468468468468469]
[0.05890894070748249, 0.013709185343135337, 0.0018800350240806474]
Recall: -1.0
[59, 50, 451]
[0.8135593220338984, 0.92, 0.9690721649484536]
[0.05890894070748249, 0.013709185343135337, 0.0018800350240806474]
Accuracy: -1.0
[59, 50, 451]
[0.8135593220338984, 0.92, 0.9556541019955654]
[0.05890894070748249, 0.013709185343135337, 0.0018800350240806474]
FScore: -0.5
[59, 50, 451]
[0.897196261682243, 0.9583333333333334, 0.903846153846154]
[0.05890894070748249, 0.013709185343135337, 0.0018800350240806474]
Matthews: -0.8660254037844386
[59, 50, 451]
[0.0, 0.0, 0.8785562092929292]
[0.05890894070748249, 0.013709185343135337, 0.0018800350240806474]
