MultiResolutionExperiment(3, 10, MultiResolutionTransform(30, 0.20))

Analysis for appendicitis (100)
Precision: -0.8660254037844386
[5, 79, 16]
[0.0, 1.0, 0.0]
[0.2531207305031149, 0.006361484195154021, 0.1135498882047148]
Recall: -0.8660254037844386
[5, 79, 16]
[0.0, 0.9743589743589743, 0.0]
[0.2531207305031149, 0.006361484195154021, 0.1135498882047148]
Accuracy: -1.0
[5, 79, 16]
[0.0, 0.9746835443037974, 0.5625]
[0.2531207305031149, 0.006361484195154021, 0.1135498882047148]
FScore: -0.8660254037844386
[5, 79, 16]
[0.0, 0.9870129870129869, 0.0]
[0.2531207305031149, 0.006361484195154021, 0.1135498882047148]
Matthews: -0.5
[5, 79, 16]
[0.0, 0.5699002761767402, -0.2548235957188128]
[0.2531207305031149, 0.006361484195154021, 0.1135498882047148]

Analysis for banana (5300)
Precision: -1.0
[1813, 2840, 647]
[0.9831697054698457, 1.0, 0.05014749262536873]
[0.11013738784760947, 0.026471162934218976, 0.3093955312192162]
Recall: -1.0
[1813, 2840, 647]
[0.8569682151589242, 0.9969589457678661, 0.12781954887218044]
[0.11013738784760947, 0.026471162934218976, 0.3093955312192162]
Accuracy: -1.0
[1813, 2840, 647]
[0.9288472145615003, 0.997887323943662, 0.3230293663060278]
[0.11013738784760947, 0.026471162934218976, 0.3093955312192162]
FScore: -1.0
[1813, 2840, 647]
[0.9157413455258001, 0.9984771573604061, 0.07203389830508475]
[0.11013738784760947, 0.026471162934218976, 0.3093955312192162]
Matthews: -1.0
[1813, 2840, 647]
[0.8607092345998159, 0.9950412022879059, -0.40347714012766694]
[0.11013738784760947, 0.026471162934218976, 0.3093955312192162]

Analysis for breast-cancer-original (650)
Precision: NaN
[418, 49, 183]
[1.0, 1.0, 1.0]
[0.0010495891980140618, 0.1149503787375128, 0.02567436156869531]
Recall: -1.0
[418, 49, 183]
[0.9903381642512077, 0.09090909090909091, 0.5]
[0.0010495891980140618, 0.1149503787375128, 0.02567436156869531]
Accuracy: -1.0
[418, 49, 183]
[0.9904306220095693, 0.7959183673469388, 0.9890710382513661]
[0.0010495891980140618, 0.1149503787375128, 0.02567436156869531]
FScore: -1.0
[418, 49, 183]
[0.9951456310679612, 0.16666666666666669, 0.6666666666666666]
[0.0010495891980140618, 0.1149503787375128, 0.02567436156869531]
Matthews: -1.0
[418, 49, 183]
[0.7036825151484183, 0.2682716849943299, 0.7031892619498302]
[0.0010495891980140618, 0.1149503787375128, 0.02567436156869531]

Analysis for mammographic-masses (960)
Precision: -1.0
[137, 524, 299]
[0.23376623376623376, 0.996969696969697, 0.6285714285714286]
[0.3049148196120221, 0.03543217537564463, 0.1333353214941236]
Recall: -1.0
[137, 524, 299]
[0.2465753424657534, 0.9939577039274925, 0.7927927927927928]
[0.3049148196120221, 0.03543217537564463, 0.1333353214941236]
Accuracy: -1.0
[137, 524, 299]
[0.1678832116788321, 0.9942748091603053, 0.7491638795986622]
[0.3049148196120221, 0.03543217537564463, 0.1333353214941236]
FScore: -1.0
[137, 524, 299]
[0.24000000000000002, 0.9954614220877459, 0.701195219123506]
[0.3049148196120221, 0.03543217537564463, 0.1333353214941236]
Matthews: -1.0
[137, 524, 299]
[-0.6790894112468925, 0.9877178210898973, 0.49979666136057815]
[0.3049148196120221, 0.03543217537564463, 0.1333353214941236]

Analysis for phoneme (5400)
Precision: 1.0
[1147, 3147, 1106]
[0.6051560379918589, 0.0, 0.9972222222222222]
[0.12331874837617986, 0.015053553402262733, 0.2620883068375995]
Recall: 0.5
[1147, 3147, 1106]
[0.9233954451345756, 0.0, 0.6515426497277677]
[0.12331874837617986, 0.015053553402262733, 0.2620883068375995]
Accuracy: -1.0
[1147, 3147, 1106]
[0.7140366172624237, 0.969176993962504, 0.650994575045208]
[0.12331874837617986, 0.015053553402262733, 0.2620883068375995]
FScore: 1.0
[1147, 3147, 1106]
[0.7311475409836066, 0.0, 0.78814489571899]
[0.12331874837617986, 0.015053553402262733, 0.2620883068375995]
Matthews: 0.5
[1147, 3147, 1106]
[0.49980568851085266, 0.0, 0.019085158409358892]
[0.12331874837617986, 0.015053553402262733, 0.2620883068375995]

Analysis for pima (700)
Precision: -1.0
[185, 158, 357]
[0.7288135593220338, 0.0, 1.0]
[0.0873626201577279, 0.18671874849306214, 0.025551018977021035]
Recall: -1.0
[185, 158, 357]
[0.46236559139784944, 0.0, 0.9154929577464789]
[0.0873626201577279, 0.18671874849306214, 0.025551018977021035]
Accuracy: -1.0
[185, 158, 357]
[0.6432432432432432, 0.35443037974683544, 0.9159663865546218]
[0.0873626201577279, 0.18671874849306214, 0.025551018977021035]
FScore: -1.0
[185, 158, 357]
[0.5657894736842105, 0.0, 0.9558823529411764]
[0.0873626201577279, 0.18671874849306214, 0.025551018977021035]
Matthews: -0.5
[185, 158, 357]
[0.30945570175922976, -0.14867525836251314, 0.23920349048279985]
[0.0873626201577279, 0.18671874849306214, 0.025551018977021035]

Analysis for ring (7400)
Precision: -0.5
[891, 4735, 1774]
[0.8926553672316384, 0.8998559077809798, 0.909480122324159]
[0.2210053181142967, 0.027477532196956127, 0.07381096471159783]
Recall: -1.0
[891, 4735, 1774]
[0.37132784958871917, 0.9992, 0.9513755598208573]
[0.2210053181142967, 0.027477532196956127, 0.07381096471159783]
Accuracy: -1.0
[891, 4735, 1774]
[0.3569023569023569, 0.9704329461457233, 0.8737316798196166]
[0.2210053181142967, 0.027477532196956127, 0.07381096471159783]
FScore: -1.0
[891, 4735, 1774]
[0.5244813278008299, 0.9469294920394238, 0.9299562226391495]
[0.2210053181142967, 0.027477532196956127, 0.07381096471159783]
Matthews: -1.0
[891, 4735, 1774]
[-0.24487169280966353, 0.9289555698564399, 0.30110232584877367]
[0.2210053181142967, 0.027477532196956127, 0.07381096471159783]

Analysis for spambase (4550)
Precision: -1.0
[493, 889, 3168]
[0.19383259911894274, 0.7773851590106007, 0.9973707274320771]
[0.23509716998225313, 0.09000491259233039, 0.0167126042420494]
Recall: -1.0
[493, 889, 3168]
[0.30344827586206896, 0.7213114754098361, 0.9852813852813853]
[0.23509716998225313, 0.09000491259233039, 0.0167126042420494]
Accuracy: -1.0
[493, 889, 3168]
[0.4239350912778905, 0.8335208098987626, 0.9873737373737373]
[0.23509716998225313, 0.09000491259233039, 0.0167126042420494]
FScore: -1.0
[493, 889, 3168]
[0.23655913978494625, 0.7482993197278912, 0.9912891986062718]
[0.23509716998225313, 0.09000491259233039, 0.0167126042420494]
Matthews: -1.0
[493, 889, 3168]
[-0.20332069844415565, 0.6251657788421456, 0.9685941621833931]
[0.23509716998225313, 0.09000491259233039, 0.0167126042420494]

Analysis for twonorm (7400)
Precision: -0.8660254037844386
[1802, 5223, 375]
[1.0, 1.0, 0.5291005291005291]
[0.03954870845060203, 0.006305102715620277, 0.15107411523290779]
Recall: -0.8660254037844386
[1802, 5223, 375]
[1.0, 1.0, 0.5813953488372093]
[0.03954870845060203, 0.006305102715620277, 0.15107411523290779]
Accuracy: -0.8660254037844386
[1802, 5223, 375]
[1.0, 1.0, 0.5706666666666667]
[0.03954870845060203, 0.006305102715620277, 0.15107411523290779]
FScore: -0.8660254037844386
[1802, 5223, 375]
[1.0, 1.0, 0.554016620498615]
[0.03954870845060203, 0.006305102715620277, 0.15107411523290779]
Matthews: -0.8660254037844386
[1802, 5223, 375]
[1.0, 1.0, 0.14248690727524166]
[0.03954870845060203, 0.006305102715620277, 0.15107411523290779]

Analysis for wdbc (560)
Precision: 0.8660254037844386
[92, 109, 359]
[1.0, 1.0, 0.22727272727272727]
[0.03850914736363456, 0.01288966664124356, 0.00125302174766599]
Recall: -1.0
[92, 109, 359]
[0.8260869565217391, 0.981651376146789, 1.0]
[0.03850914736363456, 0.01288966664124356, 0.00125302174766599]
Accuracy: -0.5
[92, 109, 359]
[0.8260869565217391, 0.981651376146789, 0.9526462395543176]
[0.03850914736363456, 0.01288966664124356, 0.00125302174766599]
FScore: 0.5
[92, 109, 359]
[0.9047619047619047, 0.9907407407407407, 0.37037037037037035]
[0.03850914736363456, 0.01288966664124356, 0.00125302174766599]
Matthews: -0.8660254037844386
[92, 109, 359]
[0.0, 0.0, 0.4651435265128446]
[0.03850914736363456, 0.01288966664124356, 0.00125302174766599]
