MultiResolutionExperiment(4, 10, MultiResolutionTransform(30, 0.30))

Analysis for appendicitis (100)
Precision: -0.8944271909999159
[1, 76, 18, 5]
[0.0, 1.0, 0.0, 1.0]
[0.37922427348906296, 0.004784140401177303, 0.1700082509854549, 0.09323262824119453]
Recall: -0.9486832980505139
[1, 76, 18, 5]
[0.0, 0.9868421052631579, 0.0, 0.25]
[0.37922427348906296, 0.004784140401177303, 0.1700082509854549, 0.09323262824119453]
Accuracy: -0.8
[1, 76, 18, 5]
[0.0, 0.9868421052631579, 0.5, 0.4]
[0.37922427348906296, 0.004784140401177303, 0.1700082509854549, 0.09323262824119453]
FScore: -0.9486832980505139
[1, 76, 18, 5]
[0.0, 0.9933774834437086, 0.0, 0.4]
[0.37922427348906296, 0.004784140401177303, 0.1700082509854549, 0.09323262824119453]
Matthews: -0.25819888974716104
[1, 76, 18, 5]
[0.0, 0.0, 0.0, 0.25]
[0.37922427348906296, 0.004784140401177303, 0.1700082509854549, 0.09323262824119453]

Analysis for banana (5300)
Precision: -0.8
[2854, 574, 775, 1097]
[1.0, 0.024464831804281346, 0.988909426987061, 0.95]
[0.04152681243093683, 0.32494771478562134, 0.15523088717208436, 0.11642041867689608]
Recall: -1.0
[2854, 574, 775, 1097]
[0.9989863152559554, 0.1095890410958904, 0.7577903682719547, 0.9941860465116279]
[0.04152681243093683, 0.32494771478562134, 0.15523088717208436, 0.11642041867689608]
Accuracy: -1.0
[2854, 574, 775, 1097]
[0.9992992291520673, 0.3310104529616725, 0.7716129032258064, 0.9908842297174111]
[0.04152681243093683, 0.32494771478562134, 0.15523088717208436, 0.11642041867689608]
FScore: -1.0
[2854, 574, 775, 1097]
[0.9994929006085193, 0.04, 0.8580593424218124, 0.9715909090909091]
[0.04152681243093683, 0.32494771478562134, 0.15523088717208436, 0.11642041867689608]
Matthews: -1.0
[2854, 574, 775, 1097]
[0.9983604587498077, -0.3547168812567149, 0.4161360123487813, 0.9665194974667558]
[0.04152681243093683, 0.32494771478562134, 0.15523088717208436, 0.11642041867689608]

Analysis for breast-cancer-original (650)
Precision: -0.25819888974716104
[415, 11, 44, 180]
[1.0, 1.0, 0.0, 1.0]
[0.0011266432213428588, 0.14877702690531425, 0.10524065029518939, 0.02982515178575807]
Recall: -0.7999999999999999
[415, 11, 44, 180]
[0.9879518072289156, 0.09090909090909091, 0.0, 0.6666666666666666]
[0.0011266432213428588, 0.14877702690531425, 0.10524065029518939, 0.02982515178575807]
Accuracy: -0.2000000000000001
[415, 11, 44, 180]
[0.9879518072289156, 0.09090909090909091, 1.0, 0.9944444444444445]
[0.0011266432213428588, 0.14877702690531425, 0.10524065029518939, 0.02982515178575807]
FScore: -0.7999999999999999
[415, 11, 44, 180]
[0.993939393939394, 0.16666666666666669, 0.0, 0.8]
[0.0011266432213428588, 0.14877702690531425, 0.10524065029518939, 0.02982515178575807]
Matthews: -0.25819888974716104
[415, 11, 44, 180]
[0.0, 0.0, 0.0, 0.8141998208760591]
[0.0011266432213428588, 0.14877702690531425, 0.10524065029518939, 0.02982515178575807]

Analysis for mammographic-masses (960)
Precision: -1.0
[134, 126, 198, 502]
[0.4155844155844156, 0.24285714285714285, 0.8311688311688312, 0.9969040247678018]
[0.18603621338260662, 0.31868533817925077, 0.10589881450537528, 0.04014119861677659]
Recall: -1.0
[134, 126, 198, 502]
[0.6956521739130435, 0.25, 0.8311688311688312, 0.9938271604938271]
[0.18603621338260662, 0.31868533817925077, 0.10589881450537528, 0.04014119861677659]
Accuracy: -1.0
[134, 126, 198, 502]
[0.5597014925373134, 0.1746031746031746, 0.8686868686868687, 0.9940239043824701]
[0.18603621338260662, 0.31868533817925077, 0.10589881450537528, 0.04014119861677659]
FScore: -1.0
[134, 126, 198, 502]
[0.5203252032520326, 0.24637681159420288, 0.8311688311688312, 0.9953632148377125]
[0.18603621338260662, 0.31868533817925077, 0.10589881450537528, 0.04014119861677659]
Matthews: -1.0
[134, 126, 198, 502]
[0.17698472490147965, -0.6658220224033157, 0.7237308146399055, 0.9869692337788208]
[0.18603621338260662, 0.31868533817925077, 0.10589881450537528, 0.04014119861677659]

Analysis for phoneme (5400)
Precision: 0.8944271909999159
[840, 716, 2975, 869]
[0.0, 1.0, 0.0, 1.0]
[0.11943258554292505, 0.1624375727810937, 0.013041880983802342, 0.29533550332271663]
Recall: 0.7378647873726218
[840, 716, 2975, 869]
[0.0, 0.8924581005586593, 0.0, 0.6041426927502876]
[0.11943258554292505, 0.1624375727810937, 0.013041880983802342, 0.29533550332271663]
Accuracy: -0.8
[840, 716, 2975, 869]
[0.6047619047619047, 0.8924581005586593, 0.9805042016806723, 0.6041426927502876]
[0.11943258554292505, 0.1624375727810937, 0.013041880983802342, 0.29533550332271663]
FScore: 0.7378647873726218
[840, 716, 2975, 869]
[0.0, 0.9431734317343174, 0.0, 0.7532281205164992]
[0.11943258554292505, 0.1624375727810937, 0.013041880983802342, 0.29533550332271663]
Matthews: NaN
[840, 716, 2975, 869]
[0.0, 0.0, 0.0, 0.0]
[0.11943258554292505, 0.1624375727810937, 0.013041880983802342, 0.29533550332271663]

Analysis for pima (700)
Precision: -0.8944271909999159
[142, 140, 113, 305]
[1.0, 0.0, 0.0, 1.0]
[0.08763107465546657, 0.2127498019751469, 0.10144661230002425, 0.022768026975669483]
Recall: -0.9486832980505138
[142, 140, 113, 305]
[0.5899280575539568, 0.0, 0.0, 0.9407894736842105]
[0.08763107465546657, 0.2127498019751469, 0.10144661230002425, 0.022768026975669483]
Accuracy: -0.8
[142, 140, 113, 305]
[0.5985915492957746, 0.3357142857142857, 0.7345132743362832, 0.940983606557377]
[0.08763107465546657, 0.2127498019751469, 0.10144661230002425, 0.022768026975669483]
FScore: -0.9486832980505138
[142, 140, 113, 305]
[0.7420814479638009, 0.0, 0.0, 0.9694915254237287]
[0.08763107465546657, 0.2127498019751469, 0.10144661230002425, 0.022768026975669483]
Matthews: -1.0
[142, 140, 113, 305]
[0.17174516842606619, -0.1640582636493377, -0.11468372553399589, 0.22252019112220742]
[0.08763107465546657, 0.2127498019751469, 0.10144661230002425, 0.022768026975669483]

Analysis for ring (7400)
Precision: 0.0
[681, 994, 3870, 1855]
[0.0, 0.9721577726218097, 0.9505747126436782, 1.0]
[0.104510262597166, 0.22695822822716982, 0.024696355198089628, 0.0629722170270297]
Recall: -0.8
[681, 994, 3870, 1855]
[0.0, 0.42668024439918534, 1.0, 0.9735849056603774]
[0.104510262597166, 0.22695822822716982, 0.024696355198089628, 0.0629722170270297]
Accuracy: -1.0
[681, 994, 3870, 1855]
[0.6035242290748899, 0.4215291750503018, 0.9888888888888889, 0.9735849056603774]
[0.104510262597166, 0.22695822822716982, 0.024696355198089628, 0.0629722170270297]
FScore: -0.6000000000000001
[681, 994, 3870, 1855]
[0.0, 0.5930644019815994, 0.9746611667648791, 0.9866156787762906]
[0.104510262597166, 0.22695822822716982, 0.024696355198089628, 0.0629722170270297]
Matthews: -0.9486832980505139
[681, 994, 3870, 1855]
[0.0, -0.1263427837110072, 0.9680611236468201, 0.0]
[0.104510262597166, 0.22695822822716982, 0.024696355198089628, 0.0629722170270297]

Analysis for spambase (4550)
Precision: -1.0
[344, 972, 568, 2666]
[0.11494252873563218, 0.9263157894736842, 0.5766871165644172, 0.9995180722891567]
[0.281102298693598, 0.06224193916167424, 0.14561200537256966, 0.015572649853262874]
Recall: -1.0
[344, 972, 568, 2666]
[0.21505376344086022, 0.8564476885644768, 0.5766871165644172, 0.9909221213569039]
[0.281102298693598, 0.06224193916167424, 0.14561200537256966, 0.015572649853262874]
Accuracy: -1.0
[344, 972, 568, 2666]
[0.34011627906976744, 0.9104938271604939, 0.7570422535211268, 0.9924981245311327]
[0.281102298693598, 0.06224193916167424, 0.14561200537256966, 0.015572649853262874]
FScore: -1.0
[344, 972, 568, 2666]
[0.149812734082397, 0.8900126422250315, 0.5766871165644172, 0.9952015355086373]
[0.281102298693598, 0.06224193916167424, 0.14561200537256966, 0.015572649853262874]
Matthews: -1.0
[344, 972, 568, 2666]
[-0.3539964569582819, 0.8165332716936252, 0.4063167461940468, 0.9782122769715629]
[0.281102298693598, 0.06224193916167424, 0.14561200537256966, 0.015572649853262874]

Analysis for twonorm (7400)
Precision: -0.9486832980505138
[301, 3478, 1032, 2589]
[0.42857142857142855, 1.0, 0.9981884057971014, 1.0]
[0.17416877025519792, 0.0058491596194879415, 0.06472450798342928, 0.02208039540651706]
Recall: -0.7745966692414834
[301, 3478, 1032, 2589]
[0.4782608695652174, 1.0, 1.0, 1.0]
[0.17416877025519792, 0.0058491596194879415, 0.06472450798342928, 0.02208039540651706]
Accuracy: -0.9486832980505138
[301, 3478, 1032, 2589]
[0.4684385382059801, 1.0, 0.999031007751938, 1.0]
[0.17416877025519792, 0.0058491596194879415, 0.06472450798342928, 0.02208039540651706]
FScore: -0.9486832980505138
[301, 3478, 1032, 2589]
[0.452054794520548, 1.0, 0.99909338168631, 1.0]
[0.17416877025519792, 0.0058491596194879415, 0.06472450798342928, 0.02208039540651706]
Matthews: -0.9486832980505138
[301, 3478, 1032, 2589]
[-0.06142014778536681, 1.0, 0.9980546929032563, 1.0]
[0.17416877025519792, 0.0058491596194879415, 0.06472450798342928, 0.02208039540651706]

Analysis for wdbc (560)
Precision: 0.7745966692414834
[72, 94, 39, 355]
[1.0, 1.0, 1.0, 0.05555555555555555]
[0.05231530123192256, 0.023655743970622405, 0.00830730185078082, 0.0017521415269237388]
Recall: -0.9486832980505138
[72, 94, 39, 355]
[0.8055555555555556, 0.9574468085106383, 1.0, 1.0]
[0.05231530123192256, 0.023655743970622405, 0.00830730185078082, 0.0017521415269237388]
Accuracy: -0.39999999999999997
[72, 94, 39, 355]
[0.8055555555555556, 0.9574468085106383, 1.0, 0.952112676056338]
[0.05231530123192256, 0.023655743970622405, 0.00830730185078082, 0.0017521415269237388]
FScore: 0.2000000000000001
[72, 94, 39, 355]
[0.8923076923076924, 0.9782608695652174, 1.0, 0.10526315789473684]
[0.05231530123192256, 0.023655743970622405, 0.00830730185078082, 0.0017521415269237388]
Matthews: -0.7745966692414834
[72, 94, 39, 355]
[0.0, 0.0, 0.0, 0.22997311450712662]
[0.05231530123192256, 0.023655743970622405, 0.00830730185078082, 0.0017521415269237388]
