MultiResolutionExperiment(5, 10, MultiResolutionTransform(10, 0.10)

Analysis for appendicitis (100)
Precision: -0.7905694150420949
[4, 12, 7, 6, 71]
[0.0, 0.0, 1.0, 0.25, 1.0]
[0.3326911251914809, 0.03393020606844136, 0.022352281332395578, 0.12780184056541258, 0.002712184105709943]
Recall: -0.31622776601683794
[4, 12, 7, 6, 71]
[0.0, 0.0, 1.0, 1.0, 0.9714285714285714]
[0.3326911251914809, 0.03393020606844136, 0.022352281332395578, 0.12780184056541258, 0.002712184105709943]
Accuracy: -0.9
[4, 12, 7, 6, 71]
[0.0, 0.5833333333333334, 1.0, 0.5, 0.971830985915493]
[0.3326911251914809, 0.03393020606844136, 0.022352281332395578, 0.12780184056541258, 0.002712184105709943]
FScore: -0.7181848464596079
[4, 12, 7, 6, 71]
[0.0, 0.0, 1.0, 0.4, 0.9855072463768115]
[0.3326911251914809, 0.03393020606844136, 0.022352281332395578, 0.12780184056541258, 0.002712184105709943]
Matthews: -0.35909242322980384
[4, 12, 7, 6, 71]
[0.0, -0.25819888974716115, 0.0, 0.31622776601683794, 0.5690426379538917]
[0.3326911251914809, 0.03393020606844136, 0.022352281332395578, 0.12780184056541258, 0.002712184105709943]

Analysis for banana (5300)
Precision: -0.9
[1281, 439, 345, 2394, 841]
[0.99860529986053, 0.48333333333333334, 0.0, 0.995945945945946, 0.9931818181818182]
[0.04922356533294464, 0.2496226988834167, 0.3908994184228448, 0.008686915431239403, 0.13509506723440015]
Recall: -1.0
[1281, 439, 345, 2394, 841]
[0.9958275382475661, 0.32954545454545453, 0.0, 0.9993220338983051, 0.8452611218568665]
[0.04922356533294464, 0.2496226988834167, 0.3908994184228448, 0.008686915431239403, 0.13509506723440015]
Accuracy: -1.0
[1281, 439, 345, 2394, 841]
[0.9968774395003903, 0.5899772209567198, 0.13333333333333333, 0.9970760233918129, 0.901307966706302]
[0.04922356533294464, 0.2496226988834167, 0.3908994184228448, 0.008686915431239403, 0.13509506723440015]
FScore: -1.0
[1281, 439, 345, 2394, 841]
[0.9972144846796658, 0.3918918918918919, 0.0, 0.9976311336717427, 0.9132706374085684]
[0.04922356533294464, 0.2496226988834167, 0.3908994184228448, 0.008686915431239403, 0.13509506723440015]
Matthews: -1.0
[1281, 439, 345, 2394, 841]
[0.9936670918222406, 0.10315009835477977, -0.6157963398861513, 0.9938219930737495, 0.8145664097625915]
[0.04922356533294464, 0.2496226988834167, 0.3908994184228448, 0.008686915431239403, 0.13509506723440015]

Analysis for breast-cancer-original (650)
Precision: -0.5773502691896258
[15, 573, 12, 32, 18]
[1.0, 1.0, 0.0, 1.0, 0.0]
[0.09404164434153137, 5.910903184160233E-4, 0.1695729460534423, 0.015403288846019457, 0.049406945719442874]
Recall: -0.8207826816681233
[15, 573, 12, 32, 18]
[0.25, 0.9927007299270073, 0.0, 0.5714285714285714, 0.0]
[0.09404164434153137, 5.910903184160233E-4, 0.1695729460534423, 0.015403288846019457, 0.049406945719442874]
Accuracy: -1.0
[15, 573, 12, 32, 18]
[0.8, 0.9947643979057592, 0.6666666666666666, 0.90625, 0.8333333333333334]
[0.09404164434153137, 5.910903184160233E-4, 0.1695729460534423, 0.015403288846019457, 0.049406945719442874]
FScore: -0.8207826816681233
[15, 573, 12, 32, 18]
[0.4, 0.9963369963369962, 0.0, 0.7272727272727273, 0.0]
[0.09404164434153137, 5.910903184160233E-4, 0.1695729460534423, 0.015403288846019457, 0.049406945719442874]
Matthews: -0.8207826816681233
[15, 573, 12, 32, 18]
[0.44320263021395917, 0.9872444609854828, 0.0, 0.7142857142857143, 0.0]
[0.09404164434153137, 5.910903184160233E-4, 0.1695729460534423, 0.015403288846019457, 0.049406945719442874]

Analysis for mammographic-masses (960)
Precision: -0.9
[56, 95, 218, 496, 95]
[0.11538461538461539, 0.4482758620689655, 0.7922077922077922, 0.9910179640718563, 0.2692307692307692]
[0.42756400288857627, 0.2457242187709373, 0.09085153563634073, 0.03347548516115953, 0.1961686506408514]
Recall: -1.0
[56, 95, 218, 496, 95]
[0.09090909090909091, 0.45614035087719296, 0.8591549295774648, 0.9851190476190477, 0.7777777777777778]
[0.42756400288857627, 0.2457242187709373, 0.09085153563634073, 0.03347548516115953, 0.1961686506408514]
Accuracy: -1.0
[56, 95, 218, 496, 95]
[0.05357142857142857, 0.3368421052631579, 0.8807339449541285, 0.9838709677419355, 0.5578947368421052]
[0.42756400288857627, 0.2457242187709373, 0.09085153563634073, 0.03347548516115953, 0.1961686506408514]
FScore: -0.9
[56, 95, 218, 496, 95]
[0.1016949152542373, 0.45217391304347826, 0.8243243243243243, 0.9880597014925373, 0.39999999999999997]
[0.42756400288857627, 0.2457242187709373, 0.09085153563634073, 0.03347548516115953, 0.1961686506408514]
Matthews: -1.0
[56, 95, 218, 496, 95]
[-0.8967696494617802, -0.3877592730103687, 0.7356554611645143, 0.9632563941859197, 0.22380959795604782]
[0.42756400288857627, 0.2457242187709373, 0.09085153563634073, 0.03347548516115953, 0.1961686506408514]

Analysis for phoneme (5400)
Precision: 0.7000000000000001
[662, 716, 2972, 441, 609]
[0.7025089605734767, 0.963855421686747, 0.4166666666666667, 0.12260536398467432, 0.9970326409495549]
[0.0695313122233756, 0.18253508926069625, 0.010531337194993537, 0.14871558222849365, 0.3247100415126141]
Recall: -1.0
[662, 716, 2972, 441, 609]
[0.9116279069767442, 0.8211143695014663, 0.9523809523809523, 0.8421052631578947, 0.5526315789473685]
[0.0695313122233756, 0.18253508926069625, 0.010531337194993537, 0.14871558222849365, 0.3247100415126141]
Accuracy: -0.7000000000000001
[662, 716, 2972, 441, 609]
[0.8459214501510574, 0.8002793296089385, 0.9804845222072678, 0.4671201814058957, 0.5517241379310345]
[0.0695313122233756, 0.18253508926069625, 0.010531337194993537, 0.14871558222849365, 0.3247100415126141]
FScore: 0.30000000000000004
[662, 716, 2972, 441, 609]
[0.7935222672064778, 0.8867775138558986, 0.5797101449275361, 0.21404682274247488, 0.7111111111111112]
[0.0695313122233756, 0.18253508926069625, 0.010531337194993537, 0.14871558222849365, 0.3247100415126141]
Matthews: -0.9
[662, 716, 2972, 441, 609]
[0.6884550159311148, 0.1106295995232176, 0.6230672495269158, 0.15636069730089916, -0.036434910911018595]
[0.0695313122233756, 0.18253508926069625, 0.010531337194993537, 0.14871558222849365, 0.3247100415126141]

Analysis for pima (700)
Precision: -0.6668859288553503
[85, 76, 101, 379, 59]
[0.32142857142857145, 0.0, 0.9824561403508771, 0.9742765273311897, 0.0]
[0.06775704659072271, 0.1739247360234792, 0.10050916921182354, 0.021141611298560944, 0.2714853101274229]
Recall: -0.872081599272381
[85, 76, 101, 379, 59]
[0.375, 0.0, 0.5957446808510638, 0.9154078549848943, 0.0]
[0.06775704659072271, 0.1739247360234792, 0.10050916921182354, 0.021141611298560944, 0.2714853101274229]
Accuracy: -0.9
[85, 76, 101, 379, 59]
[0.6, 0.35526315789473684, 0.6138613861386139, 0.9050131926121372, 0.3220338983050847]
[0.06775704659072271, 0.1739247360234792, 0.10050916921182354, 0.021141611298560944, 0.2714853101274229]
FScore: -0.872081599272381
[85, 76, 101, 379, 59]
[0.3461538461538462, 0.0, 0.7417218543046357, 0.9439252336448599, 0.0]
[0.06775704659072271, 0.1739247360234792, 0.10050916921182354, 0.021141611298560944, 0.2714853101274229]
Matthews: -0.8
[85, 76, 101, 379, 59]
[0.060840947193623075, -0.15118578920369088, 0.2319741281721379, 0.6489805618311327, 0.0]
[0.06775704659072271, 0.1739247360234792, 0.10050916921182354, 0.021141611298560944, 0.2714853101274229]

Analysis for ring (7400)
Precision: -0.6
[737, 905, 458, 591, 4709]
[0.9812680115273775, 0.10424710424710425, 0.8846153846153846, 0.8789346246973365, 0.9891360579410243]
[0.062304335962838124, 0.09727260841309968, 0.3231697293158878, 0.1711759427183253, 0.020237651066445095]
Recall: -0.7000000000000001
[737, 905, 458, 591, 4709]
[0.943213296398892, 1.0, 0.15367483296213807, 0.6722222222222223, 0.9927310488058152]
[0.062304335962838124, 0.09727260841309968, 0.3231697293158878, 0.1711759427183253, 0.020237651066445095]
Accuracy: -1.0
[737, 905, 458, 591, 4709]
[0.926729986431479, 0.7436464088397791, 0.15065502183406113, 0.6159052453468697, 0.992567424081546]
[0.062304335962838124, 0.09727260841309968, 0.3231697293158878, 0.1711759427183253, 0.020237651066445095]
FScore: -0.7000000000000001
[737, 905, 458, 591, 4709]
[0.961864406779661, 0.1888111888111888, 0.2618595825426945, 0.7618048268625394, 0.9909302928219746]
[0.062304335962838124, 0.09727260841309968, 0.3231697293158878, 0.1711759427183253, 0.020237651066445095]
Matthews: -0.9
[737, 905, 458, 591, 4709]
[0.046113314496750726, 0.27694976507149116, -0.312494646176513, -0.18861976838764483, 0.9846388811099808]
[0.062304335962838124, 0.09727260841309968, 0.3231697293158878, 0.1711759427183253, 0.020237651066445095]

Analysis for spambase (4550)
Precision: -1.0
[312, 1402, 585, 410, 1841]
[0.09146341463414634, 0.9895038167938931, 0.8663366336633663, 0.3132530120481928, 0.9938223938223938]
[0.3499755956718481, 0.04917021821975709, 0.1201191987978484, 0.20241139607017378, 0.006352948975939233]
Recall: -1.0
[312, 1402, 585, 410, 1841]
[0.20270270270270271, 0.9700654817586529, 0.6782945736434108, 0.43333333333333335, 0.9907621247113164]
[0.3499755956718481, 0.04917021821975709, 0.1201191987978484, 0.20241139607017378, 0.006352948975939233]
Accuracy: -1.0
[312, 1402, 585, 410, 1841]
[0.3333333333333333, 0.9693295292439372, 0.811965811965812, 0.7780487804878049, 0.9891363389462249]
[0.3499755956718481, 0.04917021821975709, 0.1201191987978484, 0.20241139607017378, 0.006352948975939233]
FScore: -1.0
[312, 1402, 585, 410, 1841]
[0.12605042016806725, 0.9796882380727445, 0.7608695652173914, 0.36363636363636365, 0.9922898997686971]
[0.3499755956718481, 0.04917021821975709, 0.1201191987978484, 0.20241139607017378, 0.006352948975939233]
Matthews: -1.0
[312, 1402, 585, 410, 1841]
[-0.36061914488710023, 0.9178745482275028, 0.6220926098831177, 0.23791715932015206, 0.9739209559112988]
[0.3499755956718481, 0.04917021821975709, 0.1201191987978484, 0.20241139607017378, 0.006352948975939233]

Analysis for twonorm (7400)
Precision: -0.8207826816681233
[148, 1961, 917, 4025, 349]
[0.13924050632911392, 0.9989626556016598, 1.0, 1.0, 0.8984771573604061]
[0.22996998725146395, 0.01504853456989134, 0.04591132758866792, 0.0025749479994552527, 0.11182969352539679]
Recall: -0.8944271909999159
[148, 1961, 917, 4025, 349]
[0.1746031746031746, 1.0, 1.0, 1.0, 0.8984771573604061]
[0.22996998725146395, 0.01504853456989134, 0.04591132758866792, 0.0025749479994552527, 0.11182969352539679]
Accuracy: -0.8207826816681233
[148, 1961, 917, 4025, 349]
[0.1891891891891892, 0.9994900560938297, 1.0, 1.0, 0.8853868194842407]
[0.22996998725146395, 0.01504853456989134, 0.04591132758866792, 0.0025749479994552527, 0.11182969352539679]
FScore: -0.8207826816681233
[148, 1961, 917, 4025, 349]
[0.1549295774647887, 0.9994810586403736, 1.0, 1.0, 0.8984771573604061]
[0.22996998725146395, 0.01504853456989134, 0.04591132758866792, 0.0025749479994552527, 0.11182969352539679]
Matthews: -0.8207826816681233
[148, 1961, 917, 4025, 349]
[-0.619865290970179, 0.9989803256405445, 1.0, 1.0, 0.766898209991985]
[0.22996998725146395, 0.01504853456989134, 0.04591132758866792, 0.0025749479994552527, 0.11182969352539679]

Analysis for wdbc (560)
Precision: 1.0
[71, 0, 0, 53, 436]
[1.0, 0.0, 0.0, 0.9795918367346939, 0.8350515463917526]
[0.07711820747647961, 0.0, 0.0, 0.016431970931652596, 0.003018265675002703]
Recall: 0.5789473684210527
[71, 0, 0, 53, 436]
[0.8309859154929577, 0.0, 0.0, 0.9230769230769231, 0.9759036144578314]
[0.07711820747647961, 0.0, 0.0, 0.016431970931652596, 0.003018265675002703]
Accuracy: 0.5789473684210527
[71, 0, 0, 53, 436]
[0.8309859154929577, 0.0, 0.0, 0.9056603773584906, 0.9587155963302753]
[0.07711820747647961, 0.0, 0.0, 0.016431970931652596, 0.003018265675002703]
FScore: 0.8947368421052632
[71, 0, 0, 53, 436]
[0.9076923076923077, 0.0, 0.0, 0.9504950495049506, 0.9]
[0.07711820747647961, 0.0, 0.0, 0.016431970931652596, 0.003018265675002703]
Matthews: -0.22941573387056177
[71, 0, 0, 53, 436]
[0.0, 0.0, 0.0, -0.03962144258751637, 0.8784021435447158]
[0.07711820747647961, 0.0, 0.0, 0.016431970931652596, 0.003018265675002703]
