MultiResolutionExperiment(4, 10, MultiResolutionTransform(40, 0.25)

Analysis for appendicitis (100)
Precision: -0.4472135954999579
[1, 15, 7, 77]
[1.0, 0.0, 0.0, 1.0]
[0.12547401881069192, 0.07344970251027054, 0.2607866062387002, 0.005045758972466289]
Recall: -0.210818510677892
[1, 15, 7, 77]
[1.0, 0.0, 0.0, 0.9868421052631579]
[0.12547401881069192, 0.07344970251027054, 0.2607866062387002, 0.005045758972466289]
Accuracy: -0.39999999999999997
[1, 15, 7, 77]
[1.0, 0.5333333333333333, 0.14285714285714285, 0.987012987012987]
[0.12547401881069192, 0.07344970251027054, 0.2607866062387002, 0.005045758972466289]
FScore: -0.210818510677892
[1, 15, 7, 77]
[1.0, 0.0, 0.0, 0.9933774834437086]
[0.12547401881069192, 0.07344970251027054, 0.2607866062387002, 0.005045758972466289]
Matthews: -0.31622776601683794
[1, 15, 7, 77]
[0.0, -0.30151134457776363, 0.0, 0.7024393586862705]
[0.12547401881069192, 0.07344970251027054, 0.2607866062387002, 0.005045758972466289]

Analysis for banana (5300)
Precision: -1.0
[2669, 846, 512, 1273]
[0.9978459881529348, 0.9761273209549072, 0.009375, 0.9913978494623656]
[0.030870678912755377, 0.17285445793956455, 0.32475920603249536, 0.08496057802501082]
Recall: -1.0
[2669, 846, 512, 1273]
[0.9962365591397849, 0.6840148698884758, 0.05084745762711865, 0.987152034261242]
[0.030870678912755377, 0.17285445793956455, 0.32475920603249536, 0.08496057802501082]
Accuracy: -1.0
[2669, 846, 512, 1273]
[0.9958786062195579, 0.7884160756501182, 0.271484375, 0.9921445404556166]
[0.030870678912755377, 0.17285445793956455, 0.32475920603249536, 0.08496057802501082]
FScore: -1.0
[2669, 846, 512, 1273]
[0.9970406241592682, 0.8043715846994536, 0.015831134564643797, 0.9892703862660944]
[0.030870678912755377, 0.17285445793956455, 0.32475920603249536, 0.08496057802501082]
Matthews: -1.0
[2669, 846, 512, 1273]
[0.9902582016776952, 0.6338903655219974, -0.42800471617277525, 0.9830802768382876]
[0.030870678912755377, 0.17285445793956455, 0.32475920603249536, 0.08496057802501082]

Analysis for breast-cancer-original (650)
Precision: -0.8944271909999159
[566, 40, 17, 27]
[1.0, 1.0, 0.0, 0.0]
[0.0010100278967970166, 0.02001063048587608, 0.15324971169730037, 0.0637573749833904]
Recall: -0.9486832980505139
[566, 40, 17, 27]
[0.9903614457831326, 0.4, 0.0, 0.0]
[0.0010100278967970166, 0.02001063048587608, 0.15324971169730037, 0.0637573749833904]
Accuracy: -1.0
[566, 40, 17, 27]
[0.9929328621908127, 0.925, 0.6470588235294118, 0.8888888888888888]
[0.0010100278967970166, 0.02001063048587608, 0.15324971169730037, 0.0637573749833904]
FScore: -0.9486832980505139
[566, 40, 17, 27]
[0.9951573849878934, 0.5714285714285715, 0.0, 0.0]
[0.0010100278967970166, 0.02001063048587608, 0.15324971169730037, 0.0637573749833904]
Matthews: -0.9486832980505139
[566, 40, 17, 27]
[0.982244231875782, 0.606976978666884, 0.0, 0.0]
[0.0010100278967970166, 0.02001063048587608, 0.15324971169730037, 0.0637573749833904]

Analysis for mammographic-masses (960)
Precision: -1.0
[172, 125, 521, 142]
[0.7866666666666666, 0.30985915492957744, 0.9880597014925373, 0.3484848484848485]
[0.10389794762963148, 0.3177450872752709, 0.03788448646922741, 0.1650863357261337]
Recall: -0.8000000000000002
[172, 125, 521, 142]
[0.7763157894736842, 0.29333333333333333, 0.9851190476190477, 0.8214285714285714]
[0.10389794762963148, 0.3177450872752709, 0.03788448646922741, 0.1650863357261337]
Accuracy: -1.0
[172, 125, 521, 142]
[0.8081395348837209, 0.184, 0.982725527831094, 0.6619718309859155]
[0.10389794762963148, 0.3177450872752709, 0.03788448646922741, 0.1650863357261337]
FScore: -1.0
[172, 125, 521, 142]
[0.7814569536423841, 0.30136986301369867, 0.9865871833084948, 0.4893617021276596]
[0.10389794762963148, 0.3177450872752709, 0.03788448646922741, 0.1650863357261337]
Matthews: -1.0
[172, 125, 521, 142]
[0.6105283946886063, -0.6791028377442605, 0.962337004733297, 0.35437740662229517]
[0.10389794762963148, 0.3177450872752709, 0.03788448646922741, 0.1650863357261337]

Analysis for phoneme (5400)
Precision: 1.0
[670, 997, 2966, 767]
[0.9768270944741533, 0.3368200836820084, 0.03278688524590164, 0.9977973568281938]
[0.17542416705052175, 0.10202358976014377, 0.012810120616616873, 0.2956359159224339]
Recall: -1.0
[670, 997, 2966, 767]
[0.8469860896445132, 0.9470588235294117, 1.0, 0.5913838120104439]
[0.17542416705052175, 0.10202358976014377, 0.012810120616616873, 0.2956359159224339]
Accuracy: -0.8
[670, 997, 2966, 767]
[0.8328358208955224, 0.6730190571715146, 0.9801078894133514, 0.590612777053455]
[0.17542416705052175, 0.10202358976014377, 0.012810120616616873, 0.2956359159224339]
FScore: 0.8
[670, 997, 2966, 767]
[0.9072847682119205, 0.4969135802469136, 0.06349206349206349, 0.7426229508196721]
[0.17542416705052175, 0.10202358976014377, 0.012810120616616873, 0.2956359159224339]
Matthews: -0.8
[670, 997, 2966, 767]
[0.1389997837066138, 0.4243876986434688, 0.17926027116344695, -0.030000594266858468]
[0.17542416705052175, 0.10202358976014377, 0.012810120616616873, 0.2956359159224339]

Analysis for pima (700)
Precision: -0.39999999999999997
[112, 130, 102, 356]
[1.0, 0.0, 0.07692307692307693, 0.9836601307189542]
[0.08960810226875386, 0.21775684883151827, 0.07910147892107826, 0.023320306227054124]
Recall: -0.8
[112, 130, 102, 356]
[0.5855855855855856, 0.0, 0.15384615384615385, 0.9261538461538461]
[0.08960810226875386, 0.21775684883151827, 0.07910147892107826, 0.023320306227054124]
Accuracy: -1.0
[112, 130, 102, 356]
[0.5892857142857143, 0.3230769230769231, 0.6568627450980392, 0.9185393258426966]
[0.08960810226875386, 0.21775684883151827, 0.07910147892107826, 0.023320306227054124]
FScore: -0.8
[112, 130, 102, 356]
[0.7386363636363636, 0.0, 0.10256410256410257, 0.9540412044374009]
[0.08960810226875386, 0.21775684883151827, 0.07910147892107826, 0.023320306227054124]
Matthews: -0.8
[112, 130, 102, 356]
[0.11162109020439066, -0.12523639086359312, -0.08862263297573249, 0.6206700107666218]
[0.08960810226875386, 0.21775684883151827, 0.07910147892107826, 0.023320306227054124]

Analysis for ring (7400)
Precision: -0.6000000000000001
[844, 730, 1026, 4800]
[0.056140350877192984, 0.9191489361702128, 0.9880694143167028, 0.98656330749354]
[0.09405421430455176, 0.26116030058950096, 0.09092116634839918, 0.02210969191899198]
Recall: -0.39999999999999997
[844, 730, 1026, 4800]
[1.0, 0.30422535211267604, 0.8975369458128079, 0.9927197087883516]
[0.09405421430455176, 0.26116030058950096, 0.09092116634839918, 0.02210969191899198]
Accuracy: -1.0
[844, 730, 1026, 4800]
[0.6812796208530806, 0.29726027397260274, 0.8879142300194932, 0.9916666666666667]
[0.09405421430455176, 0.26116030058950096, 0.09092116634839918, 0.02210969191899198]
FScore: -0.8
[844, 730, 1026, 4800]
[0.10631229235880399, 0.45714285714285713, 0.940629839958699, 0.9896319336443754]
[0.09405421430455176, 0.26116030058950096, 0.09092116634839918, 0.02210969191899198]
Matthews: -0.8
[844, 730, 1026, 4800]
[0.1946831196527281, -0.22562573440930708, -0.03496347018464582, 0.9826791196502347]
[0.09405421430455176, 0.26116030058950096, 0.09092116634839918, 0.02210969191899198]

Analysis for spambase (4550)
Precision: -1.0
[436, 1576, 651, 1887]
[0.10256410256410256, 0.9814977973568282, 0.5675675675675675, 0.9940784603997039]
[0.2910611179709482, 0.05847975748990709, 0.14629277141150548, 0.008639048937121925]
Recall: -1.0
[436, 1576, 651, 1887]
[0.23529411764705882, 0.9306599832915622, 0.504, 0.9926090169992609]
[0.2910611179709482, 0.05847975748990709, 0.14629277141150548, 0.008639048937121925]
Accuracy: -1.0
[436, 1576, 651, 1887]
[0.44954128440366975, 0.934010152284264, 0.8310291858678955, 0.9904610492845787]
[0.2910611179709482, 0.05847975748990709, 0.14629277141150548, 0.008639048937121925]
FScore: -1.0
[436, 1576, 651, 1887]
[0.14285714285714282, 0.9554030874785591, 0.5338983050847458, 0.9933431952662722]
[0.2910611179709482, 0.05847975748990709, 0.14629277141150548, 0.008639048937121925]
Matthews: -1.0
[436, 1576, 651, 1887]
[-0.20977674447736464, 0.8332629587102808, 0.43228641758908304, 0.9765241208585375]
[0.2910611179709482, 0.05847975748990709, 0.14629277141150548, 0.008639048937121925]

Analysis for twonorm (7400)
Precision: -0.9486832980505139
[277, 3718, 2461, 944]
[0.4014084507042254, 1.0, 1.0, 0.9921722113502935]
[0.17831026663145264, 0.0046319430311748955, 0.021487752784261772, 0.06651776639881538]
Recall: -0.9486832980505139
[277, 3718, 2461, 944]
[0.4523809523809524, 1.0, 1.0, 0.9941176470588236]
[0.17831026663145264, 0.0046319430311748955, 0.021487752784261772, 0.06651776639881538]
Accuracy: -0.9486832980505139
[277, 3718, 2461, 944]
[0.44404332129963897, 1.0, 1.0, 0.9925847457627118]
[0.17831026663145264, 0.0046319430311748955, 0.021487752784261772, 0.06651776639881538]
FScore: -0.9486832980505139
[277, 3718, 2461, 944]
[0.4253731343283582, 1.0, 1.0, 0.9931439764936337]
[0.17831026663145264, 0.0046319430311748955, 0.021487752784261772, 0.06651776639881538]
Matthews: -0.9486832980505139
[277, 3718, 2461, 944]
[-0.11011702509413758, 1.0, 1.0, 0.9850724161334038]
[0.17831026663145264, 0.0046319430311748955, 0.021487752784261772, 0.06651776639881538]

Analysis for wdbc (560)
Precision: 0.9486832980505138
[62, 0, 435, 63]
[1.0, 0.0, 0.8229166666666666, 1.0]
[0.0752366310027921, 0.0, 0.0029711508054836334, 0.0197559751070787]
Recall: 0.2000000000000001
[62, 0, 435, 63]
[0.8225806451612904, 0.0, 0.9753086419753086, 0.9206349206349206]
[0.0752366310027921, 0.0, 0.0029711508054836334, 0.0197559751070787]
Accuracy: 0.2000000000000001
[62, 0, 435, 63]
[0.8225806451612904, 0.0, 0.9563218390804598, 0.9206349206349206]
[0.0752366310027921, 0.0, 0.0029711508054836334, 0.0197559751070787]
FScore: 0.8
[62, 0, 435, 63]
[0.9026548672566371, 0.0, 0.8926553672316384, 0.9586776859504132]
[0.0752366310027921, 0.0, 0.0029711508054836334, 0.0197559751070787]
Matthews: -0.25819888974716104
[62, 0, 435, 63]
[0.0, 0.0, 0.8704070458814553, 0.0]
[0.0752366310027921, 0.0, 0.0029711508054836334, 0.0197559751070787]
