MultiResolutionExperiment(3, 10, MultiResolutionTransform(50, 0.25)

Analysis for appendicitis (100)
Precision: -0.8660254037844386
[7, 78, 15]
[0.0, 1.0, 0.0]
[0.26209792653841063, 0.006582741808489958, 0.07193006968216262]
Recall: -0.8660254037844386
[7, 78, 15]
[0.0, 0.987012987012987, 0.0]
[0.26209792653841063, 0.006582741808489958, 0.07193006968216262]
Accuracy: -1.0
[7, 78, 15]
[0.14285714285714285, 0.9871794871794872, 0.5333333333333333]
[0.26209792653841063, 0.006582741808489958, 0.07193006968216262]
FScore: -0.8660254037844386
[7, 78, 15]
[0.0, 0.9934640522875817, 0.0]
[0.26209792653841063, 0.006582741808489958, 0.07193006968216262]
Matthews: -0.5
[7, 78, 15]
[0.0, 0.7025001733142089, -0.30151134457776363]
[0.26209792653841063, 0.006582741808489958, 0.07193006968216262]

Analysis for banana (5300)
Precision: -1.0
[615, 3026, 1659]
[0.027190332326283987, 0.997037037037037, 0.9909502262443439]
[0.3072056597206309, 0.03349512684849025, 0.1244919773149074]
Recall: -1.0
[615, 3026, 1659]
[0.08256880733944955, 0.9965449160908193, 0.8326996197718631]
[0.3072056597206309, 0.03349512684849025, 0.1244919773149074]
Accuracy: -1.0
[615, 3026, 1659]
[0.31382113821138213, 0.9957038995373431, 0.9168173598553345]
[0.3072056597206309, 0.03349512684849025, 0.1244919773149074]
FScore: -1.0
[615, 3026, 1659]
[0.04090909090909091, 0.9967909158232535, 0.9049586776859505]
[0.3072056597206309, 0.03349512684849025, 0.1244919773149074]
Matthews: -1.0
[615, 3026, 1659]
[-0.42419372200932365, 0.9902944413992135, 0.8419536549077128]
[0.3072056597206309, 0.03349512684849025, 0.1244919773149074]

Analysis for breast-cancer-original (650)
Precision: -0.8660254037844386
[571, 17, 62]
[1.0, 0.0, 1.0]
[0.001043781506012064, 0.1500014496069842, 0.039231163862128625]
Recall: -1.0
[571, 17, 62]
[0.9903614457831326, 0.0, 0.25]
[0.001043781506012064, 0.1500014496069842, 0.039231163862128625]
Accuracy: -1.0
[571, 17, 62]
[0.9929947460595446, 0.6470588235294118, 0.9032258064516129]
[0.001043781506012064, 0.1500014496069842, 0.039231163862128625]
FScore: -1.0
[571, 17, 62]
[0.9951573849878934, 0.0, 0.4]
[0.001043781506012064, 0.1500014496069842, 0.039231163862128625]
Matthews: -1.0
[571, 17, 62]
[0.9826507058149169, 0.0, 0.4743416490252569]
[0.001043781506012064, 0.1500014496069842, 0.039231163862128625]

Analysis for mammographic-masses (960)
Precision: -1.0
[133, 514, 313]
[0.2911392405063291, 0.9880952380952381, 0.6060606060606061]
[0.3136502496473902, 0.03675782755315725, 0.12638061855978197]
Recall: -1.0
[133, 514, 313]
[0.3026315789473684, 0.9822485207100592, 0.7920792079207921]
[0.3136502496473902, 0.03675782755315725, 0.12638061855978197]
Accuracy: -1.0
[133, 514, 313]
[0.18045112781954886, 0.980544747081712, 0.7667731629392971]
[0.3136502496473902, 0.03675782755315725, 0.12638061855978197]
FScore: -1.0
[133, 514, 313]
[0.29677419354838713, 0.9851632047477745, 0.6866952789699571]
[0.3136502496473902, 0.03675782755315725, 0.12638061855978197]
Matthews: -1.0
[133, 514, 313]
[-0.6850632169291009, 0.9569508676675302, 0.5176400176813973]
[0.3136502496473902, 0.03675782755315725, 0.12638061855978197]

Analysis for phoneme (5400)
Precision: 1.0
[1055, 3095, 1250]
[0.49917898193760263, 0.06818181818181818, 0.9964994165694282]
[0.10959611732111715, 0.014896399756490097, 0.2530761644707612]
Recall: -0.5
[1055, 3095, 1250]
[0.9047619047619048, 0.8571428571428571, 0.6876006441223832]
[0.10959611732111715, 0.014896399756490097, 0.2530761644707612]
Accuracy: -0.5
[1055, 3095, 1250]
[0.680568720379147, 0.9731825525040387, 0.6872]
[0.10959611732111715, 0.014896399756490097, 0.2530761644707612]
FScore: 1.0
[1055, 3095, 1250]
[0.6433862433862434, 0.1263157894736842, 0.8137208194378274]
[0.10959611732111715, 0.014896399756490097, 0.2530761644707612]
Matthews: -0.5
[1055, 3095, 1250]
[0.4532179448799319, 0.23739168599159555, 0.053691924871265416]
[0.10959611732111715, 0.014896399756490097, 0.2530761644707612]

Analysis for pima (700)
Precision: -1.0
[132, 159, 409]
[0.0, 0.54, 0.9855491329479769]
[0.21350985427461705, 0.0845093424677869, 0.030082351519978474]
Recall: -1.0
[132, 159, 409]
[0.0, 0.38571428571428573, 0.899736147757256]
[0.21350985427461705, 0.0845093424677869, 0.030082351519978474]
Accuracy: -1.0
[132, 159, 409]
[0.32575757575757575, 0.5849056603773585, 0.8948655256723717]
[0.21350985427461705, 0.0845093424677869, 0.030082351519978474]
FScore: -1.0
[132, 159, 409]
[0.0, 0.45, 0.9406896551724138]
[0.21350985427461705, 0.0845093424677869, 0.030082351519978474]
Matthews: -1.0
[132, 159, 409]
[-0.12356041264304309, 0.1360914724099541, 0.5294403631413317]
[0.21350985427461705, 0.0845093424677869, 0.030082351519978474]

Analysis for ring (7400)
Precision: -0.5
[729, 1230, 5441]
[0.9145299145299145, 0.8508853681267474, 0.9299516908212561]
[0.2580355721440072, 0.09666842850230768, 0.028588966248549653]
Recall: -1.0
[729, 1230, 5441]
[0.3018335684062059, 0.8986220472440944, 0.9927797833935018]
[0.2580355721440072, 0.09666842850230768, 0.028588966248549653]
Accuracy: -1.0
[729, 1230, 5441]
[0.2935528120713306, 0.7861788617886178, 0.9707774306193714]
[0.2580355721440072, 0.09666842850230768, 0.028588966248549653]
FScore: -1.0
[729, 1230, 5441]
[0.45387062566277836, 0.8741024413595022, 0.960339236717386]
[0.2580355721440072, 0.09666842850230768, 0.028588966248549653]
Matthews: -1.0
[729, 1230, 5441]
[-0.24427923485361208, 0.17149900839776824, 0.9384996238739851]
[0.2580355721440072, 0.09666842850230768, 0.028588966248549653]

Analysis for spambase (4550)
Precision: -1.0
[693, 1106, 2751]
[0.1282051282051282, 0.9243353783231084, 0.9946834219429677]
[0.2475891503829743, 0.09262899527144164, 0.01903985218748487]
Recall: -1.0
[693, 1106, 2751]
[0.25, 0.8203266787658802, 0.9851603638104356]
[0.2475891503829743, 0.09262899527144164, 0.01903985218748487]
Accuracy: -1.0
[693, 1106, 2751]
[0.5757575757575758, 0.8770343580470162, 0.9847328244274809]
[0.2475891503829743, 0.09262899527144164, 0.01903985218748487]
FScore: -1.0
[693, 1106, 2751]
[0.1694915254237288, 0.8692307692307691, 0.98989898989899]
[0.2475891503829743, 0.09262899527144164, 0.01903985218748487]
Matthews: -1.0
[693, 1106, 2751]
[-0.08482919053120472, 0.758753578551896, 0.9588378278112697]
[0.2475891503829743, 0.09262899527144164, 0.01903985218748487]

Analysis for twonorm (7400)
Precision: -1.0
[451, 4775, 2174]
[0.6434426229508197, 1.0, 0.9981378026070763]
[0.1467043376242167, 0.0065197057092979014, 0.037429712411303155]
Recall: -0.8660254037844386
[451, 4775, 2174]
[0.6855895196506551, 1.0, 1.0]
[0.1467043376242167, 0.0065197057092979014, 0.037429712411303155]
Accuracy: -1.0
[451, 4775, 2174]
[0.647450110864745, 1.0, 0.9990800367985281]
[0.1467043376242167, 0.0065197057092979014, 0.037429712411303155]
FScore: -1.0
[451, 4775, 2174]
[0.6638477801268499, 1.0, 0.9990680335507922]
[0.1467043376242167, 0.0065197057092979014, 0.037429712411303155]
Matthews: -1.0
[451, 4775, 2174]
[0.29465551979860877, 1.0, 0.9981614600068459]
[0.1467043376242167, 0.0065197057092979014, 0.037429712411303155]

Analysis for wdbc (560)
Precision: 0.8660254037844386
[60, 65, 435]
[1.0, 1.0, 0.8229166666666666]
[0.07422394106789068, 0.019560141098379603, 0.0028386272526405277]
Recall: -1.0
[60, 65, 435]
[0.8166666666666667, 0.9230769230769231, 0.9753086419753086]
[0.07422394106789068, 0.019560141098379603, 0.0028386272526405277]
Accuracy: -1.0
[60, 65, 435]
[0.8166666666666667, 0.9230769230769231, 0.9563218390804598]
[0.07422394106789068, 0.019560141098379603, 0.0028386272526405277]
FScore: 0.5
[60, 65, 435]
[0.8990825688073394, 0.9600000000000001, 0.8926553672316384]
[0.07422394106789068, 0.019560141098379603, 0.0028386272526405277]
Matthews: -0.8660254037844386
[60, 65, 435]
[0.0, 0.0, 0.8704070458814553]
[0.07422394106789068, 0.019560141098379603, 0.0028386272526405277]
