MultiResolutionExperiment(3, 10, MultiResolutionTransform(30, 0.15))

Analysis for appendicitis (100)
Precision: -0.8660254037844386
[11, 77, 12]
[0.0, 1.0, 1.0]
[0.17700492920187, 0.003434867999633377, 0.07625896321849704]
Recall: -1.0
[11, 77, 12]
[0.0, 0.9868421052631579, 0.25]
[0.17700492920187, 0.003434867999633377, 0.07625896321849704]
Accuracy: -1.0
[11, 77, 12]
[0.09090909090909091, 0.987012987012987, 0.75]
[0.17700492920187, 0.003434867999633377, 0.07625896321849704]
FScore: -1.0
[11, 77, 12]
[0.0, 0.9933774834437086, 0.4]
[0.17700492920187, 0.003434867999633377, 0.07625896321849704]
Matthews: -1.0
[11, 77, 12]
[0.0, 0.7024393586862705, 0.42640143271122083]
[0.17700492920187, 0.003434867999633377, 0.07625896321849704]

Analysis for banana (5300)
Precision: -1.0
[1796, 2868, 636]
[0.9834938101788171, 1.0, 0.05014749262536873]
[0.10211278332045479, 0.019089655048449818, 0.3064722120271731]
Recall: -1.0
[1796, 2868, 636]
[0.858343337334934, 0.9984662576687117, 0.1259259259259259]
[0.10211278332045479, 0.019089655048449818, 0.3064722120271731]
Accuracy: -1.0
[1796, 2868, 636]
[0.9276169265033407, 0.9989539748953975, 0.3081761006289308]
[0.10211278332045479, 0.019089655048449818, 0.3064722120271731]
FScore: -1.0
[1796, 2868, 636]
[0.9166666666666667, 0.9992325402916347, 0.07172995780590717]
[0.10211278332045479, 0.019089655048449818, 0.3064722120271731]
Matthews: -1.0
[1796, 2868, 636]
[0.8593884498766771, 0.9975934030493098, -0.42356555564199294]
[0.10211278332045479, 0.019089655048449818, 0.3064722120271731]

Analysis for breast-cancer-original (650)
Precision: NaN
[429, 48, 173]
[1.0, 1.0, 1.0]
[0.0012336104236849062, 0.11139962776634434, 0.023611737368839914]
Recall: -1.0
[429, 48, 173]
[0.9903381642512077, 0.09090909090909091, 0.5]
[0.0012336104236849062, 0.11139962776634434, 0.023611737368839914]
Accuracy: -1.0
[429, 48, 173]
[0.9906759906759907, 0.7916666666666666, 0.9884393063583815]
[0.0012336104236849062, 0.11139962776634434, 0.023611737368839914]
FScore: -1.0
[429, 48, 173]
[0.9951456310679612, 0.16666666666666669, 0.6666666666666666]
[0.0012336104236849062, 0.11139962776634434, 0.023611737368839914]
Matthews: -1.0
[429, 48, 173]
[0.8842205149993356, 0.26751959020079114, 0.7029594915666376]
[0.0012336104236849062, 0.11139962776634434, 0.023611737368839914]

Analysis for mammographic-masses (960)
Precision: -1.0
[147, 532, 281]
[0.23529411764705882, 0.9969788519637462, 0.648854961832061]
[0.29541489466207227, 0.03382293408182747, 0.12484991734712772]
Recall: -1.0
[147, 532, 281]
[0.26666666666666666, 0.9939759036144579, 0.7870370370370371]
[0.29541489466207227, 0.03382293408182747, 0.12484991734712772]
Accuracy: -1.0
[147, 532, 281]
[0.1836734693877551, 0.9943609022556391, 0.7544483985765125]
[0.29541489466207227, 0.03382293408182747, 0.12484991734712772]
FScore: -1.0
[147, 532, 281]
[0.25, 0.995475113122172, 0.7112970711297071]
[0.29541489466207227, 0.03382293408182747, 0.12484991734712772]
Matthews: -1.0
[147, 532, 281]
[-0.6439090868134735, 0.9880017736575581, 0.508169930500028]
[0.29541489466207227, 0.03382293408182747, 0.12484991734712772]

Analysis for phoneme (5400)
Precision: 1.0
[1225, 3125, 1050]
[0.6270337922403004, 0.0, 0.9954954954954955]
[0.11677177930147503, 0.01350259325917962, 0.256632577305635]
Recall: 0.5
[1225, 3125, 1050]
[0.9226519337016574, 0.0, 0.6362763915547025]
[0.11677177930147503, 0.01350259325917962, 0.256632577305635]
Accuracy: -1.0
[1225, 3125, 1050]
[0.7224489795918367, 0.97152, 0.6361904761904762]
[0.11677177930147503, 0.01350259325917962, 0.256632577305635]
FScore: 1.0
[1225, 3125, 1050]
[0.7466467958271238, 0.0, 0.7763466042154568]
[0.11677177930147503, 0.01350259325917962, 0.256632577305635]
Matthews: 0.5
[1225, 3125, 1050]
[0.5066214975340045, 0.0, 0.04717113169820798]
[0.11677177930147503, 0.01350259325917962, 0.256632577305635]

Analysis for pima (700)
Precision: -1.0
[194, 156, 350]
[0.6984126984126984, 0.01020408163265306, 1.0]
[0.07861959039212961, 0.17534958219806304, 0.022622215289045726]
Recall: -1.0
[194, 156, 350]
[0.4489795918367347, 0.25, 0.9281609195402298]
[0.07861959039212961, 0.17534958219806304, 0.022622215289045726]
Accuracy: -1.0
[194, 156, 350]
[0.6237113402061856, 0.358974358974359, 0.9285714285714286]
[0.07861959039212961, 0.17534958219806304, 0.022622215289045726]
FScore: -1.0
[194, 156, 350]
[0.5465838509316769, 0.019607843137254898, 0.9627421758569299]
[0.07861959039212961, 0.17534958219806304, 0.022622215289045726]
Matthews: -0.5
[194, 156, 350]
[0.26805586649936997, -0.1269501384092782, 0.26220728576201635]
[0.07861959039212961, 0.17534958219806304, 0.022622215289045726]

Analysis for ring (7400)
Precision: -1.0
[845, 4848, 1707]
[0.8847352024922118, 0.9255663430420712, 0.885506287227002]
[0.21504861224591873, 0.02428897626117728, 0.07459422156328703]
Recall: -1.0
[845, 4848, 1707]
[0.35192069392812886, 0.9986033519553073, 0.9389473684210526]
[0.21504861224591873, 0.02428897626117728, 0.07459422156328703]
Accuracy: -1.0
[845, 4848, 1707]
[0.33727810650887574, 0.9758663366336634, 0.8476859988283538]
[0.21504861224591873, 0.02428897626117728, 0.07459422156328703]
FScore: -1.0
[845, 4848, 1707]
[0.5035460992907801, 0.960698689956332, 0.9114441416893733]
[0.21504861224591873, 0.02428897626117728, 0.07459422156328703]
Matthews: -1.0
[845, 4848, 1707]
[-0.2654823426178451, 0.9447381035203409, 0.3791277785034868]
[0.21504861224591873, 0.02428897626117728, 0.07459422156328703]

Analysis for spambase (4550)
Precision: -1.0
[457, 814, 3279]
[0.1872146118721461, 0.7604562737642585, 0.9952380952380953]
[0.22868098069557197, 0.09120199185275324, 0.015397016068470762]
Recall: -1.0
[457, 814, 3279]
[0.2887323943661972, 0.7092198581560284, 0.9841609589041096]
[0.22868098069557197, 0.09120199185275324, 0.015397016068470762]
Accuracy: -1.0
[457, 814, 3279]
[0.38949671772428884, 0.8218673218673219, 0.9853613906678865]
[0.22868098069557197, 0.09120199185275324, 0.015397016068470762]
FScore: -1.0
[457, 814, 3279]
[0.2271468144044321, 0.7339449541284404, 0.9896685320705984]
[0.22868098069557197, 0.09120199185275324, 0.015397016068470762]
Matthews: -1.0
[457, 814, 3279]
[-0.2560021551279099, 0.6011270971715752, 0.964744335850415]
[0.22868098069557197, 0.09120199185275324, 0.015397016068470762]

Analysis for twonorm (7400)
Precision: -0.8660254037844386
[1623, 5427, 350]
[1.0, 1.0, 0.5027932960893855]
[0.038182122916683096, 0.005079317596072284, 0.1483189192196157]
Recall: -0.8660254037844386
[1623, 5427, 350]
[1.0, 1.0, 0.5555555555555556]
[0.038182122916683096, 0.005079317596072284, 0.1483189192196157]
Accuracy: -0.8660254037844386
[1623, 5427, 350]
[1.0, 1.0, 0.54]
[0.038182122916683096, 0.005079317596072284, 0.1483189192196157]
FScore: -0.8660254037844386
[1623, 5427, 350]
[1.0, 1.0, 0.527859237536657]
[0.038182122916683096, 0.005079317596072284, 0.1483189192196157]
Matthews: -0.8660254037844386
[1623, 5427, 350]
[1.0, 1.0, 0.08194572515830456]
[0.038182122916683096, 0.005079317596072284, 0.1483189192196157]

Analysis for wdbc (560)
Precision: 0.8660254037844386
[81, 115, 364]
[1.0, 1.0, 0.37037037037037035]
[0.03593208508139805, 0.012211402641257781, 0.0010577205661242441]
Recall: -1.0
[81, 115, 364]
[0.8148148148148148, 0.9739130434782609, 1.0]
[0.03593208508139805, 0.012211402641257781, 0.0010577205661242441]
Accuracy: -0.5
[81, 115, 364]
[0.8148148148148148, 0.9739130434782609, 0.9532967032967034]
[0.03593208508139805, 0.012211402641257781, 0.0010577205661242441]
FScore: 0.5
[81, 115, 364]
[0.8979591836734693, 0.986784140969163, 0.5405405405405406]
[0.03593208508139805, 0.012211402641257781, 0.0010577205661242441]
Matthews: -0.8660254037844386
[81, 115, 364]
[0.0, 0.0, 0.5937880283743685]
[0.03593208508139805, 0.012211402641257781, 0.0010577205661242441]
