MultiResolutionExperiment(5, 10, MultiResolutionTransform(20, 0.10))

Analysis for appendicitis (100)
Precision: -0.8944271909999159
[1, 1, 12, 9, 77]
[0.0, 0.0, 0.5, 0.0, 1.0]
[0.2489305910611209, 0.39090720390720396, 0.042295166329659524, 0.11608322629246287, 0.002796945361330839]
Recall: -0.8944271909999159
[1, 1, 12, 9, 77]
[0.0, 0.0, 0.25, 0.0, 0.9868421052631579]
[0.2489305910611209, 0.39090720390720396, 0.042295166329659524, 0.11608322629246287, 0.002796945361330839]
Accuracy: -0.9746794344808963
[1, 1, 12, 9, 77]
[0.0, 0.0, 0.6666666666666666, 0.2222222222222222, 0.987012987012987]
[0.2489305910611209, 0.39090720390720396, 0.042295166329659524, 0.11608322629246287, 0.002796945361330839]
FScore: -0.8944271909999159
[1, 1, 12, 9, 77]
[0.0, 0.0, 0.3333333333333333, 0.0, 0.9933774834437086]
[0.2489305910611209, 0.39090720390720396, 0.042295166329659524, 0.11608322629246287, 0.002796945361330839]
Matthews: -0.8944271909999159
[1, 1, 12, 9, 77]
[0.0, 0.0, 0.15811388300841897, 0.0, 0.7024393586862705]
[0.2489305910611209, 0.39090720390720396, 0.042295166329659524, 0.11608322629246287, 0.002796945361330839]

Analysis for banana (5300)
Precision: -0.9
[1200, 762, 435, 2543, 360]
[0.9856459330143541, 0.9932885906040269, 0.5289256198347108, 1.0, 0.0]
[0.04582746794406979, 0.12628531375859312, 0.22243963438327297, 0.010255371399497747, 0.35752240753712605]
Recall: -1.0
[1200, 762, 435, 2543, 360]
[0.9927710843373494, 0.8489483747609943, 0.3575418994413408, 1.0, 0.0]
[0.04582746794406979, 0.12628531375859312, 0.22243963438327297, 0.010255371399497747, 0.35752240753712605]
Accuracy: -1.0
[1200, 762, 435, 2543, 360]
[0.9925, 0.8923884514435696, 0.6045977011494252, 1.0, 0.1388888888888889]
[0.04582746794406979, 0.12628531375859312, 0.22243963438327297, 0.010255371399497747, 0.35752240753712605]
FScore: -1.0
[1200, 762, 435, 2543, 360]
[0.9891956782713086, 0.9154639175257733, 0.42666666666666664, 1.0, 0.0]
[0.04582746794406979, 0.12628531375859312, 0.22243963438327297, 0.010255371399497747, 0.35752240753712605]
Matthews: -1.0
[1200, 762, 435, 2543, 360]
[0.9834672946519463, 0.7880481281338705, 0.14813399528807547, 1.0, -0.6202754158181805]
[0.04582746794406979, 0.12628531375859312, 0.22243963438327297, 0.010255371399497747, 0.35752240753712605]

Analysis for breast-cancer-original (650)
Precision: -0.7071067811865476
[423, 133, 18, 34, 42]
[1.0, 1.0, 0.0, 1.0, 1.0]
[4.064785485995952E-4, 0.014178520826227186, 0.14903268133359984, 0.03493890057829706, 0.08083091175512123]
Recall: -0.7000000000000001
[423, 133, 18, 34, 42]
[0.9975490196078431, 0.5, 0.0, 1.0, 0.2857142857142857]
[4.064785485995952E-4, 0.014178520826227186, 0.14903268133359984, 0.03493890057829706, 0.08083091175512123]
Accuracy: -0.7000000000000001
[423, 133, 18, 34, 42]
[0.9976359338061466, 0.9849624060150376, 0.5555555555555556, 1.0, 0.8809523809523809]
[4.064785485995952E-4, 0.014178520826227186, 0.14903268133359984, 0.03493890057829706, 0.08083091175512123]
FScore: -0.7000000000000001
[423, 133, 18, 34, 42]
[0.9987730061349693, 0.6666666666666666, 0.0, 1.0, 0.4444444444444445]
[4.064785485995952E-4, 0.014178520826227186, 0.14903268133359984, 0.03493890057829706, 0.08083091175512123]
Matthews: -0.7000000000000001
[423, 133, 18, 34, 42]
[0.9670585328108909, 0.7016882585691031, 0.0, 1.0, 0.5]
[4.064785485995952E-4, 0.014178520826227186, 0.14903268133359984, 0.03493890057829706, 0.08083091175512123]

Analysis for mammographic-masses (960)
Precision: -1.0
[103, 62, 184, 92, 519]
[0.3230769230769231, 0.0967741935483871, 0.88, 0.4117647058823529, 0.9969230769230769]
[0.20406527804250044, 0.38419549486043153, 0.0873023085524686, 0.1937323078896471, 0.03179054829509271]
Recall: -0.9
[103, 62, 184, 92, 519]
[0.65625, 0.08823529411764706, 0.8571428571428571, 0.44680851063829785, 0.9969230769230769]
[0.20406527804250044, 0.38419549486043153, 0.0873023085524686, 0.1937323078896471, 0.03179054829509271]
Accuracy: -0.9
[103, 62, 184, 92, 519]
[0.46601941747572817, 0.04838709677419355, 0.8913043478260869, 0.391304347826087, 0.9961464354527938]
[0.20406527804250044, 0.38419549486043153, 0.0873023085524686, 0.1937323078896471, 0.03179054829509271]
FScore: -0.9
[103, 62, 184, 92, 519]
[0.43298969072164956, 0.09230769230769231, 0.8684210526315789, 0.42857142857142855, 0.9969230769230769]
[0.20406527804250044, 0.38419549486043153, 0.0873023085524686, 0.1937323078896471, 0.03179054829509271]
Matthews: -0.9
[103, 62, 184, 92, 519]
[0.03503688213862655, -0.9074852129730301, 0.7760507389674135, -0.22111629594723434, 0.9917684377478192]
[0.20406527804250044, 0.38419549486043153, 0.0873023085524686, 0.1937323078896471, 0.03179054829509271]

Analysis for phoneme (5400)
Precision: 0.9
[410, 763, 2855, 701, 671]
[0.2593984962406015, 0.5319148936170213, 0.0, 0.9829931972789115, 0.9972826086956522]
[0.1470278132132316, 0.07018990334220596, 0.007778077013115302, 0.1526974323664427, 0.2858800989545367]
Recall: 0.0
[410, 763, 2855, 701, 671]
[0.8734177215189873, 0.9615384615384616, 0.0, 0.8487518355359766, 0.5485799701046338]
[0.1470278132132316, 0.07018990334220596, 0.007778077013115302, 0.1526974323664427, 0.2858800989545367]
Accuracy: -0.5
[410, 763, 2855, 701, 671]
[0.4951219512195122, 0.8191349934469201, 0.9824868651488616, 0.8388017118402282, 0.5484351713859911]
[0.1470278132132316, 0.07018990334220596, 0.007778077013115302, 0.1526974323664427, 0.2858800989545367]
FScore: 0.8
[410, 763, 2855, 701, 671]
[0.4, 0.684931506849315, 0.0, 0.9109535066981875, 0.707810993249759]
[0.1470278132132316, 0.07018990334220596, 0.007778077013115302, 0.1526974323664427, 0.2858800989545367]
Matthews: 0.0
[410, 763, 2855, 701, 671]
[0.22990217687595918, 0.6216938542918227, 0.0, 0.15789819704366903, 0.005321573640467279]
[0.1470278132132316, 0.07018990334220596, 0.007778077013115302, 0.1526974323664427, 0.2858800989545367]

Analysis for pima (700)
Precision: -0.7905694150420949
[84, 94, 86, 328, 108]
[0.0, 0.4166666666666667, 0.0, 1.0, 1.0]
[0.11874992272536744, 0.051070752037535375, 0.1994628817702924, 0.017925080228381556, 0.08870074622201089]
Recall: -0.872081599272381
[84, 94, 86, 328, 108]
[0.0, 0.43478260869565216, 0.0, 0.9355828220858896, 0.5520833333333334]
[0.11874992272536744, 0.051070752037535375, 0.1994628817702924, 0.017925080228381556, 0.08870074622201089]
Accuracy: -1.0
[84, 94, 86, 328, 108]
[0.40476190476190477, 0.7127659574468085, 0.3372093023255814, 0.9359756097560976, 0.6018518518518519]
[0.11874992272536744, 0.051070752037535375, 0.1994628817702924, 0.017925080228381556, 0.08870074622201089]
FScore: -0.872081599272381
[84, 94, 86, 328, 108]
[0.0, 0.425531914893617, 0.0, 0.9667194928684627, 0.7114093959731543]
[0.11874992272536744, 0.051070752037535375, 0.1994628817702924, 0.017925080228381556, 0.08870074622201089]
Matthews: -0.6
[84, 94, 86, 328, 108]
[-0.21690331266960183, 0.23425236940458438, -0.20553029833342362, 0.28522802808887604, 0.34706562125129226]
[0.11874992272536744, 0.051070752037535375, 0.1994628817702924, 0.017925080228381556, 0.08870074622201089]

Analysis for ring (7400)
Precision: -0.6
[1305, 726, 571, 772, 4026]
[0.996066089693155, 0.06504065040650407, 0.8455882352941176, 0.9512195121951219, 0.9648331830477908]
[0.035159385436454485, 0.09297375348732557, 0.2370817068591341, 0.11394733033761285, 0.017179861141503553]
Recall: -0.8207826816681233
[1305, 726, 571, 772, 4026]
[0.9836829836829837, 1.0, 0.20947176684881602, 0.7884097035040432, 1.0]
[0.035159385436454485, 0.09297375348732557, 0.2370817068591341, 0.11394733033761285, 0.017179861141503553]
Accuracy: -0.9
[1305, 726, 571, 772, 4026]
[0.9800766283524904, 0.6831955922865014, 0.2031523642732049, 0.7577720207253886, 0.9903129657228018]
[0.035159385436454485, 0.09297375348732557, 0.2370817068591341, 0.11394733033761285, 0.017179861141503553]
FScore: -0.6
[1305, 726, 571, 772, 4026]
[0.9898358092259578, 0.1221374045801527, 0.3357664233576642, 0.8621960206337509, 0.9821018815970628]
[0.035159385436454485, 0.09297375348732557, 0.2370817068591341, 0.11394733033761285, 0.017179861141503553]
Matthews: -1.0
[1305, 726, 571, 772, 4026]
[0.5168442356304959, 0.2096929754111746, -0.33665312990969315, -0.10159467445615225, 0.9757579883750246]
[0.035159385436454485, 0.09297375348732557, 0.2370817068591341, 0.11394733033761285, 0.017179861141503553]

Analysis for spambase (4550)
Precision: -0.9000000000000001
[260, 325, 2863, 838, 264]
[0.11971830985915492, 0.4732142857142857, 0.9985693848354793, 0.9273743016759777, 0.5301204819277109]
[0.26477245725506277, 0.11983813245247443, 0.0096444290965144, 0.04940842388101706, 0.14362037836736052]
Recall: -1.0
[260, 325, 2863, 838, 264]
[0.2, 0.6708860759493671, 0.9914772727272727, 0.8713910761154856, 0.42718446601941745]
[0.26477245725506277, 0.11983813245247443, 0.0096444290965144, 0.04940842388101706, 0.14362037836736052]
Accuracy: -1.0
[260, 325, 2863, 838, 264]
[0.25769230769230766, 0.7384615384615385, 0.9926650366748166, 0.9105011933174224, 0.6287878787878788]
[0.26477245725506277, 0.11983813245247443, 0.0096444290965144, 0.04940842388101706, 0.14362037836736052]
FScore: -1.0
[260, 325, 2863, 838, 264]
[0.14977973568281938, 0.5549738219895288, 0.9950106913756237, 0.8985115020297699, 0.4731182795698925]
[0.26477245725506277, 0.11983813245247443, 0.0096444290965144, 0.04940842388101706, 0.14362037836736052]
Matthews: -1.0
[260, 325, 2863, 838, 264]
[-0.4845602359273057, 0.38905285189131183, 0.9812570200739618, 0.8198768738934472, 0.1943139105465967]
[0.26477245725506277, 0.11983813245247443, 0.0096444290965144, 0.04940842388101706, 0.14362037836736052]

Analysis for twonorm (7400)
Precision: -0.8944271909999159
[144, 1955, 379, 3988, 934]
[0.06756756756756757, 1.0, 0.9065420560747663, 1.0, 1.0]
[0.19751697194636061, 0.011333560969376042, 0.09252446389876497, 0.001792917163484004, 0.03650855100117177]
Recall: -0.8944271909999159
[144, 1955, 379, 3988, 934]
[0.07462686567164178, 1.0, 0.9509803921568627, 1.0, 1.0]
[0.19751697194636061, 0.011333560969376042, 0.09252446389876497, 0.001792917163484004, 0.03650855100117177]
Accuracy: -0.8944271909999159
[144, 1955, 379, 3988, 934]
[0.09027777777777778, 1.0, 0.920844327176781, 1.0, 1.0]
[0.19751697194636061, 0.011333560969376042, 0.09252446389876497, 0.001792917163484004, 0.03650855100117177]
FScore: -0.8944271909999159
[144, 1955, 379, 3988, 934]
[0.07092198581560284, 1.0, 0.9282296650717703, 1.0, 1.0]
[0.19751697194636061, 0.011333560969376042, 0.09252446389876497, 0.001792917163484004, 0.03650855100117177]
Matthews: -0.8944271909999159
[144, 1955, 379, 3988, 934]
[-0.819810183201612, 1.0, 0.8413026478196167, 1.0, 1.0]
[0.19751697194636061, 0.011333560969376042, 0.09252446389876497, 0.001792917163484004, 0.03650855100117177]

Analysis for wdbc (560)
Precision: 0.31622776601683794
[101, 2, 101, 11, 345]
[1.0, 0.0, 1.0, 0.0, 0.23529411764705882]
[0.029585359128410732, 0.01159883071595991, 0.009403343948614707, 0.007577069827473758, 6.3391387263849E-4]
Recall: -0.41039134083406165
[101, 2, 101, 11, 345]
[0.8316831683168316, 0.0, 0.9900990099009901, 0.0, 1.0]
[0.029585359128410732, 0.01159883071595991, 0.009403343948614707, 0.007577069827473758, 6.3391387263849E-4]
Accuracy: -0.30000000000000004
[101, 2, 101, 11, 345]
[0.8316831683168316, 0.0, 0.9900990099009901, 0.8181818181818182, 0.9623188405797102]
[0.029585359128410732, 0.01159883071595991, 0.009403343948614707, 0.007577069827473758, 6.3391387263849E-4]
FScore: 0.2051956704170307
[101, 2, 101, 11, 345]
[0.9081081081081082, 0.0, 0.9950248756218906, 0.0, 0.38095238095238093]
[0.029585359128410732, 0.01159883071595991, 0.009403343948614707, 0.007577069827473758, 6.3391387263849E-4]
Matthews: -0.7071067811865476
[101, 2, 101, 11, 345]
[0.0, 0.0, 0.0, 0.0, 0.47573517913783897]
[0.029585359128410732, 0.01159883071595991, 0.009403343948614707, 0.007577069827473758, 6.3391387263849E-4]
