MultiResolutionExperiment(5, 10, MultiResolutionTransform(50, 0.10)

Analysis for appendicitis (100)
Precision: -0.7905694150420949
[3, 11, 7, 8, 71]
[0.0, 0.0, 1.0, 0.16666666666666666, 1.0]
[0.29881565634958096, 0.018980650922270966, 0.01705166055088549, 0.09238316444911196, 0.0019157597848326433]
Recall: -0.31622776601683794
[3, 11, 7, 8, 71]
[0.0, 0.0, 1.0, 1.0, 0.9714285714285714]
[0.29881565634958096, 0.018980650922270966, 0.01705166055088549, 0.09238316444911196, 0.0019157597848326433]
Accuracy: -0.9
[3, 11, 7, 8, 71]
[0.0, 0.6363636363636364, 1.0, 0.375, 0.971830985915493]
[0.29881565634958096, 0.018980650922270966, 0.01705166055088549, 0.09238316444911196, 0.0019157597848326433]
FScore: -0.7181848464596079
[3, 11, 7, 8, 71]
[0.0, 0.0, 1.0, 0.2857142857142857, 0.9855072463768115]
[0.29881565634958096, 0.018980650922270966, 0.01705166055088549, 0.09238316444911196, 0.0019157597848326433]
Matthews: -0.35909242322980384
[3, 11, 7, 8, 71]
[0.0, -0.2222222222222222, 0.0, 0.2182178902359924, 0.5690426379538917]
[0.29881565634958096, 0.018980650922270966, 0.01705166055088549, 0.09238316444911196, 0.0019157597848326433]

Analysis for banana (5300)
Precision: -0.9
[1266, 801, 331, 2455, 447]
[0.9985734664764622, 0.9927710843373494, 0.0, 0.9960526315789474, 0.45384615384615384]
[0.04153332136510583, 0.1163727438710728, 0.3435361093589486, 0.006466030780028285, 0.21590941313336703]
Recall: -1.0
[1266, 801, 331, 2455, 447]
[0.9943181818181818, 0.8425357873210634, 0.0, 0.9993399339933994, 0.33146067415730335]
[0.04153332136510583, 0.1163727438710728, 0.3435361093589486, 0.006466030780028285, 0.21590941313336703]
Accuracy: -1.0
[1266, 801, 331, 2455, 447]
[0.9960505529225908, 0.9001248439450686, 0.12084592145015106, 0.9971486761710794, 0.5749440715883669]
[0.04153332136510583, 0.1163727438710728, 0.3435361093589486, 0.006466030780028285, 0.21590941313336703]
FScore: -1.0
[1266, 801, 331, 2455, 447]
[0.9964412811387899, 0.911504424778761, 0.0, 0.9976935749588138, 0.38311688311688313]
[0.04153332136510583, 0.1163727438710728, 0.3435361093589486, 0.006466030780028285, 0.21590941313336703]
Matthews: -1.0
[1266, 801, 331, 2455, 447]
[0.9920161838209598, 0.8128633192580275, -0.6485910438574131, 0.9939695177885892, 0.07278103984513998]
[0.04153332136510583, 0.1163727438710728, 0.3435361093589486, 0.006466030780028285, 0.21590941313336703]

Analysis for breast-cancer-original (650)
Precision: -0.8660254037844386
[1, 579, 14, 44, 12]
[0.0, 1.0, 1.0, 1.0, 0.0]
[0.09103829503861666, 3.022513999019295E-4, 0.07341282052355771, 0.021054704469970313, 0.126787885810906]
Recall: -0.9486832980505138
[1, 579, 14, 44, 12]
[0.0, 0.9951456310679612, 0.25, 0.25, 0.0]
[0.09103829503861666, 3.022513999019295E-4, 0.07341282052355771, 0.021054704469970313, 0.126787885810906]
Accuracy: -0.9
[1, 579, 14, 44, 12]
[0.0, 0.9965457685664939, 0.7857142857142857, 0.8636363636363636, 0.6666666666666666]
[0.09103829503861666, 3.022513999019295E-4, 0.07341282052355771, 0.021054704469970313, 0.126787885810906]
FScore: -0.9486832980505138
[1, 579, 14, 44, 12]
[0.0, 0.9975669099756691, 0.4, 0.4, 0.0]
[0.09103829503861666, 3.022513999019295E-4, 0.07341282052355771, 0.021054704469970313, 0.126787885810906]
Matthews: -0.9746794344808963
[1, 579, 14, 44, 12]
[0.0, 0.9916495145435084, 0.43852900965351466, 0.4629100498862757, 0.0]
[0.09103829503861666, 3.022513999019295E-4, 0.07341282052355771, 0.021054704469970313, 0.126787885810906]

Analysis for mammographic-masses (960)
Precision: -0.9
[58, 93, 214, 494, 101]
[0.11538461538461539, 0.4482758620689655, 0.8133333333333334, 0.990990990990991, 0.2727272727272727]
[0.3826041645527095, 0.20340536824303349, 0.0731203529391358, 0.02791333286709042, 0.17674070497575983]
Recall: -1.0
[58, 93, 214, 494, 101]
[0.08571428571428572, 0.4727272727272727, 0.8591549295774648, 0.9850746268656716, 0.7894736842105263]
[0.3826041645527095, 0.20340536824303349, 0.0731203529391358, 0.02791333286709042, 0.17674070497575983]
Accuracy: -1.0
[58, 93, 214, 494, 101]
[0.05172413793103448, 0.34408602150537637, 0.8878504672897196, 0.9838056680161943, 0.5643564356435643]
[0.3826041645527095, 0.20340536824303349, 0.0731203529391358, 0.02791333286709042, 0.17674070497575983]
FScore: -0.9
[58, 93, 214, 494, 101]
[0.09836065573770493, 0.4601769911504425, 0.8356164383561644, 0.9880239520958084, 0.4054054054054054]
[0.3826041645527095, 0.20340536824303349, 0.0731203529391358, 0.02791333286709042, 0.17674070497575983]
Matthews: -1.0
[58, 93, 214, 494, 101]
[-0.899328198596713, -0.37479702790224306, 0.7512562228214507, 0.9630657911711952, 0.2367303121071821]
[0.3826041645527095, 0.20340536824303349, 0.0731203529391358, 0.02791333286709042, 0.17674070497575983]

Analysis for phoneme (5400)
Precision: 0.7000000000000001
[417, 673, 3004, 702, 604]
[0.10714285714285714, 0.708904109589041, 0.4774774774774775, 0.9609929078014184, 1.0]
[0.12665017380777724, 0.05774027528741445, 0.008618665677081016, 0.14912797079962006, 0.2723181741078429]
Recall: -1.0
[417, 673, 3004, 702, 604]
[0.8181818181818182, 0.9039301310043668, 0.9814814814814815, 0.8150375939849624, 0.554635761589404]
[0.12665017380777724, 0.05774027528741445, 0.008618665677081016, 0.14912797079962006, 0.2723181741078429]
Accuracy: -0.7000000000000001
[417, 673, 3004, 702, 604]
[0.4460431654676259, 0.8410104011887073, 0.9803595206391478, 0.7934472934472935, 0.554635761589404]
[0.12665017380777724, 0.05774027528741445, 0.008618665677081016, 0.14912797079962006, 0.2723181741078429]
FScore: 0.30000000000000004
[417, 673, 3004, 702, 604]
[0.18947368421052632, 0.7946257197696738, 0.6424242424242426, 0.8820179007323028, 0.7135250266240681]
[0.12665017380777724, 0.05774027528741445, 0.008618665677081016, 0.14912797079962006, 0.2723181741078429]
Matthews: -0.9
[417, 673, 3004, 702, 604]
[0.12821104426417604, 0.6811351414216622, 0.6774327601030895, 0.12394496836966643, 0.0]
[0.12665017380777724, 0.05774027528741445, 0.008618665677081016, 0.14912797079962006, 0.2723181741078429]

Analysis for pima (700)
Precision: -0.7999999999999999
[81, 84, 148, 348, 39]
[0.03333333333333333, 0.0, 0.9759036144578314, 0.9652777777777778, 0.5333333333333333]
[0.07737118040239416, 0.20448883580312147, 0.05639250485962823, 0.01395240971512502, 0.13963025346167537]
Recall: -0.9
[81, 84, 148, 348, 39]
[0.16666666666666666, 0.0, 0.6428571428571429, 0.9235880398671097, 0.47058823529411764]
[0.07737118040239416, 0.20448883580312147, 0.05639250485962823, 0.01395240971512502, 0.13963025346167537]
Accuracy: -0.9
[81, 84, 148, 348, 39]
[0.5802469135802469, 0.19047619047619047, 0.6824324324324325, 0.9051724137931034, 0.5897435897435898]
[0.07737118040239416, 0.20448883580312147, 0.05639250485962823, 0.01395240971512502, 0.13963025346167537]
FScore: -0.9
[81, 84, 148, 348, 39]
[0.05555555555555555, 0.0, 0.7751196172248804, 0.9439728353140917, 0.5]
[0.07737118040239416, 0.20448883580312147, 0.05639250485962823, 0.01395240971512502, 0.13963025346167537]
Matthews: -0.7000000000000001
[81, 84, 148, 348, 39]
[-0.11931175180026089, 0.0, 0.3956389980413718, 0.6431632466589841, 0.15534161078983555]
[0.07737118040239416, 0.20448883580312147, 0.05639250485962823, 0.01395240971512502, 0.13963025346167537]

Analysis for ring (7400)
Precision: -0.6
[725, 876, 442, 580, 4777]
[0.9792899408284024, 0.11284046692607004, 0.8857142857142857, 0.8721804511278195, 0.9878481012658228]
[0.048396818699757184, 0.0823825246864072, 0.27155337882543995, 0.14029515753071192, 0.01628810042098359]
Recall: -0.7000000000000001
[725, 876, 442, 580, 4777]
[0.9350282485875706, 1.0, 0.14285714285714285, 0.6590909090909091, 0.9928753180661578]
[0.048396818699757184, 0.0823825246864072, 0.27155337882543995, 0.14029515753071192, 0.01628810042098359]
Accuracy: -1.0
[725, 876, 442, 580, 4777]
[0.9172413793103448, 0.7397260273972602, 0.14027149321266968, 0.6017241379310345, 0.9920452166631777]
[0.048396818699757184, 0.0823825246864072, 0.27155337882543995, 0.14029515753071192, 0.01628810042098359]
FScore: -0.7000000000000001
[725, 876, 442, 580, 4777]
[0.9566473988439307, 0.20279720279720279, 0.24603174603174605, 0.7508090614886731, 0.9903553299492386]
[0.048396818699757184, 0.0823825246864072, 0.27155337882543995, 0.14029515753071192, 0.01628810042098359]
Matthews: -0.9
[725, 876, 442, 580, 4777]
[0.06721095066395365, 0.28716800866975045, -0.31298431857438064, -0.19834200176038838, 0.9835957871001628]
[0.048396818699757184, 0.0823825246864072, 0.27155337882543995, 0.14029515753071192, 0.01628810042098359]

Analysis for spambase (4550)
Precision: -1.0
[311, 1378, 585, 407, 1869]
[0.09259259259259259, 0.9892891918208374, 0.8606965174129353, 0.3333333333333333, 0.993916349809886]
[0.2966990091725557, 0.03975764326520634, 0.09847473084670133, 0.16691086840740288, 0.0047778893774178465]
Recall: -1.0
[311, 1378, 585, 407, 1869]
[0.21428571428571427, 0.9685414680648237, 0.6865079365079365, 0.4142857142857143, 0.9909021986353298]
[0.2966990091725557, 0.03975764326520634, 0.09847473084670133, 0.16691086840740288, 0.0047778893774178465]
Accuracy: -1.0
[311, 1378, 585, 407, 1869]
[0.3504823151125402, 0.9680696661828737, 0.8170940170940171, 0.7567567567567568, 0.9892990904226859]
[0.2966990091725557, 0.03975764326520634, 0.09847473084670133, 0.16691086840740288, 0.0047778893774178465]
FScore: -1.0
[311, 1378, 585, 407, 1869]
[0.12931034482758622, 0.9788053949903661, 0.7637969094922737, 0.3694267515923567, 0.9924069855732727]
[0.2966990091725557, 0.03975764326520634, 0.09847473084670133, 0.16691086840740288, 0.0047778893774178465]
Matthews: -1.0
[311, 1378, 585, 407, 1869]
[-0.330782928098032, 0.9149727002874454, 0.6281464436327023, 0.2229285227467819, 0.974304064276364]
[0.2966990091725557, 0.03975764326520634, 0.09847473084670133, 0.16691086840740288, 0.0047778893774178465]

Analysis for twonorm (7400)
Precision: -1.0
[136, 1895, 819, 4215, 335]
[0.12162162162162163, 0.9989212513484358, 0.9976525821596244, 1.0, 0.8784530386740331]
[0.19537194074376107, 0.011654775229431067, 0.03759339370549537, 0.0016694516922899471, 0.09321403230854529]
Recall: -0.8944271909999159
[136, 1895, 819, 4215, 335]
[0.14754098360655737, 1.0, 1.0, 1.0, 0.888268156424581]
[0.19537194074376107, 0.011654775229431067, 0.03759339370549537, 0.0016694516922899471, 0.09321403230854529]
Accuracy: -1.0
[136, 1895, 819, 4215, 335]
[0.13970588235294118, 0.9994722955145119, 0.9987789987789988, 1.0, 0.8746268656716418]
[0.19537194074376107, 0.011654775229431067, 0.03759339370549537, 0.0016694516922899471, 0.09321403230854529]
FScore: -1.0
[136, 1895, 819, 4215, 335]
[0.1333333333333333, 0.9994603345925526, 0.9988249118683901, 1.0, 0.8833333333333333]
[0.19537194074376107, 0.011654775229431067, 0.03759339370549537, 0.0016694516922899471, 0.09321403230854529]
Matthews: -1.0
[136, 1895, 819, 4215, 335]
[-0.7181061467079854, 0.9989446295286201, 0.9975572509921097, 1.0, 0.7479124118232588]
[0.19537194074376107, 0.011654775229431067, 0.03759339370549537, 0.0016694516922899471, 0.09321403230854529]

Analysis for wdbc (560)
Precision: 0.8944271909999159
[47, 23, 0, 39, 451]
[1.0, 1.0, 0.0, 1.0, 0.8468468468468469]
[0.03522013657874502, 0.08560621795421998, 0.0, 0.010073382840221582, 0.0018141705742987279]
Recall: 0.0
[47, 23, 0, 39, 451]
[0.8936170212765957, 0.6956521739130435, 0.0, 0.9230769230769231, 0.9690721649484536]
[0.03522013657874502, 0.08560621795421998, 0.0, 0.010073382840221582, 0.0018141705742987279]
Accuracy: 0.0
[47, 23, 0, 39, 451]
[0.8936170212765957, 0.6956521739130435, 0.0, 0.9230769230769231, 0.9556541019955654]
[0.03522013657874502, 0.08560621795421998, 0.0, 0.010073382840221582, 0.0018141705742987279]
FScore: 0.30000000000000004
[47, 23, 0, 39, 451]
[0.9438202247191011, 0.8205128205128205, 0.0, 0.9600000000000001, 0.903846153846154]
[0.03522013657874502, 0.08560621795421998, 0.0, 0.010073382840221582, 0.0018141705742987279]
Matthews: -0.3535533905932738
[47, 23, 0, 39, 451]
[0.0, 0.0, 0.0, 0.0, 0.8785562092929292]
[0.03522013657874502, 0.08560621795421998, 0.0, 0.010073382840221582, 0.0018141705742987279]
