MultiResolutionExperiment(5, 10, MultiResolutionTransform(40, 0.20)

Analysis for appendicitis (100)
Precision: -0.8660254037844386
[4, 1, 77, 8, 10]
[0.0, 0.0, 1.0, 0.0, 1.0]
[0.2741954995652934, 0.3548316946268395, 0.0046317003569467975, 0.09436592193689652, 0.05816562183194089]
Recall: -0.8944271909999159
[4, 1, 77, 8, 10]
[0.0, 0.0, 0.9868421052631579, 0.0, 0.25]
[0.2741954995652934, 0.3548316946268395, 0.0046317003569467975, 0.09436592193689652, 0.05816562183194089]
Accuracy: -0.9746794344808963
[4, 1, 77, 8, 10]
[0.0, 0.0, 0.987012987012987, 0.375, 0.7]
[0.2741954995652934, 0.3548316946268395, 0.0046317003569467975, 0.09436592193689652, 0.05816562183194089]
FScore: -0.8944271909999159
[4, 1, 77, 8, 10]
[0.0, 0.0, 0.9933774834437086, 0.0, 0.4]
[0.2741954995652934, 0.3548316946268395, 0.0046317003569467975, 0.09436592193689652, 0.05816562183194089]
Matthews: -0.8944271909999159
[4, 1, 77, 8, 10]
[0.0, 0.0, 0.7024393586862705, 0.0, 0.408248290463863]
[0.2741954995652934, 0.3548316946268395, 0.0046317003569467975, 0.09436592193689652, 0.05816562183194089]

Analysis for banana (5300)
Precision: -0.7000000000000001
[574, 1434, 492, 2328, 472]
[0.9974874371859297, 0.9944598337950139, 0.627906976744186, 0.997411003236246, 0.006430868167202572]
[0.1582115466304682, 0.06422787050666473, 0.1639168475812127, 0.01859798453971279, 0.3302237101224483]
Recall: -1.0
[574, 1434, 492, 2328, 472]
[0.720508166969147, 0.9930843706777317, 0.5869565217391305, 0.9993514915693904, 0.03225806451612903]
[0.1582115466304682, 0.06422787050666473, 0.1639168475812127, 0.01859798453971279, 0.3302237101224483]
Accuracy: -0.9
[574, 1434, 492, 2328, 472]
[0.7299651567944251, 0.9937238493723849, 0.9288617886178862, 0.997852233676976, 0.21822033898305085]
[0.1582115466304682, 0.06422787050666473, 0.1639168475812127, 0.01859798453971279, 0.3302237101224483]
FScore: -1.0
[574, 1434, 492, 2328, 472]
[0.8366701791359326, 0.9937716262975779, 0.6067415730337078, 0.9983803045027535, 0.010723860589812333]
[0.1582115466304682, 0.06422787050666473, 0.1639168475812127, 0.01859798453971279, 0.3302237101224483]
Matthews: -0.9
[574, 1434, 492, 2328, 472]
[0.2879716272419357, 0.9874479267029986, 0.5680744251010195, 0.9951977086425013, -0.5140094017541733]
[0.1582115466304682, 0.06422787050666473, 0.1639168475812127, 0.01859798453971279, 0.3302237101224483]

Analysis for breast-cancer-original (650)
Precision: -0.5773502691896258
[10, 560, 14, 41, 25]
[1.0, 1.0, 0.0, 1.0, 0.0]
[0.0776149828462534, 6.032824011522012E-4, 0.15700197462512236, 0.014386835976998955, 0.05099964221945494]
Recall: -0.8207826816681233
[10, 560, 14, 41, 25]
[0.5, 0.9927007299270073, 0.0, 0.5714285714285714, 0.0]
[0.0776149828462534, 6.032824011522012E-4, 0.15700197462512236, 0.014386835976998955, 0.05099964221945494]
Accuracy: -0.9
[10, 560, 14, 41, 25]
[0.9, 0.9946428571428572, 0.7142857142857143, 0.926829268292683, 0.8]
[0.0776149828462534, 6.032824011522012E-4, 0.15700197462512236, 0.014386835976998955, 0.05099964221945494]
FScore: -0.8207826816681233
[10, 560, 14, 41, 25]
[0.6666666666666666, 0.9963369963369962, 0.0, 0.7272727272727273, 0.0]
[0.0776149828462534, 6.032824011522012E-4, 0.15700197462512236, 0.014386835976998955, 0.05099964221945494]
Matthews: -0.8207826816681233
[10, 560, 14, 41, 25]
[0.6666666666666666, 0.9864623420904919, 0.0, 0.7246354428928556, 0.0]
[0.0776149828462534, 6.032824011522012E-4, 0.15700197462512236, 0.014386835976998955, 0.05099964221945494]

Analysis for mammographic-masses (960)
Precision: -0.9
[100, 96, 92, 420, 252]
[0.27586206896551724, 0.32, 0.5454545454545454, 0.9938461538461538, 0.847457627118644]
[0.1817925601286853, 0.3418241735284424, 0.16000901974738033, 0.03042166480115839, 0.07450444964042234]
Recall: -0.9
[100, 96, 92, 420, 252]
[0.7619047619047619, 0.25806451612903225, 0.6122448979591837, 0.9938461538461538, 0.8620689655172413]
[0.1817925601286853, 0.3418241735284424, 0.16000901974738033, 0.03042166480115839, 0.07450444964042234]
Accuracy: -0.9
[100, 96, 92, 420, 252]
[0.53, 0.16666666666666666, 0.5217391304347826, 0.9904761904761905, 0.9325396825396826]
[0.1817925601286853, 0.3418241735284424, 0.16000901974738033, 0.03042166480115839, 0.07450444964042234]
FScore: -1.0
[100, 96, 92, 420, 252]
[0.40506329113924044, 0.2857142857142857, 0.5769230769230769, 0.9938461538461538, 0.8547008547008546]
[0.1817925601286853, 0.3418241735284424, 0.16000901974738033, 0.03042166480115839, 0.07450444964042234]
Matthews: -0.9
[100, 96, 92, 420, 252]
[0.1900209687814342, -0.7102929881621091, 0.03139054688710309, 0.9727935222672065, 0.810827614817376]
[0.1817925601286853, 0.3418241735284424, 0.16000901974738033, 0.03042166480115839, 0.07450444964042234]

Analysis for phoneme (5400)
Precision: 0.9
[641, 670, 2741, 587, 761]
[0.9831460674157303, 0.5806451612903226, 0.0, 0.19614147909967847, 0.9977924944812362]
[0.16561668266915605, 0.055546323943420545, 0.00931633835962371, 0.12781102733424451, 0.2885262826438282]
Recall: 0.0
[641, 670, 2741, 587, 761]
[0.8440514469453376, 0.9473684210526315, 0.0, 0.8714285714285714, 0.5947368421052631]
[0.16561668266915605, 0.055546323943420545, 0.00931633835962371, 0.12781102733424451, 0.2885262826438282]
Accuracy: -0.7000000000000001
[641, 670, 2741, 587, 761]
[0.8346333853354134, 0.8537313432835821, 0.9857716161984678, 0.5587734241908007, 0.5939553219448095]
[0.16561668266915605, 0.055546323943420545, 0.00931633835962371, 0.12781102733424451, 0.2885262826438282]
FScore: 0.8
[641, 670, 2741, 587, 761]
[0.9083044982698962, 0.72, 0.0, 0.32020997375328086, 0.7452596867271227]
[0.16561668266915605, 0.055546323943420545, 0.00931633835962371, 0.12781102733424451, 0.2885262826438282]
Matthews: -0.39999999999999997
[641, 670, 2741, 587, 761]
[0.16843876032245142, 0.6630747482246963, 0.0, 0.2518519239141086, -0.02991020992243745]
[0.16561668266915605, 0.055546323943420545, 0.00931633835962371, 0.12781102733424451, 0.2885262826438282]

Analysis for pima (700)
Precision: -0.7000000000000001
[72, 83, 81, 351, 113]
[0.029411764705882353, 0.14285714285714285, 0.0, 0.9834983498349835, 1.0]
[0.14193082455715936, 0.05801499507125204, 0.23938943023045098, 0.021128041219380295, 0.08557537945304645]
Recall: -0.7000000000000001
[72, 83, 81, 351, 113]
[0.3333333333333333, 0.2, 0.0, 0.9283489096573209, 0.5945945945945946]
[0.14193082455715936, 0.05801499507125204, 0.23938943023045098, 0.021128041219380295, 0.08557537945304645]
Accuracy: -1.0
[72, 83, 81, 351, 113]
[0.5138888888888888, 0.6385542168674698, 0.25925925925925924, 0.9202279202279202, 0.6017699115044248]
[0.14193082455715936, 0.05801499507125204, 0.23938943023045098, 0.021128041219380295, 0.08557537945304645]
FScore: -0.9
[72, 83, 81, 351, 113]
[0.05405405405405406, 0.16666666666666666, 0.0, 0.9551282051282051, 0.7457627118644068]
[0.14193082455715936, 0.05801499507125204, 0.23938943023045098, 0.021128041219380295, 0.08557537945304645]
Matthews: -0.5
[72, 83, 81, 351, 113]
[-0.05801026176273117, -0.05727147358060374, 0.0, 0.6197906805098763, 0.1590657022815515]
[0.14193082455715936, 0.05801499507125204, 0.23938943023045098, 0.021128041219380295, 0.08557537945304645]

Analysis for ring (7400)
Precision: -0.6
[600, 792, 505, 874, 4629]
[0.9225512528473804, 0.9934383202099738, 0.9052631578947369, 0.03802281368821293, 0.9867986798679867]
[0.14923346756529393, 0.05551871463853044, 0.2848470029471938, 0.0893441317515799, 0.019919962221627178]
Recall: -0.7000000000000001
[600, 792, 505, 874, 4629]
[0.7168141592920354, 0.9631043256997456, 0.17338709677419356, 1.0, 0.9928057553956835]
[0.14923346756529393, 0.05551871463853044, 0.2848470029471938, 0.0893441317515799, 0.019919962221627178]
Accuracy: -1.0
[600, 792, 505, 874, 4629]
[0.6766666666666666, 0.9570707070707071, 0.1702970297029703, 0.7105263157894737, 0.9920069129401599]
[0.14923346756529393, 0.05551871463853044, 0.2848470029471938, 0.0893441317515799, 0.019919962221627178]
FScore: -0.7000000000000001
[600, 792, 505, 874, 4629]
[0.8067729083665339, 0.9780361757105944, 0.2910321489001692, 0.07326007326007325, 0.989793103448276]
[0.14923346756529393, 0.05551871463853044, 0.2848470029471938, 0.0893441317515799, 0.019919962221627178]
Matthews: -0.9
[600, 792, 505, 874, 4629]
[-0.13467780533915796, 0.058942209388559035, -0.27984048330267797, 0.16397810364884374, 0.9832369946968725]
[0.14923346756529393, 0.05551871463853044, 0.2848470029471938, 0.0893441317515799, 0.019919962221627178]

Analysis for spambase (4550)
Precision: -0.9
[343, 646, 1455, 452, 1654]
[0.09195402298850575, 0.8764940239043825, 0.9964695498676082, 0.30666666666666664, 0.993960310612597]
[0.30527352982044903, 0.10248279317362737, 0.041731235551984165, 0.17115924382033199, 0.005666399043364358]
Recall: -1.0
[343, 646, 1455, 452, 1654]
[0.20512820512820512, 0.7142857142857143, 0.9707652622527945, 0.45098039215686275, 0.993103448275862]
[0.30527352982044903, 0.10248279317362737, 0.041731235551984165, 0.17115924382033199, 0.005666399043364358]
Accuracy: -0.9
[343, 646, 1455, 452, 1654]
[0.358600583090379, 0.8157894736842105, 0.9738831615120275, 0.8230088495575221, 0.9909310761789601]
[0.30527352982044903, 0.10248279317362737, 0.041731235551984165, 0.17115924382033199, 0.005666399043364358]
FScore: -1.0
[343, 646, 1455, 452, 1654]
[0.12698412698412698, 0.7871198568872988, 0.9834494773519163, 0.36507936507936506, 0.9935316946959896]
[0.30527352982044903, 0.10248279317362737, 0.041731235551984165, 0.17115924382033199, 0.005666399043364358]
Matthews: -1.0
[343, 646, 1455, 452, 1654]
[-0.3278974883770492, 0.6379495073436388, 0.9233802201517566, 0.2732580004168972, 0.9783658866147894]
[0.30527352982044903, 0.10248279317362737, 0.041731235551984165, 0.17115924382033199, 0.005666399043364358]

Analysis for twonorm (7400)
Precision: -0.9746794344808963
[170, 2324, 1195, 3253, 458]
[0.16091954022988506, 1.0, 0.9983361064891847, 1.0, 0.9411764705882353]
[0.2008648591542182, 0.013185490144706005, 0.03846702258738596, 0.0028374294423732975, 0.09429032997451453]
Recall: -0.8944271909999159
[170, 2324, 1195, 3253, 458]
[0.19444444444444445, 1.0, 1.0, 1.0, 0.9448818897637795]
[0.2008648591542182, 0.013185490144706005, 0.03846702258738596, 0.0028374294423732975, 0.09429032997451453]
Accuracy: -0.9746794344808963
[170, 2324, 1195, 3253, 458]
[0.22941176470588234, 1.0, 0.999163179916318, 1.0, 0.9366812227074236]
[0.2008648591542182, 0.013185490144706005, 0.03846702258738596, 0.0028374294423732975, 0.09429032997451453]
FScore: -0.9746794344808963
[170, 2324, 1195, 3253, 458]
[0.1761006289308176, 1.0, 0.9991673605328892, 1.0, 0.9430255402750491]
[0.2008648591542182, 0.013185490144706005, 0.03846702258738596, 0.0028374294423732975, 0.09429032997451453]
Matthews: -0.9746794344808963
[170, 2324, 1195, 3253, 458]
[-0.5441282356228074, 1.0, 0.9983277170748888, 1.0, 0.8717816100014484]
[0.2008648591542182, 0.013185490144706005, 0.03846702258738596, 0.0028374294423732975, 0.09429032997451453]

Analysis for wdbc (560)
Precision: 0.872081599272381
[60, 0, 59, 237, 204]
[1.0, 0.0, 1.0, 0.5666666666666667, 0.9444444444444444]
[0.07062374829681774, 0.0, 0.018511914662555, 0.0045238345397234595, 3.8816818861743356E-4]
Recall: 0.0
[60, 0, 59, 237, 204]
[0.8166666666666667, 0.0, 0.9152542372881356, 0.9444444444444444, 0.9855072463768116]
[0.07062374829681774, 0.0, 0.018511914662555, 0.0045238345397234595, 3.8816818861743356E-4]
Accuracy: 0.0
[60, 0, 59, 237, 204]
[0.8166666666666667, 0.0, 0.9152542372881356, 0.9409282700421941, 0.9754901960784313]
[0.07062374829681774, 0.0, 0.018511914662555, 0.0045238345397234595, 3.8816818861743356E-4]
FScore: 0.30000000000000004
[60, 0, 59, 237, 204]
[0.8990825688073394, 0.0, 0.9557522123893806, 0.7083333333333334, 0.9645390070921985]
[0.07062374829681774, 0.0, 0.018511914662555, 0.0045238345397234595, 3.8816818861743356E-4]
Matthews: -0.33541019662496846
[60, 0, 59, 237, 204]
[0.0, 0.0, 0.0, 0.7051749223527655, 0.9463254237359906]
[0.07062374829681774, 0.0, 0.018511914662555, 0.0045238345397234595, 3.8816818861743356E-4]
