MultiResolutionExperiment(5, 10, MultiResolutionTransform(30, 0.30))

Analysis for appendicitis (100)
Precision: -0.0
[1, 0, 80, 19, 0]
[0.0, 0.0, 1.0, 0.0, 0.0]
[0.37922427348906296, 0.0, 0.009832606847492573, 0.16333146219127526, 0.0]
Recall: -0.0
[1, 0, 80, 19, 0]
[0.0, 0.0, 0.95, 0.0, 0.0]
[0.37922427348906296, 0.0, 0.009832606847492573, 0.16333146219127526, 0.0]
Accuracy: 0.22941573387056177
[1, 0, 80, 19, 0]
[0.0, 0.0, 0.95, 0.5263157894736842, 0.0]
[0.37922427348906296, 0.0, 0.009832606847492573, 0.16333146219127526, 0.0]
FScore: -0.0
[1, 0, 80, 19, 0]
[0.0, 0.0, 0.9743589743589743, 0.0, 0.0]
[0.37922427348906296, 0.0, 0.009832606847492573, 0.16333146219127526, 0.0]
Matthews: NaN
[1, 0, 80, 19, 0]
[0.0, 0.0, 0.0, 0.0, 0.0]
[0.37922427348906296, 0.0, 0.009832606847492573, 0.16333146219127526, 0.0]

Analysis for banana (5300)
Precision: -0.9
[733, 995, 498, 2661, 413]
[0.998330550918197, 0.9602272727272727, 0.7037037037037037, 1.0, 0.003389830508474576]
[0.1303434708688951, 0.10212109724279976, 0.21635559233181356, 0.03857193908486868, 0.3523423172450277]
Recall: -1.0
[733, 995, 498, 2661, 413]
[0.8482269503546099, 0.9941176470588236, 0.44970414201183434, 0.999457111834962, 0.02631578947368421]
[0.1303434708688951, 0.10212109724279976, 0.21635559233181356, 0.03857193908486868, 0.3523423172450277]
Accuracy: -1.0
[733, 995, 498, 2661, 413]
[0.8526603001364257, 0.9919597989949749, 0.748995983935743, 0.9996242014280345, 0.19854721549636803]
[0.1303434708688951, 0.10212109724279976, 0.21635559233181356, 0.03857193908486868, 0.3523423172450277]
FScore: -1.0
[733, 995, 498, 2661, 413]
[0.9171779141104294, 0.976878612716763, 0.5487364620938627, 0.9997284822155851, 0.006006006006006006]
[0.1303434708688951, 0.10212109724279976, 0.21635559233181356, 0.03857193908486868, 0.3523423172450277]
Matthews: -0.9
[733, 995, 498, 2661, 413]
[0.40293769974493593, 0.9722283863551402, 0.40493185989251673, 0.9991187425419352, -0.484778842685806]
[0.1303434708688951, 0.10212109724279976, 0.21635559233181356, 0.03857193908486868, 0.3523423172450277]

Analysis for breast-cancer-original (650)
Precision: -0.0
[415, 109, 11, 85, 30]
[1.0, 0.0, 1.0, 1.0, 0.0]
[0.0011266432213428588, 0.01906208726870464, 0.14877702690531425, 0.04961956805352934, 0.12345617125286625]
Recall: -0.2051956704170307
[415, 109, 11, 85, 30]
[0.9879518072289156, 0.0, 0.09090909090909091, 1.0, 0.0]
[0.0011266432213428588, 0.01906208726870464, 0.14877702690531425, 0.04961956805352934, 0.12345617125286625]
Accuracy: -0.051298917604258434
[415, 109, 11, 85, 30]
[0.9879518072289156, 0.9908256880733946, 0.09090909090909091, 1.0, 1.0]
[0.0011266432213428588, 0.01906208726870464, 0.14877702690531425, 0.04961956805352934, 0.12345617125286625]
FScore: -0.2051956704170307
[415, 109, 11, 85, 30]
[0.993939393939394, 0.0, 0.16666666666666669, 1.0, 0.0]
[0.0011266432213428588, 0.01906208726870464, 0.14877702690531425, 0.04961956805352934, 0.12345617125286625]
Matthews: -0.0
[415, 109, 11, 85, 30]
[0.0, 0.0, 0.0, 1.0, 0.0]
[0.0011266432213428588, 0.01906208726870464, 0.14877702690531425, 0.04961956805352934, 0.12345617125286625]

Analysis for mammographic-masses (960)
Precision: -0.9
[103, 60, 107, 200, 490]
[0.3103448275862069, 0.10344827586206896, 0.42857142857142855, 0.8701298701298701, 1.0]
[0.18288081760797653, 0.3905360010344225, 0.22846507815532252, 0.10124777612029766, 0.039260916977908254]
Recall: -1.0
[103, 60, 107, 200, 490]
[0.782608695652174, 0.08823529411764706, 0.46551724137931033, 0.8589743589743589, 0.9937888198757764]
[0.18288081760797653, 0.3905360010344225, 0.22846507815532252, 0.10124777612029766, 0.039260916977908254]
Accuracy: -1.0
[103, 60, 107, 200, 490]
[0.5631067961165048, 0.05, 0.37383177570093457, 0.895, 0.9959183673469387]
[0.18288081760797653, 0.3905360010344225, 0.22846507815532252, 0.10124777612029766, 0.039260916977908254]
FScore: -0.9
[103, 60, 107, 200, 490]
[0.4444444444444444, 0.09523809523809523, 0.44628099173553715, 0.8645161290322582, 0.9968847352024921]
[0.18288081760797653, 0.3905360010344225, 0.22846507815532252, 0.10124777612029766, 0.039260916977908254]
Matthews: -1.0
[103, 60, 107, 200, 490]
[0.2372871272171372, -0.9041262185485703, -0.2725541413782819, 0.778850873388568, 0.9910081668184008]
[0.18288081760797653, 0.3905360010344225, 0.22846507815532252, 0.10124777612029766, 0.039260916977908254]

Analysis for phoneme (5400)
Precision: 0.8660254037844386
[659, 992, 2164, 716, 869]
[0.0, 0.0, 0.0, 1.0, 1.0]
[0.13175286432329902, 0.042753711145816685, 0.0045684605994292, 0.1624375727810937, 0.29533550332271663]
Recall: 0.7826237921249264
[659, 992, 2164, 716, 869]
[0.0, 0.0, 0.0, 0.8924581005586593, 0.6041426927502876]
[0.13175286432329902, 0.042753711145816685, 0.0045684605994292, 0.1624375727810937, 0.29533550332271663]
Accuracy: -0.7000000000000001
[659, 992, 2164, 716, 869]
[0.5508345978755691, 0.9203629032258065, 0.9930683918669131, 0.8924581005586593, 0.6041426927502876]
[0.13175286432329902, 0.042753711145816685, 0.0045684605994292, 0.1624375727810937, 0.29533550332271663]
FScore: 0.7826237921249264
[659, 992, 2164, 716, 869]
[0.0, 0.0, 0.0, 0.9431734317343174, 0.7532281205164992]
[0.13175286432329902, 0.042753711145816685, 0.0045684605994292, 0.1624375727810937, 0.29533550332271663]
Matthews: NaN
[659, 992, 2164, 716, 869]
[0.0, 0.0, 0.0, 0.0, 0.0]
[0.13175286432329902, 0.042753711145816685, 0.0045684605994292, 0.1624375727810937, 0.29533550332271663]

Analysis for pima (700)
Precision: -0.6708203932499369
[114, 140, 139, 230, 77]
[0.038461538461538464, 1.0, 0.0, 1.0, 1.0]
[0.1014692308850458, 0.05155524898064964, 0.2130144245224446, 0.016014522256059874, 0.11115231155037668]
Recall: -0.9
[114, 140, 139, 230, 77]
[0.14285714285714285, 0.8161764705882353, 0.0, 0.9565217391304348, 0.47368421052631576]
[0.1014692308850458, 0.05155524898064964, 0.2130144245224446, 0.016014522256059874, 0.11115231155037668]
Accuracy: -1.0
[114, 140, 139, 230, 77]
[0.7280701754385965, 0.8214285714285714, 0.3381294964028777, 0.9565217391304348, 0.4805194805194805]
[0.1014692308850458, 0.05155524898064964, 0.2130144245224446, 0.016014522256059874, 0.11115231155037668]
FScore: -0.9
[114, 140, 139, 230, 77]
[0.060606060606060615, 0.8987854251012146, 0.0, 0.9777777777777777, 0.6428571428571429]
[0.1014692308850458, 0.05155524898064964, 0.2130144245224446, 0.016014522256059874, 0.11115231155037668]
Matthews: -0.5
[114, 140, 139, 230, 77]
[-0.05194455065833331, 0.33552356833570146, -0.11720888492479574, 0.0, 0.1074861545850028]
[0.1014692308850458, 0.05155524898064964, 0.2130144245224446, 0.016014522256059874, 0.11115231155037668]

Analysis for ring (7400)
Precision: -0.5
[1850, 947, 986, 297, 3320]
[1.0, 0.017391304347826087, 0.983451536643026, 0.03, 0.986873508353222]
[0.06283342949329995, 0.06512290932629189, 0.22724186385989154, 0.13733203399134902, 0.019998491967571315]
Recall: -0.4472135954999579
[1850, 947, 986, 297, 3320]
[0.9735135135135136, 1.0, 0.424923391215526, 1.0, 1.0]
[0.06283342949329995, 0.06512290932629189, 0.22724186385989154, 0.13733203399134902, 0.019998491967571315]
Accuracy: -0.9
[1850, 947, 986, 297, 3320]
[0.9735135135135136, 0.880675818373812, 0.42190669371196754, 0.3468013468013468, 0.9966867469879518]
[0.06283342949329995, 0.06512290932629189, 0.22724186385989154, 0.13733203399134902, 0.019998491967571315]
FScore: -0.6
[1850, 947, 986, 297, 3320]
[0.986579019446727, 0.03418803418803419, 0.593437945791726, 0.058252427184466014, 0.9933933933933935]
[0.06283342949329995, 0.06512290932629189, 0.22724186385989154, 0.13733203399134902, 0.019998491967571315]
Matthews: -0.7000000000000001
[1850, 947, 986, 297, 3320]
[0.0, 0.12374049145187967, -0.09755323771112231, 0.1, 0.9912210008348631]
[0.06283342949329995, 0.06512290932629189, 0.22724186385989154, 0.13733203399134902, 0.019998491967571315]

Analysis for spambase (4550)
Precision: -0.9
[278, 289, 2753, 308, 922]
[0.1038961038961039, 0.4125, 0.9995291902071564, 0.63, 0.9131736526946108]
[0.2978097954211698, 0.1564128657142831, 0.016566287068002172, 0.16048596780840493, 0.06333140073150943]
Recall: -1.0
[278, 289, 2753, 308, 922]
[0.2077922077922078, 0.6875, 0.9879013494648674, 0.45985401459854014, 0.8739255014326648]
[0.2978097954211698, 0.1564128657142831, 0.016566287068002172, 0.16048596780840493, 0.06333140073150943]
Accuracy: -1.0
[278, 289, 2753, 308, 922]
[0.2841726618705036, 0.7854671280276817, 0.9901925172539048, 0.6396103896103896, 0.920824295010846]
[0.2978097954211698, 0.1564128657142831, 0.016566287068002172, 0.16048596780840493, 0.06333140073150943]
FScore: -0.9
[278, 289, 2753, 308, 922]
[0.13852813852813856, 0.5156249999999999, 0.9936812543880178, 0.5316455696202532, 0.8931185944363104]
[0.2978097954211698, 0.1564128657142831, 0.016566287068002172, 0.16048596780840493, 0.06333140073150943]
Matthews: -1.0
[278, 289, 2753, 308, 922]
[-0.4310261444783412, 0.4096367793151131, 0.9721185485653258, 0.258398215794916, 0.8307952173383827]
[0.2978097954211698, 0.1564128657142831, 0.016566287068002172, 0.16048596780840493, 0.06333140073150943]

Analysis for twonorm (7400)
Precision: -0.8944271909999159
[164, 2493, 502, 3019, 1222]
[0.10588235294117647, 1.0, 0.953405017921147, 1.0, 1.0]
[0.20920344413247172, 0.01735683501709956, 0.10003310425019156, 0.005067481414388017, 0.04389092773386017]
Recall: -0.8944271909999159
[164, 2493, 502, 3019, 1222]
[0.125, 1.0, 0.9672727272727273, 1.0, 1.0]
[0.20920344413247172, 0.01735683501709956, 0.10003310425019156, 0.005067481414388017, 0.04389092773386017]
Accuracy: -0.8944271909999159
[164, 2493, 502, 3019, 1222]
[0.1524390243902439, 1.0, 0.9561752988047809, 1.0, 1.0]
[0.20920344413247172, 0.01735683501709956, 0.10003310425019156, 0.005067481414388017, 0.04389092773386017]
FScore: -0.8944271909999159
[164, 2493, 502, 3019, 1222]
[0.11464968152866241, 1.0, 0.9602888086642599, 1.0, 1.0]
[0.20920344413247172, 0.01735683501709956, 0.10003310425019156, 0.005067481414388017, 0.04389092773386017]
Matthews: -0.8944271909999159
[164, 2493, 502, 3019, 1222]
[-0.6963202746991534, 1.0, 0.9115238699464333, 1.0, 1.0]
[0.20920344413247172, 0.01735683501709956, 0.10003310425019156, 0.005067481414388017, 0.04389092773386017]

Analysis for wdbc (560)
Precision: 0.7071067811865476
[27, 66, 73, 39, 355]
[1.0, 1.0, 1.0, 1.0, 0.05555555555555555]
[0.0692521323010107, 0.03897816267758568, 0.021205141275191602, 0.00830730185078082, 0.0017521415269237388]
Recall: -0.9746794344808963
[27, 66, 73, 39, 355]
[0.6666666666666666, 0.8939393939393939, 0.9726027397260274, 1.0, 1.0]
[0.0692521323010107, 0.03897816267758568, 0.021205141275191602, 0.00830730185078082, 0.0017521415269237388]
Accuracy: -0.7000000000000001
[27, 66, 73, 39, 355]
[0.6666666666666666, 0.8939393939393939, 0.9726027397260274, 1.0, 0.952112676056338]
[0.0692521323010107, 0.03897816267758568, 0.021205141275191602, 0.00830730185078082, 0.0017521415269237388]
FScore: 0.0
[27, 66, 73, 39, 355]
[0.8, 0.944, 0.9861111111111112, 1.0, 0.10526315789473684]
[0.0692521323010107, 0.03897816267758568, 0.021205141275191602, 0.00830730185078082, 0.0017521415269237388]
Matthews: -0.7071067811865476
[27, 66, 73, 39, 355]
[0.0, 0.0, 0.0, 0.0, 0.22997311450712662]
[0.0692521323010107, 0.03897816267758568, 0.021205141275191602, 0.00830730185078082, 0.0017521415269237388]
