MultiResolutionExperiment(5, 10, MultiResolutionTransform(20, 0.30))

Analysis for appendicitis (100)
Precision: -0.0
[2, 0, 79, 19, 0]
[0.0, 0.0, 1.0, 0.0, 0.0]
[0.25103836716073524, 0.0, 0.009100881839403892, 0.173460226585742, 0.0]
Recall: -0.0
[2, 0, 79, 19, 0]
[0.0, 0.0, 0.9620253164556962, 0.0, 0.0]
[0.25103836716073524, 0.0, 0.009100881839403892, 0.173460226585742, 0.0]
Accuracy: 0.22941573387056177
[2, 0, 79, 19, 0]
[0.0, 0.0, 0.9620253164556962, 0.5263157894736842, 0.0]
[0.25103836716073524, 0.0, 0.009100881839403892, 0.173460226585742, 0.0]
FScore: -0.0
[2, 0, 79, 19, 0]
[0.0, 0.0, 0.9806451612903226, 0.0, 0.0]
[0.25103836716073524, 0.0, 0.009100881839403892, 0.173460226585742, 0.0]
Matthews: -0.7254762501100116
[2, 0, 79, 19, 0]
[-1.0, 0.0, 0.0, 0.0, 0.0]
[0.25103836716073524, 0.0, 0.009100881839403892, 0.173460226585742, 0.0]

Analysis for banana (5300)
Precision: -0.9
[995, 713, 413, 2679, 500]
[0.9611111111111111, 0.9982758620689656, 0.0034129692832764505, 1.0, 0.6909090909090909]
[0.10710362685506622, 0.13631633221625938, 0.36208399859489837, 0.04130074768427365, 0.22332999142573826]
Recall: -1.0
[995, 713, 413, 2679, 500]
[0.9942528735632183, 0.8415697674418605, 0.027777777777777776, 0.9994614970382337, 0.44970414201183434]
[0.10710362685506622, 0.13631633221625938, 0.36208399859489837, 0.04130074768427365, 0.22332999142573826]
Accuracy: -1.0
[995, 713, 413, 2679, 500]
[0.9919597989949749, 0.8457223001402524, 0.20823244552058112, 0.9996267263904441, 0.746]
[0.10710362685506622, 0.13631633221625938, 0.36208399859489837, 0.04130074768427365, 0.22332999142573826]
FScore: -1.0
[995, 713, 413, 2679, 500]
[0.9774011299435029, 0.913249211356467, 0.0060790273556231, 0.9997306760032318, 0.5448028673835126]
[0.10710362685506622, 0.13631633221625938, 0.36208399859489837, 0.04130074768427365, 0.22332999142573826]
Matthews: -0.9
[995, 713, 413, 2679, 500]
[0.9727195843739469, 0.3784998701723955, -0.46395663973683887, 0.9991231578372328, 0.3962228706206892]
[0.10710362685506622, 0.13631633221625938, 0.36208399859489837, 0.04130074768427365, 0.22332999142573826]

Analysis for breast-cancer-original (650)
Precision: -0.7071067811865476
[415, 10, 12, 158, 55]
[1.0, 0.0, 1.0, 1.0, 1.0]
[0.0011681973019062157, 0.17412515328675432, 0.14745037467185632, 0.027790306641201527, 0.08170240319257348]
Recall: -0.6668859288553503
[415, 10, 12, 158, 55]
[0.9879518072289156, 0.0, 0.08333333333333333, 1.0, 1.0]
[0.0011681973019062157, 0.17412515328675432, 0.14745037467185632, 0.027790306641201527, 0.08170240319257348]
Accuracy: 0.11180339887498948
[415, 10, 12, 158, 55]
[0.9879518072289156, 1.0, 0.08333333333333333, 1.0, 1.0]
[0.0011681973019062157, 0.17412515328675432, 0.14745037467185632, 0.027790306641201527, 0.08170240319257348]
FScore: -0.6668859288553503
[415, 10, 12, 158, 55]
[0.993939393939394, 0.0, 0.15384615384615385, 1.0, 1.0]
[0.0011681973019062157, 0.17412515328675432, 0.14745037467185632, 0.027790306641201527, 0.08170240319257348]
Matthews: -0.288675134594813
[415, 10, 12, 158, 55]
[0.0, 0.0, 0.0, 1.0, 1.0]
[0.0011681973019062157, 0.17412515328675432, 0.14745037467185632, 0.027790306641201527, 0.08170240319257348]

Analysis for mammographic-masses (960)
Precision: -0.9
[104, 59, 108, 199, 490]
[0.3157894736842105, 0.10714285714285714, 0.4153846153846154, 0.868421052631579, 1.0]
[0.1884521105569701, 0.40242337692562086, 0.23823091286498826, 0.10529237184031753, 0.04104152716337795]
Recall: -1.0
[104, 59, 108, 199, 490]
[0.75, 0.08823529411764706, 0.47368421052631576, 0.8571428571428571, 0.9938080495356038]
[0.1884521105569701, 0.40242337692562086, 0.23823091286498826, 0.10529237184031753, 0.04104152716337795]
Accuracy: -1.0
[104, 59, 108, 199, 490]
[0.5673076923076923, 0.05084745762711865, 0.37037037037037035, 0.8944723618090452, 0.9959183673469387]
[0.1884521105569701, 0.40242337692562086, 0.23823091286498826, 0.10529237184031753, 0.04104152716337795]
FScore: -1.0
[104, 59, 108, 199, 490]
[0.44444444444444436, 0.0967741935483871, 0.4426229508196722, 0.8627450980392157, 0.9968944099378882]
[0.1884521105569701, 0.40242337692562086, 0.23823091286498826, 0.10529237184031753, 0.04104152716337795]
Matthews: -1.0
[104, 59, 108, 199, 490]
[0.2222253328138647, -0.9022613979618661, -0.27679840370189795, 0.7770805606044351, 0.9909828492609067]
[0.1884521105569701, 0.40242337692562086, 0.23823091286498826, 0.10529237184031753, 0.04104152716337795]

Analysis for phoneme (5400)
Precision: 0.8660254037844386
[661, 991, 2163, 763, 822]
[0.0, 0.0, 0.0, 1.0, 1.0]
[0.1364644121842374, 0.044415844525600975, 0.004845519898442228, 0.17393845135695457, 0.3106733282162007]
Recall: 0.7826237921249264
[661, 991, 2163, 763, 822]
[0.0, 0.0, 0.0, 0.8859764089121888, 0.5936739659367397]
[0.1364644121842374, 0.044415844525600975, 0.004845519898442228, 0.17393845135695457, 0.3106733282162007]
Accuracy: -0.7000000000000001
[661, 991, 2163, 763, 822]
[0.5537065052950075, 0.9192734611503531, 0.9930651872399445, 0.8859764089121888, 0.5936739659367397]
[0.1364644121842374, 0.044415844525600975, 0.004845519898442228, 0.17393845135695457, 0.3106733282162007]
FScore: 0.7826237921249264
[661, 991, 2163, 763, 822]
[0.0, 0.0, 0.0, 0.9395413481584434, 0.7450381679389313]
[0.1364644121842374, 0.044415844525600975, 0.004845519898442228, 0.17393845135695457, 0.3106733282162007]
Matthews: NaN
[661, 991, 2163, 763, 822]
[0.0, 0.0, 0.0, 0.0, 0.0]
[0.1364644121842374, 0.044415844525600975, 0.004845519898442228, 0.17393845135695457, 0.3106733282162007]

Analysis for pima (700)
Precision: -0.5773502691896258
[123, 123, 128, 247, 79]
[0.0, 1.0, 0.0, 1.0, 1.0]
[0.11323149656565923, 0.05358663311261928, 0.22782404067209022, 0.01948831236520137, 0.11508447269857905]
Recall: -0.8207826816681233
[123, 123, 128, 247, 79]
[0.0, 0.7815126050420168, 0.0, 0.9635627530364372, 0.47435897435897434]
[0.11323149656565923, 0.05358663311261928, 0.22782404067209022, 0.01948831236520137, 0.11508447269857905]
Accuracy: -1.0
[123, 123, 128, 247, 79]
[0.6910569105691057, 0.7886178861788617, 0.34375, 0.9635627530364372, 0.4810126582278481]
[0.11323149656565923, 0.05358663311261928, 0.22782404067209022, 0.01948831236520137, 0.11508447269857905]
FScore: -0.8207826816681233
[123, 123, 128, 247, 79]
[0.0, 0.8773584905660378, 0.0, 0.9814432989690721, 0.6434782608695652]
[0.11323149656565923, 0.05358663311261928, 0.22782404067209022, 0.01948831236520137, 0.11508447269857905]
Matthews: -0.30000000000000004
[123, 123, 128, 247, 79]
[-0.12464639250231757, 0.32280285109067564, -0.12051217615629037, 0.0, 0.10627446209819787]
[0.11323149656565923, 0.05358663311261928, 0.22782404067209022, 0.01948831236520137, 0.11508447269857905]

Analysis for ring (7400)
Precision: -0.09999999999999983
[1871, 978, 968, 300, 3283]
[1.0, 0.009009009009009009, 0.9830097087378641, 0.01, 0.9880810488676997]
[0.06798335529121638, 0.06688362542705643, 0.23923465361046667, 0.14070432128296237, 0.02087375028918472]
Recall: -0.6708203932499369
[1871, 978, 968, 300, 3283]
[0.9700694815606627, 1.0, 0.4214360041623309, 1.0, 1.0]
[0.06798335529121638, 0.06688362542705643, 0.23923465361046667, 0.14070432128296237, 0.02087375028918472]
Accuracy: -0.8
[1871, 978, 968, 300, 3283]
[0.9700694815606627, 0.8875255623721882, 0.41838842975206614, 0.34, 0.9969540054827901]
[0.06798335529121638, 0.06688362542705643, 0.23923465361046667, 0.14070432128296237, 0.02087375028918472]
FScore: -0.30000000000000004
[1871, 978, 968, 300, 3283]
[0.9848073792729246, 0.01785714285714286, 0.5899490167516387, 0.019801980198019802, 0.9940047961630696]
[0.06798335529121638, 0.06688362542705643, 0.23923465361046667, 0.14070432128296237, 0.02087375028918472]
Matthews: -0.9
[1871, 978, 968, 300, 3283]
[0.0, 0.08941302281969433, -0.09914620922187188, 0.057928444636349226, 0.9919952816045117]
[0.06798335529121638, 0.06688362542705643, 0.23923465361046667, 0.14070432128296237, 0.02087375028918472]

Analysis for spambase (4550)
Precision: -0.9
[292, 283, 2742, 318, 915]
[0.10759493670886076, 0.40789473684210525, 0.9995285242809995, 0.6442307692307693, 0.9159159159159159]
[0.3057846246502415, 0.15924885343200731, 0.017472240132079698, 0.16379833843722177, 0.06554163941489807]
Recall: -1.0
[292, 283, 2742, 318, 915]
[0.2125, 0.7045454545454546, 0.9883449883449883, 0.47183098591549294, 0.8739255014326648]
[0.3057846246502415, 0.15924885343200731, 0.017472240132079698, 0.16379833843722177, 0.06554163941489807]
Accuracy: -1.0
[292, 283, 2742, 318, 915]
[0.3013698630136986, 0.7950530035335689, 0.9905178701677607, 0.6477987421383647, 0.921311475409836]
[0.3057846246502415, 0.15924885343200731, 0.017472240132079698, 0.16379833843722177, 0.06554163941489807]
FScore: -0.9
[292, 283, 2742, 318, 915]
[0.14285714285714288, 0.5166666666666666, 0.9939052977027659, 0.5447154471544715, 0.8944281524926687]
[0.3057846246502415, 0.15924885343200731, 0.017472240132079698, 0.16379833843722177, 0.06554163941489807]
Matthews: -1.0
[292, 283, 2742, 318, 915]
[-0.40508027808093583, 0.42208759061058065, 0.9728739605975661, 0.27721763479116307, 0.8323472690165036]
[0.3057846246502415, 0.15924885343200731, 0.017472240132079698, 0.16379833843722177, 0.06554163941489807]

Analysis for twonorm (7400)
Precision: -0.8944271909999159
[159, 2522, 500, 2984, 1235]
[0.0975609756097561, 1.0, 0.9460431654676259, 1.0, 1.0]
[0.21947028499744187, 0.018666992550086595, 0.10611512720806592, 0.00559118782233075, 0.04668246895937265]
Recall: -0.8944271909999159
[159, 2522, 500, 2984, 1235]
[0.11267605633802817, 1.0, 0.9669117647058824, 1.0, 1.0]
[0.21947028499744187, 0.018666992550086595, 0.10611512720806592, 0.00559118782233075, 0.04668246895937265]
Accuracy: -0.8944271909999159
[159, 2522, 500, 2984, 1235]
[0.13836477987421383, 1.0, 0.952, 1.0, 1.0]
[0.21947028499744187, 0.018666992550086595, 0.10611512720806592, 0.00559118782233075, 0.04668246895937265]
FScore: -0.8944271909999159
[159, 2522, 500, 2984, 1235]
[0.10457516339869281, 1.0, 0.9563636363636363, 1.0, 1.0]
[0.21947028499744187, 0.018666992550086595, 0.10611512720806592, 0.00559118782233075, 0.04668246895937265]
Matthews: -0.8944271909999159
[159, 2522, 500, 2984, 1235]
[-0.7244169400016878, 1.0, 0.9033098028364537, 1.0, 1.0]
[0.21947028499744187, 0.018666992550086595, 0.10611512720806592, 0.00559118782233075, 0.04668246895937265]

Analysis for wdbc (560)
Precision: 0.7071067811865476
[49, 71, 46, 39, 355]
[1.0, 1.0, 1.0, 1.0, 0.05555555555555555]
[0.06433213779424637, 0.023350406684907853, 0.03977161754176193, 0.010229938850952209, 0.001937979376029214]
Recall: -0.9746794344808963
[49, 71, 46, 39, 355]
[0.7959183673469388, 0.9577464788732394, 0.8913043478260869, 1.0, 1.0]
[0.06433213779424637, 0.023350406684907853, 0.03977161754176193, 0.010229938850952209, 0.001937979376029214]
Accuracy: -0.7000000000000001
[49, 71, 46, 39, 355]
[0.7959183673469388, 0.9577464788732394, 0.8913043478260869, 1.0, 0.952112676056338]
[0.06433213779424637, 0.023350406684907853, 0.03977161754176193, 0.010229938850952209, 0.001937979376029214]
FScore: 0.0
[49, 71, 46, 39, 355]
[0.8863636363636364, 0.9784172661870503, 0.9425287356321839, 1.0, 0.10526315789473684]
[0.06433213779424637, 0.023350406684907853, 0.03977161754176193, 0.010229938850952209, 0.001937979376029214]
Matthews: -0.7071067811865476
[49, 71, 46, 39, 355]
[0.0, 0.0, 0.0, 0.0, 0.22997311450712662]
[0.06433213779424637, 0.023350406684907853, 0.03977161754176193, 0.010229938850952209, 0.001937979376029214]
