MultiResolutionExperiment(4, 10, MultiResolutionTransform(40, 0.15))

Analysis for appendicitis (100)
Precision: -0.8944271909999159
[1, 12, 10, 77]
[0.0, 1.0, 0.0, 1.0]
[0.3595113667320474, 0.075317199503333, 0.15525589809434748, 0.003323536884742268]
Recall: -0.9486832980505138
[1, 12, 10, 77]
[0.0, 0.25, 0.0, 0.9868421052631579]
[0.3595113667320474, 0.075317199503333, 0.15525589809434748, 0.003323536884742268]
Accuracy: -1.0
[1, 12, 10, 77]
[0.0, 0.75, 0.1, 0.987012987012987]
[0.3595113667320474, 0.075317199503333, 0.15525589809434748, 0.003323536884742268]
FScore: -0.9486832980505138
[1, 12, 10, 77]
[0.0, 0.4, 0.0, 0.9933774834437086]
[0.3595113667320474, 0.075317199503333, 0.15525589809434748, 0.003323536884742268]
Matthews: -0.9486832980505138
[1, 12, 10, 77]
[0.0, 0.42640143271122083, 0.0, 0.7024393586862705]
[0.3595113667320474, 0.075317199503333, 0.15525589809434748, 0.003323536884742268]

Analysis for banana (5300)
Precision: -1.0
[2614, 487, 870, 1329]
[1.0, 0.009615384615384616, 0.9579207920792079, 0.9831223628691983]
[0.016314443600792122, 0.32453543836295573, 0.1610920936635459, 0.062494930206788375]
Recall: -1.0
[2614, 487, 870, 1329]
[0.9978177850518276, 0.045454545454545456, 0.6960431654676259, 0.9936034115138592]
[0.016314443600792122, 0.32453543836295573, 0.1610920936635459, 0.062494930206788375]
Accuracy: -1.0
[2614, 487, 870, 1329]
[0.9984697781178271, 0.23613963039014374, 0.7862068965517242, 0.9917231000752446]
[0.016314443600792122, 0.32453543836295573, 0.1610920936635459, 0.062494930206788375]
FScore: -1.0
[2614, 487, 870, 1329]
[0.9989077007099946, 0.015873015873015876, 0.8062499999999999, 0.9883351007423118]
[0.016314443600792122, 0.32453543836295573, 0.1610920936635459, 0.062494930206788375]
Matthews: -1.0
[2614, 487, 870, 1329]
[0.9963600570161213, -0.49116604373755784, 0.6181416543125888, 0.9819545413896847]
[0.016314443600792122, 0.32453543836295573, 0.1610920936635459, 0.062494930206788375]

Analysis for breast-cancer-original (650)
Precision: -0.7745966692414834
[421, 15, 60, 154]
[1.0, 0.0, 1.0, 1.0]
[0.0010143285600826726, 0.15513180941158308, 0.07017995669481322, 0.01745346060860392]
Recall: -1.0
[421, 15, 60, 154]
[0.9927360774818402, 0.0, 0.2857142857142857, 0.3333333333333333]
[0.0010143285600826726, 0.15513180941158308, 0.07017995669481322, 0.01745346060860392]
Accuracy: -1.0
[421, 15, 60, 154]
[0.9928741092636579, 0.6, 0.9166666666666666, 0.987012987012987]
[0.0010143285600826726, 0.15513180941158308, 0.07017995669481322, 0.01745346060860392]
FScore: -1.0
[421, 15, 60, 154]
[0.9963547995139732, 0.0, 0.4444444444444445, 0.5]
[0.0010143285600826726, 0.15513180941158308, 0.07017995669481322, 0.01745346060860392]
Matthews: -1.0
[421, 15, 60, 154]
[0.8496998732095041, 0.0, 0.5109635445336238, 0.5735643249526489]
[0.0010143285600826726, 0.15513180941158308, 0.07017995669481322, 0.01745346060860392]

Analysis for mammographic-masses (960)
Precision: -1.0
[165, 74, 173, 548]
[0.46534653465346537, 0.10810810810810811, 0.6962025316455697, 0.996969696969697]
[0.1952076453952277, 0.35762978295030656, 0.09708843009043613, 0.03555000841347661]
Recall: -1.0
[165, 74, 173, 548]
[0.6266666666666667, 0.0975609756097561, 0.8088235294117647, 0.9939577039274925]
[0.1952076453952277, 0.35762978295030656, 0.09708843009043613, 0.03555000841347661]
Accuracy: -1.0
[165, 74, 173, 548]
[0.503030303030303, 0.05405405405405406, 0.7861271676300579, 0.9945255474452555]
[0.1952076453952277, 0.35762978295030656, 0.09708843009043613, 0.03555000841347661]
FScore: -1.0
[165, 74, 173, 548]
[0.5340909090909092, 0.10256410256410257, 0.7482993197278912, 0.9954614220877459]
[0.1952076453952277, 0.35762978295030656, 0.09708843009043613, 0.03555000841347661]
Matthews: -1.0
[165, 74, 173, 548]
[0.02725021573172848, -0.8971499589146108, 0.5689686728023098, 0.9885720916564296]
[0.1952076453952277, 0.35762978295030656, 0.09708843009043613, 0.03555000841347661]

Analysis for phoneme (5400)
Precision: 1.0
[1004, 767, 2955, 674]
[0.3487394957983193, 0.9705882352941176, 0.0, 0.9973118279569892]
[0.10069138425864022, 0.16029911872372668, 0.00996481339425741, 0.2844685803903014]
Recall: 0.2000000000000001
[1004, 767, 2955, 674]
[0.9540229885057471, 0.8495934959349594, 0.0, 0.5512630014858841]
[0.10069138425864022, 0.16029911872372668, 0.00996481339425741, 0.2844685803903014]
Accuracy: -0.8
[1004, 767, 2955, 674]
[0.6832669322709163, 0.8305084745762712, 0.9796954314720813, 0.5504451038575667]
[0.10069138425864022, 0.16029911872372668, 0.00996481339425741, 0.2844685803903014]
FScore: 0.8
[1004, 767, 2955, 674]
[0.5107692307692308, 0.9060693641618496, 0.0, 0.7100478468899522]
[0.10069138425864022, 0.16029911872372668, 0.00996481339425741, 0.2844685803903014]
Matthews: -0.39999999999999997
[1004, 767, 2955, 674]
[0.4400653372180415, 0.10173293914182006, 0.0, -0.034731574310275716]
[0.10069138425864022, 0.16029911872372668, 0.00996481339425741, 0.2844685803903014]

Analysis for pima (700)
Precision: -0.6324555320336759
[135, 147, 107, 311]
[1.0, 0.010526315789473684, 0.043478260869565216, 1.0]
[0.07741950499650399, 0.17457144900434676, 0.0716126528646352, 0.017402687709599563]
Recall: -0.39999999999999997
[135, 147, 107, 311]
[0.5968992248062015, 0.3333333333333333, 0.1, 0.9383116883116883]
[0.07741950499650399, 0.17457144900434676, 0.0716126528646352, 0.017402687709599563]
Accuracy: -1.0
[135, 147, 107, 311]
[0.6148148148148148, 0.3469387755102041, 0.7102803738317757, 0.9389067524115756]
[0.07741950499650399, 0.17457144900434676, 0.0716126528646352, 0.017402687709599563]
FScore: -0.8
[135, 147, 107, 311]
[0.7475728155339806, 0.020408163265306124, 0.06060606060606061, 0.9681742043551089]
[0.07741950499650399, 0.17457144900434676, 0.0716126528646352, 0.017402687709599563]
Matthews: -0.8
[135, 147, 107, 311]
[0.24849184225967472, -0.0944656111339443, -0.08984950384877502, 0.35770322036666763]
[0.07741950499650399, 0.17457144900434676, 0.0716126528646352, 0.017402687709599563]

Analysis for ring (7400)
Precision: -0.6000000000000001
[696, 855, 1450, 4399]
[0.019305019305019305, 0.9195046439628483, 0.9985412107950401, 0.9698033707865169]
[0.09423235393245226, 0.20857222543156143, 0.06166732112428164, 0.018789926241208885]
Recall: -0.39999999999999997
[696, 855, 1450, 4399]
[1.0, 0.358695652173913, 0.9454419889502762, 0.9985538684020245]
[0.09423235393245226, 0.20857222543156143, 0.06166732112428164, 0.018789926241208885]
Accuracy: -1.0
[696, 855, 1450, 4399]
[0.6350574712643678, 0.3485380116959064, 0.9441379310344827, 0.9897704023641737]
[0.09423235393245226, 0.20857222543156143, 0.06166732112428164, 0.018789926241208885]
FScore: -0.8
[696, 855, 1450, 4399]
[0.03787878787878788, 0.5160729800173761, 0.9712664065271372, 0.9839686498040612]
[0.09423235393245226, 0.20857222543156143, 0.06166732112428164, 0.018789926241208885]
Matthews: -0.8
[696, 855, 1450, 4399]
[0.1104935214705636, -0.21795612290968777, -0.008921246413109495, 0.9766844031259382]
[0.09423235393245226, 0.20857222543156143, 0.06166732112428164, 0.018789926241208885]

Analysis for spambase (4550)
Precision: -1.0
[288, 908, 519, 2835]
[0.1111111111111111, 0.9293478260869565, 0.5085714285714286, 0.9980916030534351]
[0.26008846045362616, 0.05616123122693219, 0.12981218758574853, 0.010846510249803635]
Recall: -1.0
[288, 908, 519, 2835]
[0.18681318681318682, 0.8361858190709046, 0.5973154362416108, 0.9909995262908574]
[0.26008846045362616, 0.05616123122693219, 0.12981218758574853, 0.010846510249803635]
Accuracy: -1.0
[288, 908, 519, 2835]
[0.2708333333333333, 0.8975770925110133, 0.7186897880539499, 0.9918871252204585]
[0.26008846045362616, 0.05616123122693219, 0.12981218758574853, 0.010846510249803635]
FScore: -1.0
[288, 908, 519, 2835]
[0.13934426229508196, 0.8803088803088802, 0.5493827160493827, 0.9945329213216069]
[0.26008846045362616, 0.05616123122693219, 0.12981218758574853, 0.010846510249803635]
Matthews: -1.0
[288, 908, 519, 2835]
[-0.4691125304865131, 0.7946070352669348, 0.3491800196508185, 0.9789060325471797]
[0.26008846045362616, 0.05616123122693219, 0.12981218758574853, 0.010846510249803635]

Analysis for twonorm (7400)
Precision: -0.9486832980505138
[183, 4628, 632, 1957]
[0.1276595744680851, 1.0, 0.9798850574712644, 1.0]
[0.1820203140018604, 0.0034270904193955784, 0.07290508041010264, 0.021438256897526195]
Recall: -0.9486832980505138
[183, 4628, 632, 1957]
[0.15584415584415584, 1.0, 0.9798850574712644, 1.0]
[0.1820203140018604, 0.0034270904193955784, 0.07290508041010264, 0.021438256897526195]
Accuracy: -0.9486832980505138
[183, 4628, 632, 1957]
[0.19672131147540983, 1.0, 0.9778481012658228, 1.0]
[0.1820203140018604, 0.0034270904193955784, 0.07290508041010264, 0.021438256897526195]
FScore: -0.9486832980505138
[183, 4628, 632, 1957]
[0.14035087719298242, 1.0, 0.9798850574712644, 1.0]
[0.1820203140018604, 0.0034270904193955784, 0.07290508041010264, 0.021438256897526195]
Matthews: -0.9486832980505138
[183, 4628, 632, 1957]
[-0.610162644982259, 1.0, 0.9552371701473207, 1.0]
[0.1820203140018604, 0.0034270904193955784, 0.07290508041010264, 0.021438256897526195]

Analysis for wdbc (560)
Precision: 0.7745966692414834
[49, 77, 76, 358]
[1.0, 1.0, 1.0, 0.19047619047619047]
[0.03975569094636896, 0.0194143964270476, 0.007421476556351001, 9.501491174011463E-4]
Recall: -1.0
[49, 77, 76, 358]
[0.7959183673469388, 0.9090909090909091, 0.9868421052631579, 1.0]
[0.03975569094636896, 0.0194143964270476, 0.007421476556351001, 9.501491174011463E-4]
Accuracy: -0.8
[49, 77, 76, 358]
[0.7959183673469388, 0.9090909090909091, 0.9868421052631579, 0.952513966480447]
[0.03975569094636896, 0.0194143964270476, 0.007421476556351001, 9.501491174011463E-4]
FScore: 0.2000000000000001
[49, 77, 76, 358]
[0.8863636363636364, 0.9523809523809523, 0.9933774834437086, 0.32]
[0.03975569094636896, 0.0194143964270476, 0.007421476556351001, 9.501491174011463E-4]
Matthews: -0.7745966692414834
[49, 77, 76, 358]
[0.0, 0.0, 0.0, 0.4258274636359847]
[0.03975569094636896, 0.0194143964270476, 0.007421476556351001, 9.501491174011463E-4]
