MultiResolutionExperiment(3, 10, MultiResolutionTransform(20, 0.10))

Analysis for appendicitis (100)
Precision: -1.0
[12, 10, 78]
[0.5, 0.0, 1.0]
[0.04784334025587605, 0.16115087444858925, 0.0028444204208009564]
Recall: -1.0
[12, 10, 78]
[0.25, 0.0, 0.9868421052631579]
[0.04784334025587605, 0.16115087444858925, 0.0028444204208009564]
Accuracy: -1.0
[12, 10, 78]
[0.6666666666666666, 0.1, 0.9871794871794872]
[0.04784334025587605, 0.16115087444858925, 0.0028444204208009564]
FScore: -1.0
[12, 10, 78]
[0.3333333333333333, 0.0, 0.9933774834437086]
[0.04784334025587605, 0.16115087444858925, 0.0028444204208009564]
Matthews: -1.0
[12, 10, 78]
[0.15811388300841897, 0.0, 0.8111071056538127]
[0.04784334025587605, 0.16115087444858925, 0.0028444204208009564]

Analysis for banana (5300)
Precision: -1.0
[1532, 3167, 601]
[0.9804216867469879, 0.999009900990099, 0.04776119402985075]
[0.10808681718465744, 0.015262147758029776, 0.31422106801891575]
Recall: -1.0
[1532, 3167, 601]
[0.84765625, 0.9995047052996533, 0.11678832116788321]
[0.10808681718465744, 0.015262147758029776, 0.31422106801891575]
Accuracy: -1.0
[1532, 3167, 601]
[0.9151436031331592, 0.999052731291443, 0.26788685524126454]
[0.10808681718465744, 0.015262147758029776, 0.31422106801891575]
FScore: -1.0
[1532, 3167, 601]
[0.909217877094972, 0.9992572418915573, 0.06779661016949153]
[0.10808681718465744, 0.015262147758029776, 0.31422106801891575]
Matthews: -1.0
[1532, 3167, 601]
[0.8381012956406122, 0.9979502855519717, -0.48202860564700395]
[0.10808681718465744, 0.015262147758029776, 0.31422106801891575]

Analysis for breast-cancer-original (650)
Precision: NaN
[442, 49, 159]
[1.0, 1.0, 1.0]
[9.159820838649392E-4, 0.10798557254145826, 0.022810916589484743]
Recall: -1.0
[442, 49, 159]
[0.9951219512195122, 0.09090909090909091, 0.5]
[9.159820838649392E-4, 0.10798557254145826, 0.022810916589484743]
Accuracy: -1.0
[442, 49, 159]
[0.995475113122172, 0.7959183673469388, 0.9748427672955975]
[9.159820838649392E-4, 0.10798557254145826, 0.022810916589484743]
FScore: -1.0
[442, 49, 159]
[0.9975550122249389, 0.16666666666666669, 0.6666666666666666]
[9.159820838649392E-4, 0.10798557254145826, 0.022810916589484743]
Matthews: -1.0
[442, 49, 159]
[0.9677734062546142, 0.2682716849943299, 0.697923186456467]
[9.159820838649392E-4, 0.10798557254145826, 0.022810916589484743]

Analysis for mammographic-masses (960)
Precision: -1.0
[137, 536, 287]
[0.2261904761904762, 0.9969788519637462, 0.6515151515151515]
[0.3071169327908125, 0.032907051481127006, 0.1237349707252746]
Recall: -1.0
[137, 536, 287]
[0.27941176470588236, 0.9939759036144579, 0.7478260869565218]
[0.3071169327908125, 0.032907051481127006, 0.1237349707252746]
Accuracy: -1.0
[137, 536, 287]
[0.1678832116788321, 0.9944029850746269, 0.7386759581881533]
[0.3071169327908125, 0.032907051481127006, 0.1237349707252746]
FScore: -1.0
[137, 536, 287]
[0.25, 0.995475113122172, 0.6963562753036437]
[0.3071169327908125, 0.032907051481127006, 0.1237349707252746]
Matthews: -1.0
[137, 536, 287]
[-0.6802430956969431, 0.988147915116347, 0.4723338469324764]
[0.3071169327908125, 0.032907051481127006, 0.1237349707252746]

Analysis for phoneme (5400)
Precision: 1.0
[1285, 3084, 1031]
[0.633495145631068, 0.025, 0.9846153846153847]
[0.10817815847631353, 0.011664057591983896, 0.2521127728143561]
Recall: -1.0
[1285, 3084, 1031]
[0.9206349206349206, 1.0, 0.6299212598425197]
[0.10817815847631353, 0.011664057591983896, 0.2521127728143561]
Accuracy: -1.0
[1285, 3084, 1031]
[0.7299610894941634, 0.9747081712062257, 0.6256062075654704]
[0.10817815847631353, 0.011664057591983896, 0.2521127728143561]
FScore: 1.0
[1285, 3084, 1031]
[0.7505391804457225, 0.04878048780487806, 0.7683073229291716]
[0.10817815847631353, 0.011664057591983896, 0.2521127728143561]
Matthews: -0.5
[1285, 3084, 1031]
[0.5176412640551872, 0.15610026894582155, -0.00911541356561112]
[0.10817815847631353, 0.011664057591983896, 0.2521127728143561]

Analysis for pima (700)
Precision: -1.0
[198, 149, 353]
[0.6612903225806451, 0.010416666666666666, 1.0]
[0.07443543452095895, 0.16989533826909722, 0.020781692641204823]
Recall: -1.0
[198, 149, 353]
[0.4270833333333333, 0.25, 0.9314285714285714]
[0.07443543452095895, 0.16989533826909722, 0.020781692641204823]
Accuracy: -1.0
[198, 149, 353]
[0.6161616161616161, 0.3422818791946309, 0.9320113314447592]
[0.07443543452095895, 0.16989533826909722, 0.020781692641204823]
FScore: -1.0
[198, 149, 353]
[0.5189873417721519, 0.019999999999999997, 0.9644970414201183]
[0.07443543452095895, 0.16989533826909722, 0.020781692641204823]
Matthews: -1.0
[198, 149, 353]
[0.23837321335171227, -0.13679817833649335, 0.32170182388675306]
[0.07443543452095895, 0.16989533826909722, 0.020781692641204823]

Analysis for ring (7400)
Precision: -0.5
[824, 4943, 1633]
[0.8622950819672132, 0.9480212640283521, 0.8585931834662799]
[0.210676827786463, 0.02187733650426509, 0.07602674659071645]
Recall: -1.0
[824, 4943, 1633]
[0.337612323491656, 0.9981343283582089, 0.9271730618637432]
[0.210676827786463, 0.02187733650426509, 0.07602674659071645]
Accuracy: -1.0
[824, 4943, 1633]
[0.32281553398058255, 0.9815901274529638, 0.8236374770361298]
[0.210676827786463, 0.02187733650426509, 0.07602674659071645]
FScore: -1.0
[824, 4943, 1633]
[0.48523985239852396, 0.9724325961829748, 0.8915662650602408]
[0.210676827786463, 0.02187733650426509, 0.07602674659071645]
Matthews: -1.0
[824, 4943, 1633]
[-0.28033950628716175, 0.95934369033437, 0.4322569306979753]
[0.210676827786463, 0.02187733650426509, 0.07602674659071645]

Analysis for spambase (4550)
Precision: -1.0
[450, 781, 3319]
[0.1872146118721461, 0.7566539923954373, 0.9956709956709957]
[0.22143583149314186, 0.0891896153678211, 0.013683958350040578]
Recall: -1.0
[450, 781, 3319]
[0.2887323943661972, 0.7158273381294964, 0.9829059829059829]
[0.22143583149314186, 0.0891896153678211, 0.013683958350040578]
Accuracy: -1.0
[450, 781, 3319]
[0.38, 0.8169014084507042, 0.9849352214522447]
[0.22143583149314186, 0.0891896153678211, 0.013683958350040578]
FScore: -1.0
[450, 781, 3319]
[0.2271468144044321, 0.7356746765249538, 0.989247311827957]
[0.22143583149314186, 0.0891896153678211, 0.013683958350040578]
Matthews: -1.0
[450, 781, 3319]
[-0.2688897696628747, 0.5963168408830467, 0.9643236381418737]
[0.22143583149314186, 0.0891896153678211, 0.013683958350040578]

Analysis for twonorm (7400)
Precision: -0.8660254037844386
[1438, 5624, 338]
[1.0, 1.0, 0.4885057471264368]
[0.03743186839614743, 0.004121992041571532, 0.1476519460374211]
Recall: -0.8660254037844386
[1438, 5624, 338]
[1.0, 1.0, 0.5414012738853503]
[0.03743186839614743, 0.004121992041571532, 0.1476519460374211]
Accuracy: -0.8660254037844386
[1438, 5624, 338]
[1.0, 1.0, 0.5236686390532544]
[0.03743186839614743, 0.004121992041571532, 0.1476519460374211]
FScore: -0.8660254037844386
[1438, 5624, 338]
[1.0, 1.0, 0.5135951661631419]
[0.03743186839614743, 0.004121992041571532, 0.1476519460374211]
Matthews: -0.8660254037844386
[1438, 5624, 338]
[1.0, 1.0, 0.049584853554429646]
[0.03743186839614743, 0.004121992041571532, 0.1476519460374211]

Analysis for wdbc (560)
Precision: 1.0
[101, 102, 357]
[1.0, 0.9900990099009901, 0.2]
[0.029585359128410732, 0.00942756253113207, 8.777929306135123E-4]
Recall: -1.0
[101, 102, 357]
[0.8316831683168316, 0.9900990099009901, 1.0]
[0.029585359128410732, 0.00942756253113207, 8.777929306135123E-4]
Accuracy: -0.5
[101, 102, 357]
[0.8316831683168316, 0.9803921568627451, 0.9551820728291317]
[0.029585359128410732, 0.00942756253113207, 8.777929306135123E-4]
FScore: 0.5
[101, 102, 357]
[0.9081081081081082, 0.9900990099009901, 0.33333333333333337]
[0.029585359128410732, 0.00942756253113207, 8.777929306135123E-4]
Matthews: -0.5
[101, 102, 357]
[0.0, -0.009900990099009901, 0.4369609183813062]
[0.029585359128410732, 0.00942756253113207, 8.777929306135123E-4]
