MultiResolutionExperiment(5, 10, MultiResolutionTransform(50, 0.25)

Analysis for appendicitis (100)
Precision: -0.7071067811865476
[4, 1, 78, 9, 8]
[0.0, 0.0, 1.0, 0.0, 0.0]
[0.28654264163916243, 0.3600224477710303, 0.006582741808489958, 0.10460253692591749, 0.058252585542547]
Recall: -0.7071067811865476
[4, 1, 78, 9, 8]
[0.0, 0.0, 0.987012987012987, 0.0, 0.0]
[0.28654264163916243, 0.3600224477710303, 0.006582741808489958, 0.10460253692591749, 0.058252585542547]
Accuracy: -0.9746794344808963
[4, 1, 78, 9, 8]
[0.0, 0.0, 0.9871794871794872, 0.4444444444444444, 0.625]
[0.28654264163916243, 0.3600224477710303, 0.006582741808489958, 0.10460253692591749, 0.058252585542547]
FScore: -0.7071067811865476
[4, 1, 78, 9, 8]
[0.0, 0.0, 0.9934640522875817, 0.0, 0.0]
[0.28654264163916243, 0.3600224477710303, 0.006582741808489958, 0.10460253692591749, 0.058252585542547]
Matthews: -0.7071067811865476
[4, 1, 78, 9, 8]
[0.0, 0.0, 0.7025001733142089, 0.0, 0.0]
[0.28654264163916243, 0.3600224477710303, 0.006582741808489958, 0.10460253692591749, 0.058252585542547]

Analysis for banana (5300)
Precision: -0.9
[584, 1311, 468, 2444, 493]
[0.9975961538461539, 0.9928952042628775, 0.00641025641025641, 0.997626112759644, 0.6511627906976745]
[0.15557203169124298, 0.07509595074424816, 0.32991244547619214, 0.027200838490394143, 0.17573467190745187]
Recall: -1.0
[584, 1311, 468, 2444, 493]
[0.7293497363796133, 0.9928952042628775, 0.034482758620689655, 0.9994054696789536, 0.5384615384615384]
[0.15557203169124298, 0.07509595074424816, 0.32991244547619214, 0.027200838490394143, 0.17573467190745187]
Accuracy: -0.9
[584, 1311, 468, 2444, 493]
[0.7345890410958904, 0.9938977879481312, 0.21794871794871795, 0.9979541734860884, 0.920892494929006]
[0.15557203169124298, 0.07509595074424816, 0.32991244547619214, 0.027200838490394143, 0.17573467190745187]
FScore: -1.0
[584, 1311, 468, 2444, 493]
[0.8426395939086295, 0.9928952042628775, 0.010810810810810811, 0.9985149985149986, 0.5894736842105263]
[0.15557203169124298, 0.07509595074424816, 0.32991244547619214, 0.027200838490394143, 0.17573467190745187]
Matthews: -0.9
[584, 1311, 468, 2444, 493]
[0.23158281670796976, 0.9875476106799898, -0.5043961490626535, 0.995231775862862, 0.5491573855148708]
[0.15557203169124298, 0.07509595074424816, 0.32991244547619214, 0.027200838490394143, 0.17573467190745187]

Analysis for breast-cancer-original (650)
Precision: -0.5773502691896258
[11, 553, 14, 47, 25]
[1.0, 1.0, 0.0, 1.0, 0.0]
[0.08057262326529001, 6.596827552258216E-4, 0.16425416822570543, 0.01488424676738204, 0.053125386796747796]
Recall: -0.8207826816681233
[11, 553, 14, 47, 25]
[0.3333333333333333, 0.9927007299270073, 0.0, 0.6666666666666666, 0.0]
[0.08057262326529001, 6.596827552258216E-4, 0.16425416822570543, 0.01488424676738204, 0.053125386796747796]
Accuracy: -0.9
[11, 553, 14, 47, 25]
[0.8181818181818182, 0.9945750452079566, 0.7142857142857143, 0.9574468085106383, 0.8]
[0.08057262326529001, 6.596827552258216E-4, 0.16425416822570543, 0.01488424676738204, 0.053125386796747796]
FScore: -0.8207826816681233
[11, 553, 14, 47, 25]
[0.5, 0.9963369963369962, 0.0, 0.8, 0.0]
[0.08057262326529001, 6.596827552258216E-4, 0.16425416822570543, 0.01488424676738204, 0.053125386796747796]
Matthews: -0.8207826816681233
[11, 553, 14, 47, 25]
[0.5163977794943222, 0.9859828062067888, 0.0, 0.7972822052000672, 0.0]
[0.08057262326529001, 6.596827552258216E-4, 0.16425416822570543, 0.01488424676738204, 0.053125386796747796]

Analysis for mammographic-masses (960)
Precision: -0.9
[97, 95, 100, 408, 260]
[0.27586206896551724, 0.32, 0.5689655172413793, 0.9938271604938271, 0.8421052631578947]
[0.1829815373976285, 0.3444327481267795, 0.16564369091941963, 0.031866878530436835, 0.0774221709333201]
Recall: -0.9
[97, 95, 100, 408, 260]
[0.8, 0.26229508196721313, 0.6, 0.9938271604938271, 0.8727272727272727]
[0.1829815373976285, 0.3444327481267795, 0.16564369091941963, 0.031866878530436835, 0.0774221709333201]
Accuracy: -1.0
[97, 95, 100, 408, 260]
[0.5257731958762887, 0.16842105263157894, 0.53, 0.9901960784313726, 0.9384615384615385]
[0.1829815373976285, 0.3444327481267795, 0.16564369091941963, 0.031866878530436835, 0.0774221709333201]
FScore: -1.0
[97, 95, 100, 408, 260]
[0.4102564102564103, 0.2882882882882883, 0.584070796460177, 0.9938271604938271, 0.8571428571428571]
[0.1829815373976285, 0.3444327481267795, 0.16564369091941963, 0.031866878530436835, 0.0774221709333201]
Matthews: -0.9
[97, 95, 100, 408, 260]
[0.21002906853445552, -0.7082650240286437, 0.04479880624989688, 0.9700176366843033, 0.8181549902174737]
[0.1829815373976285, 0.3444327481267795, 0.16564369091941963, 0.031866878530436835, 0.0774221709333201]

Analysis for phoneme (5400)
Precision: 0.9
[679, 657, 2747, 583, 734]
[0.9876325088339223, 0.5674418604651162, 0.0, 0.1716171617161716, 1.0]
[0.1761271954312377, 0.05833002764835188, 0.010183533714135684, 0.1293627471388601, 0.2953237384892416]
Recall: 0.0
[679, 657, 2747, 583, 734]
[0.8431372549019608, 0.9606299212598425, 0.0, 0.8524590163934426, 0.5871934604904632]
[0.1761271954312377, 0.05833002764835188, 0.010183533714135684, 0.1293627471388601, 0.2953237384892416]
Accuracy: -0.7000000000000001
[679, 657, 2747, 583, 734]
[0.8365243004418262, 0.8508371385083714, 0.985802693847834, 0.5540308747855918, 0.5871934604904632]
[0.1761271954312377, 0.05833002764835188, 0.010183533714135684, 0.1293627471388601, 0.2953237384892416]
FScore: 0.8
[679, 657, 2747, 583, 734]
[0.9096826688364524, 0.7134502923976608, 0.0, 0.2857142857142857, 0.7399141630901287]
[0.1761271954312377, 0.05833002764835188, 0.010183533714135684, 0.1293627471388601, 0.2953237384892416]
Matthews: -0.2051956704170307
[679, 657, 2747, 583, 734]
[0.1651989007733102, 0.6607947960974526, 0.0, 0.22766400186595145, 0.0]
[0.1761271954312377, 0.05833002764835188, 0.010183533714135684, 0.1293627471388601, 0.2953237384892416]

Analysis for pima (700)
Precision: -0.7000000000000001
[75, 83, 112, 352, 78]
[0.027777777777777776, 0.09523809523809523, 1.0, 0.9835526315789473, 0.0]
[0.15283267478099088, 0.06543923150455139, 0.08677713087463049, 0.02281419812437384, 0.24718493291164714]
Recall: -0.7000000000000001
[75, 83, 112, 352, 78]
[0.3333333333333333, 0.14285714285714285, 0.5945945945945946, 0.9285714285714286, 0.0]
[0.15283267478099088, 0.06543923150455139, 0.08677713087463049, 0.02281419812437384, 0.24718493291164714]
Accuracy: -1.0
[75, 83, 112, 352, 78]
[0.5066666666666667, 0.6265060240963856, 0.5982142857142857, 0.9204545454545454, 0.2692307692307692]
[0.15283267478099088, 0.06543923150455139, 0.08677713087463049, 0.02281419812437384, 0.24718493291164714]
FScore: -0.9
[75, 83, 112, 352, 78]
[0.05128205128205128, 0.11428571428571427, 0.7457627118644068, 0.9552715654952076, 0.0]
[0.15283267478099088, 0.06543923150455139, 0.08677713087463049, 0.02281419812437384, 0.24718493291164714]
Matthews: -0.30000000000000004
[75, 83, 112, 352, 78]
[-0.05992437462555623, -0.1141342302892401, 0.11369243355522204, 0.6199145654883379, 0.0]
[0.15283267478099088, 0.06543923150455139, 0.08677713087463049, 0.02281419812437384, 0.24718493291164714]

Analysis for ring (7400)
Precision: -0.5
[863, 2045, 664, 508, 3320]
[0.9879518072289156, 0.9232736572890026, 0.9351351351351351, 0.024793388429752067, 0.9943701618578465]
[0.10569485026466212, 0.041902502471228384, 0.2662005322033394, 0.11205329634748477, 0.015655772063124455]
Recall: -0.39999999999999997
[863, 2045, 664, 508, 3320]
[0.8641686182669789, 0.9863387978142076, 0.26533742331288346, 1.0, 0.9950704225352113]
[0.10569485026466212, 0.041902502471228384, 0.2662005322033394, 0.11205329634748477, 0.015655772063124455]
Accuracy: -1.0
[863, 2045, 664, 508, 3320]
[0.8551564310544612, 0.9657701711491442, 0.2605421686746988, 0.5354330708661418, 0.9954819277108434]
[0.10569485026466212, 0.041902502471228384, 0.2662005322033394, 0.11205329634748477, 0.015655772063124455]
FScore: -0.9
[863, 2045, 664, 508, 3320]
[0.9219237976264834, 0.9537648612945838, 0.41338112305854247, 0.048387096774193554, 0.9947201689545935]
[0.10569485026466212, 0.041902502471228384, 0.2662005322033394, 0.11205329634748477, 0.015655772063124455]
Matthews: -0.9
[863, 2045, 664, 508, 3320]
[-0.04045395742671144, 0.9279128335042532, -0.21829747767228835, 0.11461907570107961, 0.9907719498328863]
[0.10569485026466212, 0.041902502471228384, 0.2662005322033394, 0.11205329634748477, 0.015655772063124455]

Analysis for spambase (4550)
Precision: -0.9
[341, 661, 1500, 457, 1591]
[0.08670520231213873, 0.868421052631579, 0.9966527196652719, 0.3026315789473684, 0.99375]
[0.30608405429633706, 0.1025646838680659, 0.04317260385774254, 0.17508873072864437, 0.005946705890597149]
Recall: -1.0
[341, 661, 1500, 457, 1591]
[0.19736842105263158, 0.6851211072664359, 0.9706601466992665, 0.4791666666666667, 0.99375]
[0.30608405429633706, 0.1025646838680659, 0.04317260385774254, 0.17508873072864437, 0.005946705890597149]
Accuracy: -0.9
[341, 661, 1500, 457, 1591]
[0.35777126099706746, 0.8169440242057489, 0.9733333333333334, 0.8293216630196937, 0.9912005028284098]
[0.30608405429633706, 0.1025646838680659, 0.04317260385774254, 0.17508873072864437, 0.005946705890597149]
FScore: -1.0
[341, 661, 1500, 457, 1591]
[0.12048192771084337, 0.7659574468085106, 0.9834847233691163, 0.3709677419354839, 0.99375]
[0.30608405429633706, 0.1025646838680659, 0.04317260385774254, 0.17508873072864437, 0.005946705890597149]
Matthews: -1.0
[341, 661, 1500, 457, 1591]
[-0.3320246605985208, 0.6307947109444507, 0.9164975726735531, 0.287847486961614, 0.9788880042462845]
[0.30608405429633706, 0.1025646838680659, 0.04317260385774254, 0.17508873072864437, 0.005946705890597149]

Analysis for twonorm (7400)
Precision: -0.9746794344808963
[177, 2442, 1310, 2973, 498]
[0.17777777777777778, 1.0, 0.9984615384615385, 1.0, 0.9492753623188406]
[0.20103796245069913, 0.01412185460768706, 0.039315292240628436, 0.0033596434816466373, 0.09459217791302786]
Recall: -0.8944271909999159
[177, 2442, 1310, 2973, 498]
[0.21333333333333335, 1.0, 1.0, 1.0, 0.9527272727272728]
[0.20103796245069913, 0.01412185460768706, 0.039315292240628436, 0.0033596434816466373, 0.09459217791302786]
Accuracy: -0.9746794344808963
[177, 2442, 1310, 2973, 498]
[0.24858757062146894, 1.0, 0.999236641221374, 1.0, 0.9457831325301205]
[0.20103796245069913, 0.01412185460768706, 0.039315292240628436, 0.0033596434816466373, 0.09459217791302786]
FScore: -0.9746794344808963
[177, 2442, 1310, 2973, 498]
[0.19393939393939397, 1.0, 0.9992301770592764, 1.0, 0.9509981851179673]
[0.20103796245069913, 0.01412185460768706, 0.039315292240628436, 0.0033596434816466373, 0.09459217791302786]
Matthews: -0.9746794344808963
[177, 2442, 1310, 2973, 498]
[-0.5062357751637009, 1.0, 0.9984743394966673, 1.0, 0.8903318205164135]
[0.20103796245069913, 0.01412185460768706, 0.039315292240628436, 0.0033596434816466373, 0.09459217791302786]

Analysis for wdbc (560)
Precision: 0.872081599272381
[60, 0, 64, 247, 189]
[1.0, 0.0, 1.0, 0.5517241379310345, 0.9411764705882353]
[0.07422394106789068, 0.0, 0.019785037266542557, 0.004732779810664183, 3.755186666694547E-4]
Recall: 0.0
[60, 0, 64, 247, 189]
[0.8166666666666667, 0.0, 0.921875, 0.9411764705882353, 0.9846153846153847]
[0.07422394106789068, 0.0, 0.019785037266542557, 0.004732779810664183, 3.755186666694547E-4]
Accuracy: 0.0
[60, 0, 64, 247, 189]
[0.8166666666666667, 0.0, 0.921875, 0.9433198380566802, 0.9735449735449735]
[0.07422394106789068, 0.0, 0.019785037266542557, 0.004732779810664183, 3.755186666694547E-4]
FScore: 0.30000000000000004
[60, 0, 64, 247, 189]
[0.8990825688073394, 0.0, 0.959349593495935, 0.6956521739130435, 0.962406015037594]
[0.07422394106789068, 0.0, 0.019785037266542557, 0.004732779810664183, 3.755186666694547E-4]
Matthews: -0.33541019662496846
[60, 0, 64, 247, 189]
[0.0, 0.0, 0.0, 0.6957207197240105, 0.9425845212054857]
[0.07422394106789068, 0.0, 0.019785037266542557, 0.004732779810664183, 3.755186666694547E-4]
