MultiResolutionExperiment(3, 10, MultiResolutionTransform(20, 0.30)

Analysis for appendicitis (100)
Precision: -0.8660254037844386
[7, 78, 15]
[0.0, 1.0, 0.0]
[0.28829458178940903, 0.007514833114375307, 0.09209907552656599]
Recall: -0.8660254037844386
[7, 78, 15]
[0.0, 0.987012987012987, 0.0]
[0.28829458178940903, 0.007514833114375307, 0.09209907552656599]
Accuracy: -1.0
[7, 78, 15]
[0.14285714285714285, 0.9871794871794872, 0.5333333333333333]
[0.28829458178940903, 0.007514833114375307, 0.09209907552656599]
FScore: -0.8660254037844386
[7, 78, 15]
[0.0, 0.9934640522875817, 0.0]
[0.28829458178940903, 0.007514833114375307, 0.09209907552656599]
Matthews: -0.5
[7, 78, 15]
[0.0, 0.7025001733142089, -0.30151134457776363]
[0.28829458178940903, 0.007514833114375307, 0.09209907552656599]

Analysis for banana (5300)
Precision: -1.0
[630, 2990, 1680]
[0.02727272727272727, 0.9970631424375918, 0.9891640866873065]
[0.3240346044100585, 0.04603866751956911, 0.13947379166702895]
Recall: -1.0
[630, 2990, 1680]
[0.08256880733944955, 0.9956011730205279, 0.8309492847854356]
[0.3240346044100585, 0.04603866751956911, 0.13947379166702895]
Accuracy: -1.0
[630, 2990, 1680]
[0.33174603174603173, 0.9949832775919732, 0.9184523809523809]
[0.3240346044100585, 0.04603866751956911, 0.13947379166702895]
FScore: -1.0
[630, 2990, 1680]
[0.04100227790432802, 0.9963316214233309, 0.9031802120141343]
[0.3240346044100585, 0.04603866751956911, 0.13947379166702895]
Matthews: -1.0
[630, 2990, 1680]
[-0.40410378718053347, 0.9884019842803794, 0.8431128420648144]
[0.3240346044100585, 0.04603866751956911, 0.13947379166702895]

Analysis for breast-cancer-original (650)
Precision: -0.8660254037844386
[573, 17, 60]
[1.0, 0.0, 1.0]
[0.0015366825744699102, 0.171791790584643, 0.04831169233833589]
Recall: -1.0
[573, 17, 60]
[0.9879807692307693, 0.0, 0.2857142857142857]
[0.0015366825744699102, 0.171791790584643, 0.04831169233833589]
Accuracy: -1.0
[573, 17, 60]
[0.9912739965095986, 0.6470588235294118, 0.9166666666666666]
[0.0015366825744699102, 0.171791790584643, 0.04831169233833589]
FScore: -1.0
[573, 17, 60]
[0.9939540507859734, 0.0, 0.4444444444444445]
[0.0015366825744699102, 0.171791790584643, 0.04831169233833589]
Matthews: -1.0
[573, 17, 60]
[0.9785129205138456, 0.0, 0.5109635445336238]
[0.0015366825744699102, 0.171791790584643, 0.04831169233833589]

Analysis for mammographic-masses (960)
Precision: -1.0
[133, 514, 313]
[0.2948717948717949, 0.9881656804733728, 0.5954198473282443]
[0.3315212407242918, 0.04270996221249486, 0.13939575614516778]
Recall: -1.0
[133, 514, 313]
[0.2987012987012987, 0.9794721407624634, 0.8041237113402062]
[0.3315212407242918, 0.04270996221249486, 0.13939575614516778]
Accuracy: -1.0
[133, 514, 313]
[0.18045112781954886, 0.9785992217898832, 0.7699680511182109]
[0.3315212407242918, 0.04270996221249486, 0.13939575614516778]
FScore: -1.0
[133, 514, 313]
[0.2967741935483871, 0.98379970544919, 0.6842105263157895]
[0.3315212407242918, 0.04270996221249486, 0.13939575614516778]
Matthews: -1.0
[133, 514, 313]
[-0.6851917317513664, 0.952363541609939, 0.5237952235710028]
[0.3315212407242918, 0.04270996221249486, 0.13939575614516778]

Analysis for phoneme (5400)
Precision: 1.0
[1029, 3084, 1287]
[0.4699828473413379, 0.024691358024691357, 0.9977528089887641]
[0.12033115515626042, 0.017018749248554402, 0.2751497299705451]
Recall: -1.0
[1029, 3084, 1287]
[0.9102990033222591, 1.0, 0.6926677067082684]
[0.12033115515626042, 0.017018749248554402, 0.2751497299705451]
Accuracy: -0.5
[1029, 3084, 1287]
[0.673469387755102, 0.9743839169909209, 0.6923076923076923]
[0.12033115515626042, 0.017018749248554402, 0.2751497299705451]
FScore: 1.0
[1029, 3084, 1287]
[0.6199095022624433, 0.048192771084337345, 0.8176795580110497]
[0.12033115515626042, 0.017018749248554402, 0.2751497299705451]
Matthews: -0.5
[1029, 3084, 1287]
[0.4460135529112531, 0.15510787118273034, 0.03941972249047168]
[0.12033115515626042, 0.017018749248554402, 0.2751497299705451]

Analysis for pima (700)
Precision: -1.0
[133, 137, 430]
[0.0, 0.3684210526315789, 0.9888268156424581]
[0.23868013973546603, 0.09759664137867091, 0.038143143043839534]
Recall: -1.0
[133, 137, 430]
[0.0, 0.30434782608695654, 0.8784119106699751]
[0.23868013973546603, 0.09759664137867091, 0.038143143043839534]
Accuracy: -1.0
[133, 137, 430]
[0.3308270676691729, 0.5912408759124088, 0.8767441860465116]
[0.23868013973546603, 0.09759664137867091, 0.038143143043839534]
FScore: -1.0
[133, 137, 430]
[0.0, 0.3333333333333333, 0.9303547963206308]
[0.23868013973546603, 0.09759664137867091, 0.038143143043839534]
Matthews: -1.0
[133, 137, 430]
[-0.12171612389003693, 0.042839058130944685, 0.47446741749924853]
[0.23868013973546603, 0.09759664137867091, 0.038143143043839534]

Analysis for ring (7400)
Precision: 0.5
[773, 1246, 5381]
[0.9198473282442748, 0.8769092542677448, 0.9165834165834166]
[0.2772751581219026, 0.10476557551289255, 0.033233857259240766]
Recall: -1.0
[773, 1246, 5381]
[0.3209054593874834, 0.9172932330827067, 0.9924283396430503]
[0.2772751581219026, 0.10476557551289255, 0.033233857259240766]
Accuracy: -1.0
[773, 1246, 5381]
[0.3130659767141009, 0.819422150882825, 0.9663631295298272]
[0.2772751581219026, 0.10476557551289255, 0.033233857259240766]
FScore: -1.0
[773, 1246, 5381]
[0.4758144126357355, 0.8966467615985301, 0.9529992209815633]
[0.2772751581219026, 0.10476557551289255, 0.033233857259240766]
Matthews: -1.0
[773, 1246, 5381]
[-0.22259366242701464, 0.18820033094142716, 0.9286492887347878]
[0.2772751581219026, 0.10476557551289255, 0.033233857259240766]

Analysis for spambase (4550)
Precision: -1.0
[695, 1071, 2784]
[0.1276595744680851, 0.9192825112107623, 0.994789199431549]
[0.2691858074338148, 0.10506002583114774, 0.02325748521794985]
Recall: -1.0
[695, 1071, 2784]
[0.2542372881355932, 0.803921568627451, 0.9849906191369606]
[0.2691858074338148, 0.10506002583114774, 0.02325748521794985]
Accuracy: -1.0
[695, 1071, 2784]
[0.5784172661870504, 0.873015873015873, 0.9845545977011494]
[0.2691858074338148, 0.10506002583114774, 0.02325748521794985]
FScore: -1.0
[695, 1071, 2784]
[0.16997167138810196, 0.8577405857740587, 0.9898656610888522]
[0.2691858074338148, 0.10506002583114774, 0.02325748521794985]
Matthews: -1.0
[695, 1071, 2784]
[-0.08019488723144637, 0.749452851104959, 0.9576232820743852]
[0.2691858074338148, 0.10506002583114774, 0.02325748521794985]

Analysis for twonorm (7400)
Precision: -1.0
[481, 4476, 2443]
[0.6641221374045801, 1.0, 0.9991721854304636]
[0.15826553397130005, 0.008768676851463557, 0.042470165828870574]
Recall: -0.8660254037844386
[481, 4476, 2443]
[0.7073170731707317, 1.0, 1.0]
[0.15826553397130005, 0.008768676851463557, 0.042470165828870574]
Accuracy: -1.0
[481, 4476, 2443]
[0.6673596673596673, 1.0, 0.9995906672124437]
[0.15826553397130005, 0.008768676851463557, 0.042470165828870574]
FScore: -1.0
[481, 4476, 2443]
[0.68503937007874, 1.0, 0.9995859213250518]
[0.15826553397130005, 0.008768676851463557, 0.042470165828870574]
Matthews: -1.0
[481, 4476, 2443]
[0.3340996514381877, 1.0, 0.9991815619268993]
[0.15826553397130005, 0.008768676851463557, 0.042470165828870574]

Analysis for wdbc (560)
Precision: 0.8660254037844386
[65, 65, 430]
[1.0, 1.0, 0.8152173913043478]
[0.08755376745350371, 0.025306328201709947, 0.003908107022988885]
Recall: -1.0
[65, 65, 430]
[0.8153846153846154, 0.9230769230769231, 0.9868421052631579]
[0.08755376745350371, 0.025306328201709947, 0.003908107022988885]
Accuracy: -1.0
[65, 65, 430]
[0.8153846153846154, 0.9230769230769231, 0.958139534883721]
[0.08755376745350371, 0.025306328201709947, 0.003908107022988885]
FScore: 0.5
[65, 65, 430]
[0.8983050847457628, 0.9600000000000001, 0.8928571428571429]
[0.08755376745350371, 0.025306328201709947, 0.003908107022988885]
Matthews: -0.8660254037844386
[65, 65, 430]
[0.0, 0.0, 0.8732493437749026]
[0.08755376745350371, 0.025306328201709947, 0.003908107022988885]
