MultiResolutionExperiment(4, 10, MultiResolutionTransform(40, 0.10)

Analysis for appendicitis (100)
Precision: -0.9486832980505138
[2, 15, 7, 76]
[1.0, 0.2, 0.0, 1.0]
[0.022348963517726063, 0.03332199353603278, 0.19995494481678835, 0.0028216083966093822]
Recall: -0.8
[2, 15, 7, 76]
[1.0, 0.3333333333333333, 0.0, 0.9733333333333334]
[0.022348963517726063, 0.03332199353603278, 0.19995494481678835, 0.0028216083966093822]
Accuracy: -0.8
[2, 15, 7, 76]
[1.0, 0.6, 0.14285714285714285, 0.9736842105263158]
[0.022348963517726063, 0.03332199353603278, 0.19995494481678835, 0.0028216083966093822]
FScore: -0.8
[2, 15, 7, 76]
[1.0, 0.25, 0.0, 0.9864864864864865]
[0.022348963517726063, 0.03332199353603278, 0.19995494481678835, 0.0028216083966093822]
Matthews: -0.7745966692414834
[2, 15, 7, 76]
[0.0, 0.0, 0.0, 0.5696002496878354]
[0.022348963517726063, 0.03332199353603278, 0.19995494481678835, 0.0028216083966093822]

Analysis for banana (5300)
Precision: -0.8
[2878, 701, 450, 1271]
[0.9966311061201573, 0.9007936507936508, 0.0, 0.997080291970803]
[0.009475379157353631, 0.1705590968227023, 0.32357402629378884, 0.06599522414606555]
Recall: -1.0
[2878, 701, 450, 1271]
[0.9988745075970737, 0.5989445910290238, 0.0, 0.9729344729344729]
[0.009475379157353631, 0.1705590968227023, 0.32357402629378884, 0.06599522414606555]
Accuracy: -1.0
[2878, 701, 450, 1271]
[0.9972202918693537, 0.7475035663338089, 0.18444444444444444, 0.983477576711251]
[0.009475379157353631, 0.1705590968227023, 0.32357402629378884, 0.06599522414606555]
FScore: -1.0
[2878, 701, 450, 1271]
[0.9977515458122542, 0.7194928684627575, 0.0, 0.9848594087959625]
[0.009475379157353631, 0.1705590968227023, 0.32357402629378884, 0.06599522414606555]
Matthews: -1.0
[2878, 701, 450, 1271]
[0.9941161936764383, 0.5413970145736344, -0.5892457640660632, 0.9670353773557772]
[0.009475379157353631, 0.1705590968227023, 0.32357402629378884, 0.06599522414606555]

Analysis for breast-cancer-original (650)
Precision: -0.7745966692414835
[580, 43, 12, 15]
[1.0, 1.0, 0.0, 1.0]
[4.7480676111059526E-4, 0.0210467351563195, 0.12946096827201922, 0.07318084018024719]
Recall: -0.9486832980505139
[580, 43, 12, 15]
[0.9927360774818402, 0.25, 0.0, 0.25]
[4.7480676111059526E-4, 0.0210467351563195, 0.12946096827201922, 0.07318084018024719]
Accuracy: -1.0
[580, 43, 12, 15]
[0.9948275862068966, 0.8604651162790697, 0.6666666666666666, 0.8]
[4.7480676111059526E-4, 0.0210467351563195, 0.12946096827201922, 0.07318084018024719]
FScore: -0.9486832980505139
[580, 43, 12, 15]
[0.9963547995139732, 0.4, 0.0, 0.4]
[4.7480676111059526E-4, 0.0210467351563195, 0.12946096827201922, 0.07318084018024719]
Matthews: -1.0
[580, 43, 12, 15]
[0.9875308630753159, 0.4619682176798978, 0.0, 0.44320263021395917]
[4.7480676111059526E-4, 0.0210467351563195, 0.12946096827201922, 0.07318084018024719]

Analysis for mammographic-masses (960)
Precision: -1.0
[118, 123, 506, 213]
[0.36363636363636365, 0.2608695652173913, 0.9910714285714286, 0.7894736842105263]
[0.17425389843065103, 0.301876236252015, 0.028531653005476325, 0.07727327389668082]
Recall: -0.8000000000000002
[118, 123, 506, 213]
[0.8, 0.2535211267605634, 0.985207100591716, 0.7894736842105263]
[0.17425389843065103, 0.301876236252015, 0.028531653005476325, 0.07727327389668082]
Accuracy: -1.0
[118, 123, 506, 213]
[0.5932203389830508, 0.15447154471544716, 0.9841897233201581, 0.8497652582159625]
[0.17425389843065103, 0.301876236252015, 0.028531653005476325, 0.07727327389668082]
FScore: -1.0
[118, 123, 506, 213]
[0.5000000000000001, 0.2571428571428571, 0.9881305637982196, 0.7894736842105263]
[0.17425389843065103, 0.301876236252015, 0.028531653005476325, 0.07727327389668082]
Matthews: -1.0
[118, 123, 506, 213]
[0.2830505425945412, -0.7239224059449412, 0.9645006144090215, 0.6726853630426431]
[0.17425389843065103, 0.301876236252015, 0.028531653005476325, 0.07727327389668082]

Analysis for phoneme (5400)
Precision: 0.8
[991, 706, 3073, 630]
[0.40208333333333335, 0.9474605954465849, 0.5202702702702703, 0.9943661971830986]
[0.08817953040958956, 0.1481562161667763, 0.009093701094404215, 0.2727908850955085]
Recall: -1.0
[991, 706, 3073, 630]
[0.8976744186046511, 0.8184568835098336, 0.9506172839506173, 0.5621019108280255]
[0.08817953040958956, 0.1481562161667763, 0.009093701094404215, 0.2727908850955085]
Accuracy: -0.8
[991, 706, 3073, 630]
[0.6881937436932392, 0.7875354107648725, 0.9755938821998047, 0.5603174603174603]
[0.08817953040958956, 0.1481562161667763, 0.009093701094404215, 0.2727908850955085]
FScore: 0.6
[991, 706, 3073, 630]
[0.5553956834532375, 0.8782467532467533, 0.6724890829694323, 0.7182095625635809]
[0.08817953040958956, 0.1481562161667763, 0.009093701094404215, 0.2727908850955085]
Matthews: -1.0
[991, 706, 3073, 630]
[0.43532370517952135, 0.09429004210025056, 0.6935159603886475, -0.04966922073369799]
[0.08817953040958956, 0.1481562161667763, 0.009093701094404215, 0.2727908850955085]

Analysis for pima (700)
Precision: -1.0
[152, 92, 95, 361]
[0.9629629629629629, 0.0, 0.05555555555555555, 0.9664429530201343]
[0.06484978348586877, 0.20570094415655243, 0.08909474147611804, 0.015299050790422434]
Recall: -1.0
[152, 92, 95, 361]
[0.6141732283464567, 0.0, 0.2222222222222222, 0.9201277955271565]
[0.06484978348586877, 0.20570094415655243, 0.08909474147611804, 0.015299050790422434]
Accuracy: -1.0
[152, 92, 95, 361]
[0.6578947368421053, 0.2391304347826087, 0.5684210526315789, 0.9030470914127424]
[0.06484978348586877, 0.20570094415655243, 0.08909474147611804, 0.015299050790422434]
FScore: -1.0
[152, 92, 95, 361]
[0.7499999999999999, 0.0, 0.08888888888888888, 0.9427168576104746]
[0.06484978348586877, 0.20570094415655243, 0.08909474147611804, 0.015299050790422434]
Matthews: -1.0
[152, 92, 95, 361]
[0.3671803191393492, -0.18156825980064073, -0.10450981087373927, 0.6367500467748651]
[0.06484978348586877, 0.20570094415655243, 0.08909474147611804, 0.015299050790422434]

Analysis for ring (7400)
Precision: -0.39999999999999997
[763, 539, 1577, 4521]
[0.8619528619528619, 0.8608695652173913, 0.7227214377406932, 0.9941768131286395]
[0.11369016474628903, 0.25996620946989146, 0.06034979195206233, 0.015407506543942469]
Recall: -1.0
[763, 539, 1577, 4521]
[0.7630402384500745, 0.18929254302103252, 0.9723661485319517, 0.9931253305129562]
[0.11369016474628903, 0.25996620946989146, 0.06034979195206233, 0.015407506543942469]
Accuracy: -1.0
[763, 539, 1577, 4521]
[0.6841415465268676, 0.1836734693877551, 0.8528852251109702, 0.9946914399469144]
[0.11369016474628903, 0.25996620946989146, 0.06034979195206233, 0.015407506543942469]
FScore: -1.0
[763, 539, 1577, 4521]
[0.809486166007905, 0.3103448275862069, 0.8291605301914581, 0.9936507936507937]
[0.11369016474628903, 0.25996620946989146, 0.06034979195206233, 0.015407506543942469]
Matthews: -1.0
[763, 539, 1577, 4521]
[-0.1005828063972846, -0.3358483005331228, 0.7288159108670582, 0.9890902012228314]
[0.11369016474628903, 0.25996620946989146, 0.06034979195206233, 0.015407506543942469]

Analysis for spambase (4550)
Precision: -1.0
[393, 1490, 629, 2038]
[0.10106382978723404, 0.9755620723362659, 0.6296296296296297, 0.9944674965421854]
[0.28151633200765247, 0.05056389577777446, 0.137786002469668, 0.006249249181208137]
Recall: -1.0
[393, 1490, 629, 2038]
[0.23170731707317074, 0.9397363465160076, 0.5279503105590062, 0.9883161512027492]
[0.28151633200765247, 0.05056389577777446, 0.137786002469668, 0.006249249181208137]
Accuracy: -1.0
[393, 1490, 629, 2038]
[0.40966921119592875, 0.9402684563758389, 0.7996820349761526, 0.9877330716388616]
[0.28151633200765247, 0.05056389577777446, 0.137786002469668, 0.006249249181208137]
FScore: -1.0
[393, 1490, 629, 2038]
[0.14074074074074075, 0.9573141486810551, 0.5743243243243243, 0.991382281971734]
[0.28151633200765247, 0.05056389577777446, 0.137786002469668, 0.006249249181208137]
Matthews: -1.0
[393, 1490, 629, 2038]
[-0.25355344820413134, 0.8596546966093117, 0.4476141931095845, 0.9701625774785178]
[0.28151633200765247, 0.05056389577777446, 0.137786002469668, 0.006249249181208137]

Analysis for twonorm (7400)
Precision: -1.0
[189, 4882, 564, 1765]
[0.20430107526881722, 1.0, 0.9555555555555556, 0.9988304093567252]
[0.17795317339514685, 0.002460966912486445, 0.069870522399986, 0.01960596407565271]
Recall: -0.9486832980505138
[189, 4882, 564, 1765]
[0.2375, 1.0, 0.9647435897435898, 1.0]
[0.17795317339514685, 0.002460966912486445, 0.069870522399986, 0.01960596407565271]
Accuracy: -1.0
[189, 4882, 564, 1765]
[0.2857142857142857, 1.0, 0.9556737588652482, 0.9994334277620397]
[0.17795317339514685, 0.002460966912486445, 0.069870522399986, 0.01960596407565271]
FScore: -1.0
[189, 4882, 564, 1765]
[0.21965317919075147, 1.0, 0.960127591706539, 0.9994148624926857]
[0.17795317339514685, 0.002460966912486445, 0.069870522399986, 0.01960596407565271]
Matthews: -1.0
[189, 4882, 564, 1765]
[-0.4362270355263639, 1.0, 0.9102827823680881, 0.9988663566110864]
[0.17795317339514685, 0.002460966912486445, 0.069870522399986, 0.01960596407565271]

Analysis for wdbc (560)
Precision: 0.7745966692414835
[24, 42, 451, 43]
[1.0, 1.0, 0.8468468468468469, 1.0]
[0.08657996088795651, 0.03761201871823116, 0.0018800350240806474, 0.01170844003305973]
Recall: -1.0
[24, 42, 451, 43]
[0.7083333333333334, 0.9047619047619048, 0.9690721649484536, 0.9069767441860465]
[0.08657996088795651, 0.03761201871823116, 0.0018800350240806474, 0.01170844003305973]
Accuracy: -1.0
[24, 42, 451, 43]
[0.7083333333333334, 0.9047619047619048, 0.9556541019955654, 0.9069767441860465]
[0.08657996088795651, 0.03761201871823116, 0.0018800350240806474, 0.01170844003305973]
FScore: -0.4
[24, 42, 451, 43]
[0.8292682926829268, 0.9500000000000001, 0.903846153846154, 0.951219512195122]
[0.08657996088795651, 0.03761201871823116, 0.0018800350240806474, 0.01170844003305973]
Matthews: -0.7745966692414835
[24, 42, 451, 43]
[0.0, 0.0, 0.8785562092929292, 0.0]
[0.08657996088795651, 0.03761201871823116, 0.0018800350240806474, 0.01170844003305973]
