MultiResolutionExperiment(4, 10, MultiResolutionTransform(30, 0.25)

Analysis for appendicitis (100)
Precision: -0.4472135954999579
[1, 15, 7, 77]
[1.0, 0.0, 0.0, 1.0]
[0.1283940418244413, 0.07672494445173182, 0.2718866297495237, 0.00523825362511063]
Recall: -0.210818510677892
[1, 15, 7, 77]
[1.0, 0.0, 0.0, 0.9868421052631579]
[0.1283940418244413, 0.07672494445173182, 0.2718866297495237, 0.00523825362511063]
Accuracy: -0.39999999999999997
[1, 15, 7, 77]
[1.0, 0.5333333333333333, 0.14285714285714285, 0.987012987012987]
[0.1283940418244413, 0.07672494445173182, 0.2718866297495237, 0.00523825362511063]
FScore: -0.210818510677892
[1, 15, 7, 77]
[1.0, 0.0, 0.0, 0.9933774834437086]
[0.1283940418244413, 0.07672494445173182, 0.2718866297495237, 0.00523825362511063]
Matthews: -0.31622776601683794
[1, 15, 7, 77]
[0.0, -0.30151134457776363, 0.0, 0.7024393586862705]
[0.1283940418244413, 0.07672494445173182, 0.2718866297495237, 0.00523825362511063]

Analysis for banana (5300)
Precision: -1.0
[2670, 1267, 507, 856]
[0.9978459881529348, 0.9913232104121475, 0.006289308176100629, 0.9738903394255874]
[0.031856735131117, 0.08693277137282869, 0.3306372879735014, 0.17606540338055715]
Recall: -1.0
[2670, 1267, 507, 856]
[0.9957012358946803, 0.9870410367170627, 0.03508771929824561, 0.6869244935543278]
[0.031856735131117, 0.08693277137282869, 0.3306372879735014, 0.17606540338055715]
Accuracy: -1.0
[2670, 1267, 507, 856]
[0.9955056179775281, 0.9921073401736386, 0.2682445759368836, 0.7897196261682243]
[0.031856735131117, 0.08693277137282869, 0.3306372879735014, 0.17606540338055715]
FScore: -1.0
[2670, 1267, 507, 856]
[0.9967724583109199, 0.9891774891774893, 0.010666666666666668, 0.8056155507559396]
[0.031856735131117, 0.08693277137282869, 0.3306372879735014, 0.17606540338055715]
Matthews: -1.0
[2670, 1267, 507, 856]
[0.9893804188040138, 0.9829720589601427, -0.4358254876430053, 0.6344059615329575]
[0.031856735131117, 0.08693277137282869, 0.3306372879735014, 0.17606540338055715]

Analysis for breast-cancer-original (650)
Precision: -0.8944271909999159
[566, 39, 17, 28]
[1.0, 1.0, 0.0, 0.0]
[9.886430780222863E-4, 0.020899257582549347, 0.15613712113510783, 0.06543528680850322]
Recall: -0.9486832980505139
[566, 39, 17, 28]
[0.9903614457831326, 0.5, 0.0, 0.0]
[9.886430780222863E-4, 0.020899257582549347, 0.15613712113510783, 0.06543528680850322]
Accuracy: -1.0
[566, 39, 17, 28]
[0.9929328621908127, 0.9487179487179487, 0.6470588235294118, 0.8571428571428571]
[9.886430780222863E-4, 0.020899257582549347, 0.15613712113510783, 0.06543528680850322]
FScore: -0.9486832980505139
[566, 39, 17, 28]
[0.9951573849878934, 0.6666666666666666, 0.0, 0.0]
[9.886430780222863E-4, 0.020899257582549347, 0.15613712113510783, 0.06543528680850322]
Matthews: -0.9486832980505139
[566, 39, 17, 28]
[0.982244231875782, 0.6877303054053768, 0.0, 0.0]
[9.886430780222863E-4, 0.020899257582549347, 0.15613712113510783, 0.06543528680850322]

Analysis for mammographic-masses (960)
Precision: -1.0
[156, 112, 426, 266]
[0.44086021505376344, 0.2857142857142857, 0.9938650306748467, 0.8]
[0.18166236715243306, 0.3310394348481322, 0.03373652613823126, 0.08391627811535239]
Recall: -1.0
[156, 112, 426, 266]
[0.6833333333333333, 0.2727272727272727, 0.9908256880733946, 0.8387096774193549]
[0.18166236715243306, 0.3310394348481322, 0.03373652613823126, 0.08391627811535239]
Accuracy: -1.0
[156, 112, 426, 266]
[0.5448717948717948, 0.16964285714285715, 0.9882629107981221, 0.9135338345864662]
[0.18166236715243306, 0.3310394348481322, 0.03373652613823126, 0.08391627811535239]
FScore: -1.0
[156, 112, 426, 266]
[0.5359477124183006, 0.2790697674418604, 0.992343032159265, 0.8188976377952757]
[0.18166236715243306, 0.3310394348481322, 0.03373652613823126, 0.08391627811535239]
Matthews: -1.0
[156, 112, 426, 266]
[0.14046469096448674, -0.6996813019772167, 0.967238445992804, 0.7625161785520242]
[0.18166236715243306, 0.3310394348481322, 0.03373652613823126, 0.08391627811535239]

Analysis for phoneme (5400)
Precision: 1.0
[692, 990, 2970, 748]
[0.9740484429065744, 0.3368421052631579, 0.03225806451612903, 1.0]
[0.18045530822385122, 0.10425190408866944, 0.01314031001196002, 0.3029400829607678]
Recall: -1.0
[692, 990, 2970, 748]
[0.8440779610194903, 0.9523809523809523, 1.0, 0.5868983957219251]
[0.18045530822385122, 0.10425190408866944, 0.01314031001196002, 0.3029400829607678]
Accuracy: -0.8
[692, 990, 2970, 748]
[0.8280346820809249, 0.6737373737373737, 0.9797979797979798, 0.5868983957219251]
[0.18045530822385122, 0.10425190408866944, 0.01314031001196002, 0.3029400829607678]
FScore: 0.8
[692, 990, 2970, 748]
[0.9044176706827309, 0.4976671850699845, 0.0625, 0.7396798652064027]
[0.18045530822385122, 0.10425190408866944, 0.01314031001196002, 0.3029400829607678]
Matthews: -0.8
[692, 990, 2970, 748]
[0.1227849515095633, 0.42764320631785435, 0.17778061567260267, 0.0]
[0.18045530822385122, 0.10425190408866944, 0.01314031001196002, 0.3029400829607678]

Analysis for pima (700)
Precision: -0.39999999999999997
[117, 131, 97, 355]
[1.0, 0.0, 0.038461538461538464, 0.9836601307189542]
[0.08992481582694062, 0.2224385490712171, 0.08159030658277783, 0.023916073266407472]
Recall: -0.8
[117, 131, 97, 355]
[0.5789473684210527, 0.0, 0.09090909090909091, 0.9290123456790124]
[0.08992481582694062, 0.2224385490712171, 0.08159030658277783, 0.023916073266407472]
Accuracy: -1.0
[117, 131, 97, 355]
[0.5897435897435898, 0.33587786259541985, 0.6391752577319587, 0.9211267605633803]
[0.08992481582694062, 0.2224385490712171, 0.08159030658277783, 0.023916073266407472]
FScore: -0.8
[117, 131, 97, 355]
[0.7333333333333334, 0.0, 0.05405405405405406, 0.9555555555555555]
[0.08992481582694062, 0.2224385490712171, 0.08159030658277783, 0.023916073266407472]
Matthews: -0.39999999999999997
[117, 131, 97, 355]
[0.18454193982447342, -0.12124708120550656, -0.14302119012645845, 0.6283456283226774]
[0.08992481582694062, 0.2224385490712171, 0.08159030658277783, 0.023916073266407472]

Analysis for ring (7400)
Precision: -0.6000000000000001
[874, 725, 1029, 4772]
[0.07560137457044673, 0.9122807017543859, 0.9881337648327939, 0.9870533402382186]
[0.09425288895890051, 0.266772536945846, 0.09399429608715451, 0.022509250005839383]
Recall: -0.39999999999999997
[874, 725, 1029, 4772]
[1.0, 0.29545454545454547, 0.899803536345776, 0.9927083333333333]
[0.09425288895890051, 0.266772536945846, 0.09399429608715451, 0.022509250005839383]
Accuracy: -1.0
[874, 725, 1029, 4772]
[0.6922196796338673, 0.2882758620689655, 0.8901846452866861, 0.9918273260687342]
[0.09425288895890051, 0.266772536945846, 0.09399429608715451, 0.022509250005839383]
FScore: -0.8
[874, 725, 1029, 4772]
[0.14057507987220447, 0.44635193133047213, 0.9419023136246786, 0.9898727603219943]
[0.09425288895890051, 0.266772536945846, 0.09399429608715451, 0.022509250005839383]
Matthews: -0.8
[874, 725, 1029, 4772]
[0.22744653546707347, -0.23728324824912234, -0.034481223885521155, 0.983033606595675]
[0.09425288895890051, 0.266772536945846, 0.09399429608715451, 0.022509250005839383]

Analysis for spambase (4550)
Precision: -1.0
[438, 1573, 653, 1886]
[0.09844559585492228, 0.9824253075571178, 0.5614035087719298, 0.994060876020787]
[0.2959727166984472, 0.0597423229582687, 0.14914987772206742, 0.008916620765380641]
Recall: -1.0
[438, 1573, 653, 1886]
[0.2261904761904762, 0.932443703085905, 0.5079365079365079, 0.9911176905995559]
[0.2959727166984472, 0.0597423229582687, 0.14914987772206742, 0.008916620765380641]
Accuracy: -1.0
[438, 1573, 653, 1886]
[0.454337899543379, 0.9357914812460267, 0.8284839203675345, 0.9893955461293743]
[0.2959727166984472, 0.0597423229582687, 0.14914987772206742, 0.008916620765380641]
FScore: -1.0
[438, 1573, 653, 1886]
[0.1371841155234657, 0.9567821994009413, 0.5333333333333333, 0.9925871015567087]
[0.2959727166984472, 0.0597423229582687, 0.14914987772206742, 0.008916620765380641]
Matthews: -1.0
[438, 1573, 653, 1886]
[-0.21041370932059902, 0.8365705702272519, 0.4293947718908256, 0.9739784748636376]
[0.2959727166984472, 0.0597423229582687, 0.14914987772206742, 0.008916620765380641]

Analysis for twonorm (7400)
Precision: -0.9486832980505139
[276, 3685, 2484, 955]
[0.3971631205673759, 1.0, 1.0, 0.9922779922779923]
[0.1823227924300112, 0.004842114075521914, 0.022086639258776432, 0.06805316209341394]
Recall: -0.9486832980505139
[276, 3685, 2484, 955]
[0.448, 1.0, 1.0, 0.9941972920696325]
[0.1823227924300112, 0.004842114075521914, 0.022086639258776432, 0.06805316209341394]
Accuracy: -0.9486832980505139
[276, 3685, 2484, 955]
[0.4420289855072464, 1.0, 1.0, 0.9926701570680628]
[0.1823227924300112, 0.004842114075521914, 0.022086639258776432, 0.06805316209341394]
FScore: -0.9486832980505139
[276, 3685, 2484, 955]
[0.4210526315789474, 1.0, 1.0, 0.9932367149758454]
[0.1823227924300112, 0.004842114075521914, 0.022086639258776432, 0.06805316209341394]
Matthews: -0.9486832980505139
[276, 3685, 2484, 955]
[-0.11442992974142925, 1.0, 1.0, 0.9852389224725377]
[0.1823227924300112, 0.004842114075521914, 0.022086639258776432, 0.06805316209341394]

Analysis for wdbc (560)
Precision: 0.9486832980505138
[61, 0, 435, 64]
[1.0, 0.0, 0.8229166666666666, 1.0]
[0.07872980983774856, 0.0, 0.003121269453626922, 0.021640968518943152]
Recall: 0.2000000000000001
[61, 0, 435, 64]
[0.819672131147541, 0.0, 0.9753086419753086, 0.921875]
[0.07872980983774856, 0.0, 0.003121269453626922, 0.021640968518943152]
Accuracy: 0.2000000000000001
[61, 0, 435, 64]
[0.819672131147541, 0.0, 0.9563218390804598, 0.921875]
[0.07872980983774856, 0.0, 0.003121269453626922, 0.021640968518943152]
FScore: 0.8
[61, 0, 435, 64]
[0.9009009009009009, 0.0, 0.8926553672316384, 0.959349593495935]
[0.07872980983774856, 0.0, 0.003121269453626922, 0.021640968518943152]
Matthews: -0.25819888974716104
[61, 0, 435, 64]
[0.0, 0.0, 0.8704070458814553, 0.0]
[0.07872980983774856, 0.0, 0.003121269453626922, 0.021640968518943152]
