MultiResolutionExperiment(3, 10, MultiResolutionTransform(30, 0.30))

Analysis for appendicitis (100)
Precision: -0.8660254037844386
[20, 76, 4]
[0.0, 1.0, 1.0]
[0.17412610275616464, 0.004784140401177303, 0.10575346932748278]
Recall: -1.0
[20, 76, 4]
[0.0, 0.9868421052631579, 0.25]
[0.17412610275616464, 0.004784140401177303, 0.10575346932748278]
Accuracy: -0.5
[20, 76, 4]
[0.5, 0.9868421052631579, 0.25]
[0.17412610275616464, 0.004784140401177303, 0.10575346932748278]
FScore: -1.0
[20, 76, 4]
[0.0, 0.9933774834437086, 0.4]
[0.17412610275616464, 0.004784140401177303, 0.10575346932748278]
Matthews: NaN
[20, 76, 4]
[0.0, 0.0, 0.0]
[0.17412610275616464, 0.004784140401177303, 0.10575346932748278]

Analysis for banana (5300)
Precision: -1.0
[1505, 3155, 640]
[0.9731543624161074, 1.0, 0.041666666666666664]
[0.12890603124300024, 0.04967358414720949, 0.3161420512603121]
Recall: -1.0
[1505, 3155, 640]
[0.8301526717557252, 0.9832893579595426, 0.1111111111111111]
[0.12890603124300024, 0.04967358414720949, 0.3161420512603121]
Accuracy: -1.0
[1505, 3155, 640]
[0.932890365448505, 0.9879556259904912, 0.321875]
[0.12890603124300024, 0.04967358414720949, 0.3161420512603121]
FScore: -1.0
[1505, 3155, 640]
[0.8959835221421215, 0.9915742793791574, 0.06060606060606061]
[0.12890603124300024, 0.04967358414720949, 0.3161420512603121]
Matthews: -1.0
[1505, 3155, 640]
[0.8527358378567319, 0.9708918778520963, -0.41035622334096866]
[0.12890603124300024, 0.04967358414720949, 0.3161420512603121]

Analysis for breast-cancer-original (650)
Precision: NaN
[415, 57, 178]
[1.0, 1.0, 1.0]
[0.0011266432213428588, 0.11470693529259168, 0.028636898419693923]
Recall: -1.0
[415, 57, 178]
[0.9879518072289156, 0.09090909090909091, 0.6666666666666666]
[0.0011266432213428588, 0.11470693529259168, 0.028636898419693923]
Accuracy: -0.5
[415, 57, 178]
[0.9879518072289156, 0.8245614035087719, 0.9943820224719101]
[0.0011266432213428588, 0.11470693529259168, 0.028636898419693923]
FScore: -1.0
[415, 57, 178]
[0.993939393939394, 0.16666666666666669, 0.8]
[0.0011266432213428588, 0.11470693529259168, 0.028636898419693923]
Matthews: 0.5
[415, 57, 178]
[0.0, 0.27326786250001056, 0.814173684098662]
[0.0011266432213428588, 0.11470693529259168, 0.028636898419693923]

Analysis for mammographic-masses (960)
Precision: -1.0
[139, 516, 305]
[0.22784810126582278, 0.996969696969697, 0.6376811594202898]
[0.31167673272388163, 0.04071938881945612, 0.13727141541666274]
Recall: -1.0
[139, 516, 305]
[0.25, 0.9939577039274925, 0.7857142857142857]
[0.31167673272388163, 0.04071938881945612, 0.13727141541666274]
Accuracy: -1.0
[139, 516, 305]
[0.17266187050359713, 0.9941860465116279, 0.7573770491803279]
[0.31167673272388163, 0.04071938881945612, 0.13727141541666274]
FScore: -1.0
[139, 516, 305]
[0.23841059602649006, 0.9954614220877459, 0.7039999999999998]
[0.31167673272388163, 0.04071938881945612, 0.13727141541666274]
Matthews: -1.0
[139, 516, 305]
[-0.6662741302957091, 0.9873839632526438, 0.5100461132993227]
[0.31167673272388163, 0.04071938881945612, 0.13727141541666274]

Analysis for phoneme (5400)
Precision: 1.0
[1052, 3178, 1170]
[0.5795795795795796, 0.0, 1.0]
[0.1321584146332587, 0.017357188695468845, 0.2716948926608417]
Recall: 0.5
[1052, 3178, 1170]
[0.9301204819277108, 0.0, 0.6649572649572649]
[0.1321584146332587, 0.017357188695468845, 0.2716948926608417]
Accuracy: -1.0
[1052, 3178, 1170]
[0.7062737642585551, 0.9653870358716173, 0.6649572649572649]
[0.1321584146332587, 0.017357188695468845, 0.2716948926608417]
FScore: 1.0
[1052, 3178, 1170]
[0.7141535615171137, 0.0, 0.7987679671457906]
[0.1321584146332587, 0.017357188695468845, 0.2716948926608417]
Matthews: 0.0
[1052, 3178, 1170]
[0.4974565668370252, 0.0, 0.0]
[0.1321584146332587, 0.017357188695468845, 0.2716948926608417]

Analysis for pima (700)
Precision: -1.0
[149, 143, 408]
[0.3235294117647059, 0.0, 1.0]
[0.10394270926251745, 0.2114190258903174, 0.036558617432961425]
Recall: -1.0
[149, 143, 408]
[0.2619047619047619, 0.0, 0.8793103448275862]
[0.10394270926251745, 0.2114190258903174, 0.036558617432961425]
Accuracy: -1.0
[149, 143, 408]
[0.6375838926174496, 0.3356643356643357, 0.8799019607843137]
[0.10394270926251745, 0.2114190258903174, 0.036558617432961425]
FScore: -1.0
[149, 143, 408]
[0.2894736842105263, 0.0, 0.9357798165137614]
[0.10394270926251745, 0.2114190258903174, 0.036558617432961425]
Matthews: -1.0
[149, 143, 408]
[0.05033586573997263, -0.16242838028929626, 0.18569533817705186]
[0.10394270926251745, 0.2114190258903174, 0.036558617432961425]

Analysis for ring (7400)
Precision: 0.5
[1934, 4443, 1023]
[0.9657754010695188, 0.7956064947468959, 0.8978260869565218]
[0.06631550159035056, 0.033640466830494396, 0.22623416489208106]
Recall: -1.0
[1934, 4443, 1023]
[0.9720129171151776, 1.0, 0.4244604316546763]
[0.06631550159035056, 0.033640466830494396, 0.22623416489208106]
Accuracy: -1.0
[1934, 4443, 1023]
[0.9400206825232679, 0.9518343461625028, 0.4066471163245357]
[0.06631550159035056, 0.033640466830494396, 0.22623416489208106]
FScore: -0.5
[1934, 4443, 1023]
[0.9688841201716739, 0.8861702127659574, 0.5764131193300768]
[0.06631550159035056, 0.033640466830494396, 0.22623416489208106]
Matthews: -1.0
[1934, 4443, 1023]
[0.14110863815621913, 0.8651260706105142, -0.22344483106790372]
[0.06631550159035056, 0.033640466830494396, 0.22623416489208106]

Analysis for spambase (4550)
Precision: -1.0
[499, 968, 3083]
[0.19298245614035087, 0.7777777777777778, 0.9973741794310722]
[0.25187620871441135, 0.09750830440161806, 0.01989892713814653]
Recall: -1.0
[499, 968, 3083]
[0.3142857142857143, 0.7091503267973857, 0.9848746758859118]
[0.25187620871441135, 0.09750830440161806, 0.01989892713814653]
Accuracy: -1.0
[499, 968, 3083]
[0.43887775551102204, 0.84400826446281, 0.9867012650016218]
[0.25187620871441135, 0.09750830440161806, 0.01989892713814653]
FScore: -1.0
[499, 968, 3083]
[0.2391304347826087, 0.7418803418803419, 0.9910850184822787]
[0.25187620871441135, 0.09750830440161806, 0.01989892713814653]
Matthews: -1.0
[499, 968, 3083]
[-0.178801191197985, 0.6318330503664557, 0.9652215645953455]
[0.25187620871441135, 0.09750830440161806, 0.01989892713814653]

Analysis for twonorm (7400)
Precision: -0.8660254037844386
[2127, 4834, 439]
[1.0, 1.0, 0.6163793103448276]
[0.04145247271265684, 0.00868914342157456, 0.1516111257176598]
Recall: -0.8660254037844386
[2127, 4834, 439]
[1.0, 1.0, 0.6651162790697674]
[0.04145247271265684, 0.00868914342157456, 0.1516111257176598]
Accuracy: -0.8660254037844386
[2127, 4834, 439]
[1.0, 1.0, 0.6332574031890661]
[0.04145247271265684, 0.00868914342157456, 0.1516111257176598]
FScore: -0.8660254037844386
[2127, 4834, 439]
[1.0, 1.0, 0.6398210290827742]
[0.04145247271265684, 0.00868914342157456, 0.1516111257176598]
Matthews: -0.8660254037844386
[2127, 4834, 439]
[1.0, 1.0, 0.26817376886660327]
[0.04145247271265684, 0.00868914342157456, 0.1516111257176598]

Analysis for wdbc (560)
Precision: 0.8660254037844386
[92, 110, 358]
[1.0, 1.0, 0.19047619047619047]
[0.047973231599480304, 0.01721031580616279, 0.0017588396378357975]
Recall: -1.0
[92, 110, 358]
[0.8260869565217391, 0.9818181818181818, 1.0]
[0.047973231599480304, 0.01721031580616279, 0.0017588396378357975]
Accuracy: -0.5
[92, 110, 358]
[0.8260869565217391, 0.9818181818181818, 0.952513966480447]
[0.047973231599480304, 0.01721031580616279, 0.0017588396378357975]
FScore: 0.5
[92, 110, 358]
[0.9047619047619047, 0.9908256880733944, 0.32]
[0.047973231599480304, 0.01721031580616279, 0.0017588396378357975]
Matthews: -0.8660254037844386
[92, 110, 358]
[0.0, 0.0, 0.4258274636359847]
[0.047973231599480304, 0.01721031580616279, 0.0017588396378357975]
