MultiResolutionExperiment(4, 10, MultiResolutionTransform(20, 0.25))

Analysis for appendicitis (100)
Precision: -0.8944271909999159
[1, 76, 18, 5]
[0.0, 1.0, 0.0, 1.0]
[0.3819486082859578, 0.004630793962156665, 0.16211836535986437, 0.09561220137087964]
Recall: -0.9486832980505139
[1, 76, 18, 5]
[0.0, 0.9868421052631579, 0.0, 0.25]
[0.3819486082859578, 0.004630793962156665, 0.16211836535986437, 0.09561220137087964]
Accuracy: -0.8
[1, 76, 18, 5]
[0.0, 0.9868421052631579, 0.5, 0.4]
[0.3819486082859578, 0.004630793962156665, 0.16211836535986437, 0.09561220137087964]
FScore: -0.9486832980505139
[1, 76, 18, 5]
[0.0, 0.9933774834437086, 0.0, 0.4]
[0.3819486082859578, 0.004630793962156665, 0.16211836535986437, 0.09561220137087964]
Matthews: -0.25819888974716104
[1, 76, 18, 5]
[0.0, 0.0, 0.0, 0.25]
[0.3819486082859578, 0.004630793962156665, 0.16211836535986437, 0.09561220137087964]

Analysis for banana (5300)
Precision: -0.8
[2861, 569, 788, 1082]
[1.0, 0.024390243902439025, 0.9906015037593985, 0.9485714285714286]
[0.036129106619423805, 0.3334885696845354, 0.15980402665972848, 0.10825155888959498]
Recall: -1.0
[2861, 569, 788, 1082]
[0.9994962216624685, 0.10666666666666667, 0.7560975609756098, 0.9940119760479041]
[0.036129106619423805, 0.3334885696845354, 0.15980402665972848, 0.10825155888959498]
Accuracy: -1.0
[2861, 569, 788, 1082]
[0.999650471862985, 0.31985940246045697, 0.7779187817258884, 0.9907578558225508]
[0.036129106619423805, 0.3334885696845354, 0.15980402665972848, 0.10825155888959498]
FScore: -1.0
[2861, 569, 788, 1082]
[0.999748047367095, 0.03970223325062035, 0.8576078112286412, 0.9707602339181287]
[0.036129106619423805, 0.3334885696845354, 0.15980402665972848, 0.10825155888959498]
Matthews: -1.0
[2861, 569, 788, 1082]
[0.9991779347248219, -0.3704516251513426, 0.4784910038889164, 0.9656480001311754]
[0.036129106619423805, 0.3334885696845354, 0.15980402665972848, 0.10825155888959498]

Analysis for breast-cancer-original (650)
Precision: -0.7745966692414834
[415, 16, 60, 159]
[1.0, 0.0, 1.0, 1.0]
[0.0011593027503143361, 0.17862528249154713, 0.08093947841911356, 0.025799008710299057]
Recall: -1.0
[415, 16, 60, 159]
[0.9879518072289156, 0.0, 0.3333333333333333, 0.5]
[0.0011593027503143361, 0.17862528249154713, 0.08093947841911356, 0.025799008710299057]
Accuracy: -0.8
[415, 16, 60, 159]
[0.9879518072289156, 0.625, 0.9333333333333333, 0.9937106918238994]
[0.0011593027503143361, 0.17862528249154713, 0.08093947841911356, 0.025799008710299057]
FScore: -1.0
[415, 16, 60, 159]
[0.993939393939394, 0.0, 0.5, 0.6666666666666666]
[0.0011593027503143361, 0.17862528249154713, 0.08093947841911356, 0.025799008710299057]
Matthews: -0.1054092553389458
[415, 16, 60, 159]
[0.0, 0.0, 0.5570860145311556, 0.7048655496177798]
[0.0011593027503143361, 0.17862528249154713, 0.08093947841911356, 0.025799008710299057]

Analysis for mammographic-masses (960)
Precision: -1.0
[132, 125, 199, 504]
[0.42105263157894735, 0.2463768115942029, 0.8148148148148148, 0.9968847352024922]
[0.1921213860758763, 0.32541344158326585, 0.10691517293345734, 0.039316899262814474]
Recall: -1.0
[132, 125, 199, 504]
[0.6956521739130435, 0.25, 0.8354430379746836, 0.9937888198757764]
[0.1921213860758763, 0.32541344158326585, 0.10691517293345734, 0.039316899262814474]
Accuracy: -1.0
[132, 125, 199, 504]
[0.5606060606060606, 0.176, 0.8592964824120602, 0.9940476190476191]
[0.1921213860758763, 0.32541344158326585, 0.10691517293345734, 0.039316899262814474]
FScore: -1.0
[132, 125, 199, 504]
[0.5245901639344263, 0.24817518248175185, 0.825, 0.9953343701399688]
[0.1921213860758763, 0.32541344158326585, 0.10691517293345734, 0.039316899262814474]
Matthews: -1.0
[132, 125, 199, 504]
[0.17741994006830425, -0.663308290738164, 0.7075382421978109, 0.9871243514045414]
[0.1921213860758763, 0.32541344158326585, 0.10691517293345734, 0.039316899262814474]

Analysis for phoneme (5400)
Precision: 0.9486832980505138
[842, 725, 2962, 871]
[0.0, 0.9922839506172839, 0.0, 0.9961759082217974]
[0.12024783223205447, 0.1616134112253125, 0.012593153315315422, 0.30007905817596014]
Recall: 0.7378647873726218
[842, 725, 2962, 871]
[0.0, 0.8980446927374302, 0.0, 0.5995397008055235]
[0.12024783223205447, 0.1616134112253125, 0.012593153315315422, 0.30007905817596014]
Accuracy: -0.8
[842, 725, 2962, 871]
[0.6140142517814727, 0.8924137931034483, 0.9804186360567184, 0.5981630309988519]
[0.12024783223205447, 0.1616134112253125, 0.012593153315315422, 0.30007905817596014]
FScore: 0.7378647873726218
[842, 725, 2962, 871]
[0.0, 0.9428152492668621, 0.0, 0.7485632183908046]
[0.12024783223205447, 0.1616134112253125, 0.012593153315315422, 0.30007905817596014]
Matthews: -0.31622776601683794
[842, 725, 2962, 871]
[0.0, 0.12308119431671258, 0.0, -0.03913306706158082]
[0.12024783223205447, 0.1616134112253125, 0.012593153315315422, 0.30007905817596014]

Analysis for pima (700)
Precision: -0.9486832980505138
[113, 142, 135, 310]
[0.038461538461538464, 0.0, 1.0, 1.0]
[0.09875613680672891, 0.21351691977880605, 0.09152200399414863, 0.022508243412415377]
Recall: -1.0
[113, 142, 135, 310]
[0.16666666666666666, 0.0, 0.5746268656716418, 0.9415584415584416]
[0.09875613680672891, 0.21351691977880605, 0.09152200399414863, 0.022508243412415377]
Accuracy: -0.8
[113, 142, 135, 310]
[0.7345132743362832, 0.34507042253521125, 0.5777777777777777, 0.9419354838709677]
[0.09875613680672891, 0.21351691977880605, 0.09152200399414863, 0.022508243412415377]
FScore: -1.0
[113, 142, 135, 310]
[0.0625, 0.0, 0.7298578199052133, 0.9698996655518395]
[0.09875613680672891, 0.21351691977880605, 0.09152200399414863, 0.022508243412415377]
Matthews: -1.0
[113, 142, 135, 310]
[-0.035682447973914545, -0.15965649400644927, 0.09953572098980014, 0.3068482428756016]
[0.09875613680672891, 0.21351691977880605, 0.09152200399414863, 0.022508243412415377]

Analysis for ring (7400)
Precision: -0.6000000000000001
[709, 965, 3923, 1803]
[0.0, 0.9584352078239609, 0.9600420609884333, 1.0]
[0.10456872586018796, 0.23188347599162046, 0.023995538337727475, 0.06491388287829693]
Recall: -0.8
[709, 965, 3923, 1803]
[0.0, 0.41350210970464135, 1.0, 0.968940654464781]
[0.10456872586018796, 0.23188347599162046, 0.023995538337727475, 0.06491388287829693]
Accuracy: -1.0
[709, 965, 3923, 1803]
[0.6191819464033851, 0.40621761658031086, 0.9903135355595207, 0.968940654464781]
[0.10456872586018796, 0.23188347599162046, 0.023995538337727475, 0.06491388287829693]
FScore: -0.6000000000000001
[709, 965, 3923, 1803]
[0.0, 0.5777450257921887, 0.9796137339055794, 0.984225352112676]
[0.10456872586018796, 0.23188347599162046, 0.023995538337727475, 0.06491388287829693]
Matthews: -0.9486832980505139
[709, 965, 3923, 1803]
[0.0, -0.1561334779021206, 0.9736128227673554, 0.0]
[0.10456872586018796, 0.23188347599162046, 0.023995538337727475, 0.06491388287829693]

Analysis for spambase (4550)
Precision: -1.0
[335, 904, 530, 2781]
[0.11494252873563218, 0.9195402298850575, 0.5668789808917197, 0.9990534784666352]
[0.28520782293439034, 0.06620419710095318, 0.1491880530096644, 0.015661720675401638]
Recall: -1.0
[335, 904, 530, 2781]
[0.2127659574468085, 0.835509138381201, 0.5855263157894737, 0.99061473486626]
[0.28520782293439034, 0.06620419710095318, 0.1491880530096644, 0.015661720675401638]
Accuracy: -1.0
[335, 904, 530, 2781]
[0.3194029850746269, 0.8993362831858407, 0.7528301886792453, 0.992089176555196]
[0.28520782293439034, 0.06620419710095318, 0.1491880530096644, 0.015661720675401638]
FScore: -1.0
[335, 904, 530, 2781]
[0.1492537313432836, 0.8755129958960328, 0.5760517799352751, 0.9948162111215834]
[0.28520782293439034, 0.06620419710095318, 0.1491880530096644, 0.015661720675401638]
Matthews: -1.0
[335, 904, 530, 2781]
[-0.3832986122239142, 0.7939043765039699, 0.40178693086616807, 0.9782822116508569]
[0.28520782293439034, 0.06620419710095318, 0.1491880530096644, 0.015661720675401638]

Analysis for twonorm (7400)
Precision: -0.9486832980505138
[216, 3935, 804, 2445]
[0.23636363636363636, 1.0, 0.9882903981264637, 1.0]
[0.19686853354928874, 0.005823342185502375, 0.07868762693463134, 0.025269648783602706]
Recall: -0.9486832980505138
[216, 3935, 804, 2445]
[0.2765957446808511, 1.0, 0.9906103286384976, 1.0]
[0.19686853354928874, 0.005823342185502375, 0.07868762693463134, 0.025269648783602706]
Accuracy: -0.9486832980505138
[216, 3935, 804, 2445]
[0.2962962962962963, 1.0, 0.9888059701492538, 1.0]
[0.19686853354928874, 0.005823342185502375, 0.07868762693463134, 0.025269648783602706]
FScore: -0.9486832980505138
[216, 3935, 804, 2445]
[0.25490196078431376, 1.0, 0.9894490035169987, 1.0]
[0.19686853354928874, 0.005823342185502375, 0.07868762693463134, 0.025269648783602706]
Matthews: -0.9486832980505138
[216, 3935, 804, 2445]
[-0.4085232437170812, 1.0, 0.9775315556631174, 1.0]
[0.19686853354928874, 0.005823342185502375, 0.07868762693463134, 0.025269648783602706]

Analysis for wdbc (560)
Precision: 0.7745966692414834
[71, 67, 65, 357]
[1.0, 1.0, 1.0, 0.15]
[0.05256358000729484, 0.026863708185407672, 0.012409720636209178, 0.0016998431433739951]
Recall: -1.0
[71, 67, 65, 357]
[0.8028169014084507, 0.9552238805970149, 0.9846153846153847, 1.0]
[0.05256358000729484, 0.026863708185407672, 0.012409720636209178, 0.0016998431433739951]
Accuracy: -0.39999999999999997
[71, 67, 65, 357]
[0.8028169014084507, 0.9552238805970149, 0.9846153846153847, 0.9523809523809523]
[0.05256358000729484, 0.026863708185407672, 0.012409720636209178, 0.0016998431433739951]
FScore: 0.2000000000000001
[71, 67, 65, 357]
[0.890625, 0.9770992366412213, 0.9922480620155039, 0.2608695652173913]
[0.05256358000729484, 0.026863708185407672, 0.012409720636209178, 0.0016998431433739951]
Matthews: -0.7745966692414834
[71, 67, 65, 357]
[0.0, 0.0, 0.0, 0.3778843873058155]
[0.05256358000729484, 0.026863708185407672, 0.012409720636209178, 0.0016998431433739951]
