MultiResolutionExperiment(3, 10, MultiResolutionTransform(40, 0.25))

Analysis for appendicitis (100)
Precision: -0.8660254037844386
[19, 76, 5]
[0.0, 1.0, 1.0]
[0.16134471147465174, 0.004325896242103125, 0.08765836822800835]
Recall: -1.0
[19, 76, 5]
[0.0, 0.9868421052631579, 0.25]
[0.16134471147465174, 0.004325896242103125, 0.08765836822800835]
Accuracy: -0.5
[19, 76, 5]
[0.47368421052631576, 0.9868421052631579, 0.4]
[0.16134471147465174, 0.004325896242103125, 0.08765836822800835]
FScore: -1.0
[19, 76, 5]
[0.0, 0.9933774834437086, 0.4]
[0.16134471147465174, 0.004325896242103125, 0.08765836822800835]
Matthews: 0.0
[19, 76, 5]
[0.0, 0.0, 0.25]
[0.16134471147465174, 0.004325896242103125, 0.08765836822800835]

Analysis for banana (5300)
Precision: -1.0
[1796, 2864, 640]
[0.981159420289855, 1.0, 0.038922155688622756]
[0.1169796047500834, 0.03373843367548912, 0.3087155401434592]
Recall: -1.0
[1796, 2864, 640]
[0.8547979797979798, 0.9945164506480558, 0.10317460317460317]
[0.1169796047500834, 0.03373843367548912, 0.3087155401434592]
Accuracy: -1.0
[1796, 2864, 640]
[0.9287305122494433, 0.9961592178770949, 0.321875]
[0.1169796047500834, 0.03373843367548912, 0.3087155401434592]
FScore: -1.0
[1796, 2864, 640]
[0.913630229419703, 0.997250687328168, 0.056521739130434775]
[0.1169796047500834, 0.03373843367548912, 0.3087155401434592]
Matthews: -1.0
[1796, 2864, 640]
[0.8593338853531756, 0.9909226179763321, -0.4150047933553647]
[0.1169796047500834, 0.03373843367548912, 0.3087155401434592]

Analysis for breast-cancer-original (650)
Precision: NaN
[416, 53, 181]
[1.0, 1.0, 1.0]
[0.0010471142104089175, 0.11182675588549408, 0.02612932021211496]
Recall: -1.0
[416, 53, 181]
[0.9903381642512077, 0.09090909090909091, 0.5]
[0.0010471142104089175, 0.11182675588549408, 0.02612932021211496]
Accuracy: -1.0
[416, 53, 181]
[0.9903846153846154, 0.8113207547169812, 0.988950276243094]
[0.0010471142104089175, 0.11182675588549408, 0.02612932021211496]
FScore: -1.0
[416, 53, 181]
[0.9951456310679612, 0.16666666666666669, 0.6666666666666666]
[0.0010471142104089175, 0.11182675588549408, 0.02612932021211496]
Matthews: -0.5
[416, 53, 181]
[0.5745543676773063, 0.2709733813985673, 0.7031453674889916]
[0.0010471142104089175, 0.11182675588549408, 0.02612932021211496]

Analysis for mammographic-masses (960)
Precision: -1.0
[133, 525, 302]
[0.23076923076923078, 0.9969604863221885, 0.6357142857142857]
[0.30867958082081237, 0.037922800339807945, 0.13521355211129915]
Recall: -1.0
[133, 525, 302]
[0.2571428571428571, 0.9939393939393939, 0.7739130434782608]
[0.30867958082081237, 0.037922800339807945, 0.13521355211129915]
Accuracy: -1.0
[133, 525, 302]
[0.15789473684210525, 0.9942857142857143, 0.7450331125827815]
[0.30867958082081237, 0.037922800339807945, 0.13521355211129915]
FScore: -1.0
[133, 525, 302]
[0.24324324324324323, 0.9954476479514416, 0.6980392156862745]
[0.30867958082081237, 0.037922800339807945, 0.13521355211129915]
Matthews: -1.0
[133, 525, 302]
[-0.7048946423944906, 0.9877832624559468, 0.48803046195593175]
[0.30867958082081237, 0.037922800339807945, 0.13521355211129915]

Analysis for phoneme (5400)
Precision: 1.0
[1101, 3169, 1130]
[0.5980113636363636, 0.0, 0.9986559139784946]
[0.12632256526532298, 0.016014400305331168, 0.26321104171493964]
Recall: 0.5
[1101, 3169, 1130]
[0.9232456140350878, 0.0, 0.6581045172719221]
[0.12632256526532298, 0.016014400305331168, 0.26321104171493964]
Accuracy: -1.0
[1101, 3169, 1130]
[0.7111716621253406, 0.966550962448722, 0.6575221238938053]
[0.12632256526532298, 0.016014400305331168, 0.26321104171493964]
FScore: 1.0
[1101, 3169, 1130]
[0.7258620689655172, 0.0, 0.7933796049119061]
[0.12632256526532298, 0.016014400305331168, 0.26321104171493964]
Matthews: -0.5
[1101, 3169, 1130]
[0.49700626082073085, 0.0, -0.021436812709697363]
[0.12632256526532298, 0.016014400305331168, 0.26321104171493964]

Analysis for pima (700)
Precision: -1.0
[181, 159, 360]
[0.7222222222222222, 0.0, 1.0]
[0.09096888951578198, 0.19125331454976577, 0.02695944858790042]
Recall: -1.0
[181, 159, 360]
[0.43820224719101125, 0.0, 0.9164345403899722]
[0.09096888951578198, 0.19125331454976577, 0.02695944858790042]
Accuracy: -1.0
[181, 159, 360]
[0.6408839779005525, 0.3522012578616352, 0.9166666666666666]
[0.09096888951578198, 0.19125331454976577, 0.02695944858790042]
FScore: -1.0
[181, 159, 360]
[0.5454545454545454, 0.0, 0.9563953488372093]
[0.09096888951578198, 0.19125331454976577, 0.02695944858790042]
Matthews: -0.5
[181, 159, 360]
[0.3006585331774455, -0.148940175667815, 0.17193721100654383]
[0.09096888951578198, 0.19125331454976577, 0.02695944858790042]

Analysis for ring (7400)
Precision: 0.5
[963, 4551, 1886]
[0.8926829268292683, 0.8569009314140559, 0.9372900335946248]
[0.2193086745587629, 0.029633896026065608, 0.06741842011869632]
Recall: -1.0
[963, 4551, 1886]
[0.39956331877729256, 1.0, 0.9642857142857143]
[0.2193086745587629, 0.029633896026065608, 0.06741842011869632]
Accuracy: -1.0
[963, 4551, 1886]
[0.38317757009345793, 0.962865304328719, 0.9077412513255567]
[0.2193086745587629, 0.029633896026065608, 0.06741842011869632]
FScore: -0.5
[963, 4551, 1886]
[0.5520361990950227, 0.9229366165070679, 0.9505962521294719]
[0.2193086745587629, 0.029633896026065608, 0.06741842011869632]
Matthews: -1.0
[963, 4551, 1886]
[-0.23382902549750595, 0.9033165695210211, 0.2627705366472388]
[0.2193086745587629, 0.029633896026065608, 0.06741842011869632]

Analysis for spambase (4550)
Precision: -1.0
[500, 913, 3137]
[0.19298245614035087, 0.7793594306049823, 0.9973718791064389]
[0.23875387276466994, 0.09215761809001936, 0.01792750444669949]
Recall: -1.0
[500, 913, 3137]
[0.30344827586206896, 0.7227722772277227, 0.9848615916955017]
[0.23875387276466994, 0.09215761809001936, 0.01792750444669949]
Accuracy: -1.0
[500, 913, 3137]
[0.43, 0.8400876232201533, 0.9869301880777813]
[0.23875387276466994, 0.09215761809001936, 0.01792750444669949]
FScore: -1.0
[500, 913, 3137]
[0.2359249329758713, 0.75, 0.9910772578890098]
[0.23875387276466994, 0.09215761809001936, 0.01792750444669949]
Matthews: -1.0
[500, 913, 3137]
[-0.19575148880466794, 0.6336640797590333, 0.9669304656015841]
[0.23875387276466994, 0.09215761809001936, 0.01792750444669949]

Analysis for twonorm (7400)
Precision: -0.8660254037844386
[1989, 5007, 404]
[1.0, 1.0, 0.5781990521327014]
[0.039183411226651275, 0.007104007510611036, 0.14883343904319166]
Recall: -0.8660254037844386
[1989, 5007, 404]
[1.0, 1.0, 0.6288659793814433]
[0.039183411226651275, 0.007104007510611036, 0.14883343904319166]
Accuracy: -0.8660254037844386
[1989, 5007, 404]
[1.0, 1.0, 0.6014851485148515]
[0.039183411226651275, 0.007104007510611036, 0.14883343904319166]
FScore: -0.8660254037844386
[1989, 5007, 404]
[1.0, 1.0, 0.6024691358024691]
[0.039183411226651275, 0.007104007510611036, 0.14883343904319166]
Matthews: -0.8660254037844386
[1989, 5007, 404]
[1.0, 1.0, 0.20509925197706197]
[0.039183411226651275, 0.007104007510611036, 0.14883343904319166]

Analysis for wdbc (560)
Precision: 0.8660254037844386
[87, 114, 359]
[1.0, 1.0, 0.22727272727272727]
[0.04229621119712826, 0.014526582683306576, 0.0014119155335338832]
Recall: -1.0
[87, 114, 359]
[0.8275862068965517, 0.9736842105263158, 1.0]
[0.04229621119712826, 0.014526582683306576, 0.0014119155335338832]
Accuracy: -0.5
[87, 114, 359]
[0.8275862068965517, 0.9736842105263158, 0.9526462395543176]
[0.04229621119712826, 0.014526582683306576, 0.0014119155335338832]
FScore: 0.5
[87, 114, 359]
[0.9056603773584906, 0.9866666666666666, 0.37037037037037035]
[0.04229621119712826, 0.014526582683306576, 0.0014119155335338832]
Matthews: -0.8660254037844386
[87, 114, 359]
[0.0, 0.0, 0.4651435265128446]
[0.04229621119712826, 0.014526582683306576, 0.0014119155335338832]
