MultiResolutionExperiment(4, 10, MultiResolutionTransform(40, 0.30))

Analysis for appendicitis (100)
Precision: -0.8944271909999159
[1, 76, 18, 5]
[0.0, 1.0, 0.0, 1.0]
[0.35581094242842015, 0.004694435956672614, 0.16484098993923177, 0.09101880442941769]
Recall: -0.9486832980505139
[1, 76, 18, 5]
[0.0, 0.9868421052631579, 0.0, 0.25]
[0.35581094242842015, 0.004694435956672614, 0.16484098993923177, 0.09101880442941769]
Accuracy: -0.8
[1, 76, 18, 5]
[0.0, 0.9868421052631579, 0.5, 0.4]
[0.35581094242842015, 0.004694435956672614, 0.16484098993923177, 0.09101880442941769]
FScore: -0.9486832980505139
[1, 76, 18, 5]
[0.0, 0.9933774834437086, 0.0, 0.4]
[0.35581094242842015, 0.004694435956672614, 0.16484098993923177, 0.09101880442941769]
Matthews: -0.25819888974716104
[1, 76, 18, 5]
[0.0, 0.0, 0.0, 0.25]
[0.35581094242842015, 0.004694435956672614, 0.16484098993923177, 0.09101880442941769]

Analysis for banana (5300)
Precision: -0.8
[2866, 571, 779, 1084]
[1.0, 0.02147239263803681, 0.9888059701492538, 0.949438202247191]
[0.0405022234520262, 0.3201839219267901, 0.15401056936776272, 0.11322980957909097]
Recall: -1.0
[2866, 571, 779, 1084]
[0.9984863773965691, 0.1, 0.7560627674750356, 0.9883040935672515]
[0.0405022234520262, 0.3201839219267901, 0.15401056936776272, 0.11322980957909097]
Accuracy: -1.0
[2866, 571, 779, 1084]
[0.9989532449406838, 0.3309982486865149, 0.772785622593068, 0.9898523985239852]
[0.0405022234520262, 0.3201839219267901, 0.15401056936776272, 0.11322980957909097]
FScore: -1.0
[2866, 571, 779, 1084]
[0.999242615501136, 0.03535353535353535, 0.856911883589329, 0.9684813753581663]
[0.0405022234520262, 0.3201839219267901, 0.15401056936776272, 0.11322980957909097]
Matthews: -1.0
[2866, 571, 779, 1084]
[0.9975516576116729, -0.35565516251201734, 0.4400275730104796, 0.9627120764762837]
[0.0405022234520262, 0.3201839219267901, 0.15401056936776272, 0.11322980957909097]

Analysis for breast-cancer-original (650)
Precision: NaN
[415, 121, 32, 82]
[1.0, 1.0, 1.0, 1.0]
[0.0010887539474517258, 0.019924669247747957, 0.14231603607259202, 0.0522848553685392]
Recall: -0.4
[415, 121, 32, 82]
[0.9879518072289156, 0.5, 0.09090909090909091, 1.0]
[0.0010887539474517258, 0.019924669247747957, 0.14231603607259202, 0.0522848553685392]
Accuracy: -0.2000000000000001
[415, 121, 32, 82]
[0.9879518072289156, 0.9917355371900827, 0.6875, 1.0]
[0.0010887539474517258, 0.019924669247747957, 0.14231603607259202, 0.0522848553685392]
FScore: -0.4
[415, 121, 32, 82]
[0.993939393939394, 0.6666666666666666, 0.16666666666666669, 1.0]
[0.0010887539474517258, 0.019924669247747957, 0.14231603607259202, 0.0522848553685392]
Matthews: 0.4
[415, 121, 32, 82]
[0.0, 0.7041543391425868, 0.24816038707378335, 1.0]
[0.0010887539474517258, 0.019924669247747957, 0.14231603607259202, 0.0522848553685392]

Analysis for mammographic-masses (960)
Precision: -1.0
[129, 129, 204, 498]
[0.3972602739726027, 0.25, 0.8375, 0.9968944099378882]
[0.18455482078474333, 0.31165894584968085, 0.1026684719611708, 0.03934027962173806]
Recall: -1.0
[129, 129, 204, 498]
[0.6904761904761905, 0.2608695652173913, 0.8271604938271605, 0.9938080495356038]
[0.18455482078474333, 0.31165894584968085, 0.1026684719611708, 0.03934027962173806]
Accuracy: -1.0
[129, 129, 204, 498]
[0.5581395348837209, 0.18604651162790697, 0.8676470588235294, 0.9939759036144579]
[0.18455482078474333, 0.31165894584968085, 0.1026684719611708, 0.03934027962173806]
FScore: -1.0
[129, 129, 204, 498]
[0.5043478260869564, 0.2553191489361702, 0.8322981366459627, 0.9953488372093025]
[0.18455482078474333, 0.31165894584968085, 0.1026684719611708, 0.03934027962173806]
Matthews: -1.0
[129, 129, 204, 498]
[0.17464817739548227, -0.6419275178827458, 0.7230314147179207, 0.9868114366092022]
[0.18455482078474333, 0.31165894584968085, 0.1026684719611708, 0.03934027962173806]

Analysis for phoneme (5400)
Precision: 0.9486832980505138
[841, 752, 2971, 836]
[0.0, 0.9984984984984985, 0.0, 1.0]
[0.11688919422432653, 0.16146536402575049, 0.0126597252444225, 0.29237650075111465]
Recall: 0.7378647873726218
[841, 752, 2971, 836]
[0.0, 0.8878504672897196, 0.0, 0.59688995215311]
[0.11688919422432653, 0.16146536402575049, 0.0126597252444225, 0.29237650075111465]
Accuracy: -0.8
[841, 752, 2971, 836]
[0.6064209274673008, 0.886968085106383, 0.980477953550993, 0.59688995215311]
[0.11688919422432653, 0.16146536402575049, 0.0126597252444225, 0.29237650075111465]
FScore: 0.7378647873726218
[841, 752, 2971, 836]
[0.0, 0.939929328621908, 0.0, 0.747565543071161]
[0.11688919422432653, 0.16146536402575049, 0.0126597252444225, 0.29237650075111465]
Matthews: 0.2581988897471614
[841, 752, 2971, 836]
[0.0, 0.10983232216459546, 0.0, 0.0]
[0.11688919422432653, 0.16146536402575049, 0.0126597252444225, 0.29237650075111465]

Analysis for pima (700)
Precision: -0.9486832980505138
[132, 141, 114, 313]
[1.0, 0.0, 0.038461538461538464, 1.0]
[0.08900403011167232, 0.20794313031555356, 0.09750425053096866, 0.02278722117689155]
Recall: -1.0
[132, 141, 114, 313]
[0.5725190839694656, 0.0, 0.16666666666666666, 0.9389067524115756]
[0.08900403011167232, 0.20794313031555356, 0.09750425053096866, 0.02278722117689155]
Accuracy: -0.8
[132, 141, 114, 313]
[0.5757575757575758, 0.3404255319148936, 0.7368421052631579, 0.939297124600639]
[0.08900403011167232, 0.20794313031555356, 0.09750425053096866, 0.02278722117689155]
FScore: -1.0
[132, 141, 114, 313]
[0.7281553398058253, 0.0, 0.0625, 0.9684908789386402]
[0.08900403011167232, 0.20794313031555356, 0.09750425053096866, 0.02278722117689155]
Matthews: -1.0
[132, 141, 114, 313]
[0.10022072867228944, -0.16182413404592105, -0.03449322309936315, 0.2990312537275399]
[0.08900403011167232, 0.20794313031555356, 0.09750425053096866, 0.02278722117689155]

Analysis for ring (7400)
Precision: 0.0
[678, 988, 3888, 1846]
[0.0, 0.969626168224299, 0.9503945885005637, 1.0]
[0.10270928308644005, 0.22284585052100417, 0.02408791205148233, 0.06154090244498534]
Recall: -0.8
[678, 988, 3888, 1846]
[0.0, 0.4256410256410256, 1.0, 0.971830985915493]
[0.10270928308644005, 0.22284585052100417, 0.02408791205148233, 0.06154090244498534]
Accuracy: -1.0
[678, 988, 3888, 1846]
[0.6047197640117994, 0.4200404858299595, 0.9886831275720165, 0.971830985915493]
[0.10270928308644005, 0.22284585052100417, 0.02408791205148233, 0.06154090244498534]
FScore: -0.6000000000000001
[678, 988, 3888, 1846]
[0.0, 0.5915894511760513, 0.9745664739884393, 0.9857142857142858]
[0.10270928308644005, 0.22284585052100417, 0.02408791205148233, 0.06154090244498534]
Matthews: -0.9486832980505139
[678, 988, 3888, 1846]
[0.0, -0.13208134942543406, 0.967812721928082, 0.0]
[0.10270928308644005, 0.22284585052100417, 0.02408791205148233, 0.06154090244498534]

Analysis for spambase (4550)
Precision: -1.0
[340, 982, 572, 2656]
[0.10919540229885058, 0.9256410256410257, 0.5864197530864198, 0.9995159728944821]
[0.2767148564950085, 0.060791205455206526, 0.14263837283863878, 0.015021330320686968]
Recall: -1.0
[340, 982, 572, 2656]
[0.20652173913043478, 0.8595238095238096, 0.5828220858895705, 0.9904076738609112]
[0.2767148564950085, 0.060791205455206526, 0.14263837283863878, 0.015021330320686968]
Accuracy: -1.0
[340, 982, 572, 2656]
[0.32941176470588235, 0.9103869653767821, 0.763986013986014, 0.9920933734939759]
[0.2767148564950085, 0.060791205455206526, 0.14263837283863878, 0.015021330320686968]
FScore: -1.0
[340, 982, 572, 2656]
[0.14285714285714285, 0.891358024691358, 0.5846153846153845, 0.9949409780775718]
[0.2767148564950085, 0.060791205455206526, 0.14263837283863878, 0.015021330320686968]
Matthews: -1.0
[340, 982, 572, 2656]
[-0.37193237906706095, 0.8169007370527743, 0.4197862767822874, 0.9770691116657714]
[0.2767148564950085, 0.060791205455206526, 0.14263837283863878, 0.015021330320686968]

Analysis for twonorm (7400)
Precision: -0.7745966692414834
[297, 3511, 1013, 2579]
[0.4144736842105263, 1.0, 1.0, 1.0]
[0.17111581401803544, 0.005598252403643547, 0.06391776471772408, 0.021516198777814282]
Recall: -0.7745966692414834
[297, 3511, 1013, 2579]
[0.4666666666666667, 1.0, 1.0, 1.0]
[0.17111581401803544, 0.005598252403643547, 0.06391776471772408, 0.021516198777814282]
Accuracy: -0.7745966692414834
[297, 3511, 1013, 2579]
[0.45791245791245794, 1.0, 1.0, 1.0]
[0.17111581401803544, 0.005598252403643547, 0.06391776471772408, 0.021516198777814282]
FScore: -0.7745966692414834
[297, 3511, 1013, 2579]
[0.4390243902439025, 1.0, 1.0, 1.0]
[0.17111581401803544, 0.005598252403643547, 0.06391776471772408, 0.021516198777814282]
Matthews: -0.7745966692414834
[297, 3511, 1013, 2579]
[-0.0823964271304997, 1.0, 1.0, 1.0]
[0.17111581401803544, 0.005598252403643547, 0.06391776471772408, 0.021516198777814282]

Analysis for wdbc (560)
Precision: 0.7745966692414834
[56, 83, 64, 357]
[1.0, 1.0, 1.0, 0.15]
[0.05428474625187322, 0.026763103268386868, 0.010816431457234682, 0.001643154260610945]
Recall: -1.0
[56, 83, 64, 357]
[0.8035714285714286, 0.927710843373494, 0.984375, 1.0]
[0.05428474625187322, 0.026763103268386868, 0.010816431457234682, 0.001643154260610945]
Accuracy: -0.8
[56, 83, 64, 357]
[0.8035714285714286, 0.927710843373494, 0.984375, 0.9523809523809523]
[0.05428474625187322, 0.026763103268386868, 0.010816431457234682, 0.001643154260610945]
FScore: 0.2000000000000001
[56, 83, 64, 357]
[0.8910891089108911, 0.9625, 0.9921259842519685, 0.2608695652173913]
[0.05428474625187322, 0.026763103268386868, 0.010816431457234682, 0.001643154260610945]
Matthews: -0.7745966692414834
[56, 83, 64, 357]
[0.0, 0.0, 0.0, 0.3778843873058155]
[0.05428474625187322, 0.026763103268386868, 0.010816431457234682, 0.001643154260610945]
