MultiResolutionExperiment(5, 10, MultiResolutionTransform(50, 0.30))

Analysis for appendicitis (100)
Precision: -0.288675134594813
[1, 0, 76, 18, 5]
[0.0, 0.0, 1.0, 0.0, 1.0]
[0.3573639896092229, 0.0, 0.004599155429067147, 0.16275479033802698, 0.08888451268199615]
Recall: -0.33541019662496846
[1, 0, 76, 18, 5]
[0.0, 0.0, 0.9868421052631579, 0.0, 0.25]
[0.3573639896092229, 0.0, 0.004599155429067147, 0.16275479033802698, 0.08888451268199615]
Accuracy: -0.10259783520851513
[1, 0, 76, 18, 5]
[0.0, 0.0, 0.9868421052631579, 0.5, 0.4]
[0.3573639896092229, 0.0, 0.004599155429067147, 0.16275479033802698, 0.08888451268199615]
FScore: -0.33541019662496846
[1, 0, 76, 18, 5]
[0.0, 0.0, 0.9933774834437086, 0.0, 0.4]
[0.3573639896092229, 0.0, 0.004599155429067147, 0.16275479033802698, 0.08888451268199615]
Matthews: 0.0
[1, 0, 76, 18, 5]
[0.0, 0.0, 0.0, 0.0, 0.25]
[0.3573639896092229, 0.0, 0.004599155429067147, 0.16275479033802698, 0.08888451268199615]

Analysis for banana (5300)
Precision: -0.9
[985, 719, 419, 2675, 502]
[0.9606741573033708, 0.9982905982905983, 0.0, 1.0, 0.7314814814814815]
[0.0973169073861802, 0.12797604251613226, 0.34286789059449313, 0.03692821291655039, 0.20816841272732173]
Recall: -1.0
[985, 719, 419, 2675, 502]
[0.9941860465116279, 0.8439306358381503, 0.0, 0.9994600431965442, 0.46745562130177515]
[0.0973169073861802, 0.12797604251613226, 0.34286789059449313, 0.03692821291655039, 0.20816841272732173]
Accuracy: -1.0
[985, 719, 419, 2675, 502]
[0.9918781725888325, 0.8484005563282336, 0.19809069212410502, 0.9996261682242991, 0.7629482071713147]
[0.0973169073861802, 0.12797604251613226, 0.34286789059449313, 0.03692821291655039, 0.20816841272732173]
FScore: -1.0
[985, 719, 419, 2675, 502]
[0.9771428571428572, 0.9146436961628817, 0.0, 0.9997299486902512, 0.5703971119133574]
[0.0973169073861802, 0.12797604251613226, 0.34286789059449313, 0.03692821291655039, 0.20816841272732173]
Matthews: -0.9
[985, 719, 419, 2675, 502]
[0.9724176425323087, 0.3939316428600318, -0.49984898495977254, 0.9991231687089022, 0.4374315095154959]
[0.0973169073861802, 0.12797604251613226, 0.34286789059449313, 0.03692821291655039, 0.20816841272732173]

Analysis for breast-cancer-original (650)
Precision: -0.0
[415, 117, 12, 82, 24]
[1.0, 0.0, 1.0, 1.0, 0.0]
[0.0010908312478591768, 0.0186370562534734, 0.13718596347759762, 0.04966744408325261, 0.1296239712538979]
Recall: -0.2051956704170307
[415, 117, 12, 82, 24]
[0.9879518072289156, 0.0, 0.08333333333333333, 1.0, 0.0]
[0.0010908312478591768, 0.0186370562534734, 0.13718596347759762, 0.04966744408325261, 0.1296239712538979]
Accuracy: -0.22360679774997896
[415, 117, 12, 82, 24]
[0.9879518072289156, 1.0, 0.08333333333333333, 1.0, 1.0]
[0.0010908312478591768, 0.0186370562534734, 0.13718596347759762, 0.04966744408325261, 0.1296239712538979]
FScore: -0.2051956704170307
[415, 117, 12, 82, 24]
[0.993939393939394, 0.0, 0.15384615384615385, 1.0, 0.0]
[0.0010908312478591768, 0.0186370562534734, 0.13718596347759762, 0.04966744408325261, 0.1296239712538979]
Matthews: -0.0
[415, 117, 12, 82, 24]
[0.0, 0.0, 0.0, 1.0, 0.0]
[0.0010908312478591768, 0.0186370562534734, 0.13718596347759762, 0.04966744408325261, 0.1296239712538979]

Analysis for mammographic-masses (960)
Precision: -0.9
[102, 60, 108, 200, 490]
[0.3389830508474576, 0.10344827586206896, 0.421875, 0.8666666666666667, 1.0]
[0.17958295706189684, 0.3832875394770617, 0.22245547808438837, 0.09740937041439461, 0.03815291422975458]
Recall: -1.0
[102, 60, 108, 200, 490]
[0.8, 0.08823529411764706, 0.46551724137931033, 0.8552631578947368, 0.9937888198757764]
[0.17958295706189684, 0.3832875394770617, 0.22245547808438837, 0.09740937041439461, 0.03815291422975458]
Accuracy: -1.0
[102, 60, 108, 200, 490]
[0.5686274509803921, 0.05, 0.37037037037037035, 0.895, 0.9959183673469387]
[0.17958295706189684, 0.3832875394770617, 0.22245547808438837, 0.09740937041439461, 0.03815291422975458]
FScore: -1.0
[102, 60, 108, 200, 490]
[0.47619047619047616, 0.09523809523809523, 0.4426229508196722, 0.8609271523178809, 0.9968847352024921]
[0.17958295706189684, 0.3832875394770617, 0.22245547808438837, 0.09740937041439461, 0.03815291422975458]
Matthews: -1.0
[102, 60, 108, 200, 490]
[0.2556659237691482, -0.9041262185485703, -0.2785465242005375, 0.7766396933945434, 0.9910081668184008]
[0.17958295706189684, 0.3832875394770617, 0.22245547808438837, 0.09740937041439461, 0.03815291422975458]

Analysis for phoneme (5400)
Precision: 0.8660254037844386
[665, 988, 2162, 737, 848]
[0.0, 0.0, 0.0, 1.0, 1.0]
[0.12761696859175894, 0.04098309702584188, 0.0043478756245134845, 0.1582961386136417, 0.2880717478192908]
Recall: 0.7826237921249264
[665, 988, 2162, 737, 848]
[0.0, 0.0, 0.0, 0.8900949796472184, 0.5990566037735849]
[0.12761696859175894, 0.04098309702584188, 0.0043478756245134845, 0.1582961386136417, 0.2880717478192908]
Accuracy: -0.7000000000000001
[665, 988, 2162, 737, 848]
[0.5533834586466165, 0.9210526315789473, 0.9930619796484736, 0.8900949796472184, 0.5990566037735849]
[0.12761696859175894, 0.04098309702584188, 0.0043478756245134845, 0.1582961386136417, 0.2880717478192908]
FScore: 0.7826237921249264
[665, 988, 2162, 737, 848]
[0.0, 0.0, 0.0, 0.9418521177315147, 0.7492625368731564]
[0.12761696859175894, 0.04098309702584188, 0.0043478756245134845, 0.1582961386136417, 0.2880717478192908]
Matthews: NaN
[665, 988, 2162, 737, 848]
[0.0, 0.0, 0.0, 0.0, 0.0]
[0.12761696859175894, 0.04098309702584188, 0.0043478756245134845, 0.1582961386136417, 0.2880717478192908]

Analysis for pima (700)
Precision: -0.6708203932499369
[115, 137, 140, 234, 74]
[0.038461538461538464, 1.0, 0.0, 1.0, 1.0]
[0.09588558827266654, 0.05029992453294928, 0.2056167321084808, 0.01599468524468047, 0.1094397062684829]
Recall: -0.9
[115, 137, 140, 234, 74]
[0.125, 0.7985074626865671, 0.0, 0.9615384615384616, 0.4794520547945205]
[0.09588558827266654, 0.05029992453294928, 0.2056167321084808, 0.01599468524468047, 0.1094397062684829]
Accuracy: -1.0
[115, 137, 140, 234, 74]
[0.7217391304347827, 0.8029197080291971, 0.34285714285714286, 0.9615384615384616, 0.4864864864864865]
[0.09588558827266654, 0.05029992453294928, 0.2056167321084808, 0.01599468524468047, 0.1094397062684829]
FScore: -0.9
[115, 137, 140, 234, 74]
[0.058823529411764705, 0.8879668049792531, 0.0, 0.9803921568627451, 0.6481481481481481]
[0.09588558827266654, 0.05029992453294928, 0.2056167321084808, 0.01599468524468047, 0.1094397062684829]
Matthews: -0.5
[115, 137, 140, 234, 74]
[-0.06607914103001013, 0.2825787434833992, -0.1155886671756579, 0.0, 0.11087669922318544]
[0.09588558827266654, 0.05029992453294928, 0.2056167321084808, 0.01599468524468047, 0.1094397062684829]

Analysis for ring (7400)
Precision: -0.5
[1830, 955, 985, 301, 3329]
[1.0, 0.008771929824561403, 0.9833729216152018, 0.034653465346534656, 0.9883449883449883]
[0.059966337002676534, 0.06285641895872275, 0.21976406853869987, 0.13360659630890165, 0.018999507350667556]
Recall: -0.4472135954999579
[1830, 955, 985, 301, 3329]
[0.9737704918032787, 1.0, 0.4233128834355828, 1.0, 1.0]
[0.059966337002676534, 0.06285641895872275, 0.21976406853869987, 0.13360659630890165, 0.018999507350667556]
Accuracy: -0.9
[1830, 955, 985, 301, 3329]
[0.9737704918032787, 0.881675392670157, 0.4203045685279188, 0.3521594684385382, 0.9969960949234005]
[0.059966337002676534, 0.06285641895872275, 0.21976406853869987, 0.13360659630890165, 0.018999507350667556]
FScore: -0.6
[1830, 955, 985, 301, 3329]
[0.9867109634551495, 0.017391304347826087, 0.5918513223731237, 0.06698564593301436, 0.9941383352872216]
[0.059966337002676534, 0.06285641895872275, 0.21976406853869987, 0.13360659630890165, 0.018999507350667556]
Matthews: -0.6
[1830, 955, 985, 301, 3329]
[0.0, 0.08793694724179137, -0.09792150882528192, 0.10802325696470029, 0.9921498539071644]
[0.059966337002676534, 0.06285641895872275, 0.21976406853869987, 0.13360659630890165, 0.018999507350667556]

Analysis for spambase (4550)
Precision: -1.0
[236, 294, 2554, 505, 961]
[0.11764705882352941, 0.29896907216494845, 0.9995047052996533, 0.6766917293233082, 0.9508599508599509]
[0.30081667587151195, 0.17963173596061163, 0.013969511934173293, 0.12181101001962842, 0.052306498241984765]
Recall: -1.0
[236, 294, 2554, 505, 961]
[0.21621621621621623, 0.5087719298245614, 0.9916461916461916, 0.5521472392638037, 0.8979118329466357]
[0.30081667587151195, 0.17963173596061163, 0.013969511934173293, 0.12181101001962842, 0.052306498241984765]
Accuracy: -1.0
[236, 294, 2554, 505, 961]
[0.2457627118644068, 0.673469387755102, 0.9929522317932654, 0.7702970297029703, 0.9334027055150884]
[0.30081667587151195, 0.17963173596061163, 0.013969511934173293, 0.12181101001962842, 0.052306498241984765]
FScore: -1.0
[236, 294, 2554, 505, 961]
[0.15238095238095237, 0.3766233766233766, 0.9955599407992106, 0.6081081081081081, 0.9236276849642006]
[0.30081667587151195, 0.17963173596061163, 0.013969511934173293, 0.12181101001962842, 0.052306498241984765]
Matthews: -1.0
[236, 294, 2554, 505, 961]
[-0.4924585836728848, 0.18653320911524277, 0.9786624436612066, 0.45262996985859005, 0.8657884658594468]
[0.30081667587151195, 0.17963173596061163, 0.013969511934173293, 0.12181101001962842, 0.052306498241984765]

Analysis for twonorm (7400)
Precision: -0.8944271909999159
[169, 2469, 503, 3046, 1213]
[0.125, 1.0, 0.9571428571428572, 1.0, 1.0]
[0.20149414370688296, 0.01633224828402458, 0.0956633429336702, 0.004673429783216941, 0.041669288060160514]
Recall: -0.8944271909999159
[169, 2469, 503, 3046, 1213]
[0.14864864864864866, 1.0, 0.9675090252707581, 1.0, 1.0]
[0.20149414370688296, 0.01633224828402458, 0.0956633429336702, 0.004673429783216941, 0.041669288060160514]
Accuracy: -0.8944271909999159
[169, 2469, 503, 3046, 1213]
[0.17159763313609466, 1.0, 0.9582504970178927, 1.0, 1.0]
[0.20149414370688296, 0.01633224828402458, 0.0956633429336702, 0.004673429783216941, 0.041669288060160514]
FScore: -0.8944271909999159
[169, 2469, 503, 3046, 1213]
[0.13580246913580246, 1.0, 0.9622980251346498, 1.0, 1.0]
[0.20149414370688296, 0.01633224828402458, 0.0956633429336702, 0.004673429783216941, 0.041669288060160514]
Matthews: -0.8944271909999159
[169, 2469, 503, 3046, 1213]
[-0.6573119751814411, 1.0, 0.9155971280328241, 1.0, 1.0]
[0.20149414370688296, 0.01633224828402458, 0.0956633429336702, 0.004673429783216941, 0.041669288060160514]

Analysis for wdbc (560)
Precision: 0.4472135954999579
[52, 3, 83, 68, 354]
[1.0, 0.0, 1.0, 1.0, 0.16666666666666666]
[0.053825872255630854, 0.011705825245809182, 0.026740824629529366, 0.010633714616703024, 0.0015051344553390442]
Recall: -0.7000000000000001
[52, 3, 83, 68, 354]
[0.8076923076923077, 0.0, 0.9156626506024096, 0.9852941176470589, 1.0]
[0.053825872255630854, 0.011705825245809182, 0.026740824629529366, 0.010633714616703024, 0.0015051344553390442]
Accuracy: -0.6
[52, 3, 83, 68, 354]
[0.8076923076923077, 0.3333333333333333, 0.9156626506024096, 0.9852941176470589, 0.9576271186440678]
[0.053825872255630854, 0.011705825245809182, 0.026740824629529366, 0.010633714616703024, 0.0015051344553390442]
FScore: 0.09999999999999983
[52, 3, 83, 68, 354]
[0.8936170212765957, 0.0, 0.9559748427672956, 0.9925925925925926, 0.2857142857142857]
[0.053825872255630854, 0.011705825245809182, 0.026740824629529366, 0.010633714616703024, 0.0015051344553390442]
Matthews: -0.7071067811865476
[52, 3, 83, 68, 354]
[0.0, 0.0, 0.0, 0.0, 0.3994297930101854]
[0.053825872255630854, 0.011705825245809182, 0.026740824629529366, 0.010633714616703024, 0.0015051344553390442]
