MultiResolutionExperiment(5, 10, MultiResolutionTransform(30, 0.20))

Analysis for appendicitis (100)
Precision: -0.5773502691896258
[1, 9, 76, 10, 4]
[0.0, 0.0, 1.0, 0.0, 1.0]
[0.35346956100887983, 0.08118163767661, 0.003909005610232261, 0.1816286377867256, 0.09687100271622519]
Recall: -0.6708203932499369
[1, 9, 76, 10, 4]
[0.0, 0.0, 0.9868421052631579, 0.0, 0.25]
[0.35346956100887983, 0.08118163767661, 0.003909005610232261, 0.1816286377867256, 0.09687100271622519]
Accuracy: -0.9
[1, 9, 76, 10, 4]
[0.0, 1.0, 0.9868421052631579, 0.1, 0.25]
[0.35346956100887983, 0.08118163767661, 0.003909005610232261, 0.1816286377867256, 0.09687100271622519]
FScore: -0.6708203932499369
[1, 9, 76, 10, 4]
[0.0, 0.0, 0.9933774834437086, 0.0, 0.4]
[0.35346956100887983, 0.08118163767661, 0.003909005610232261, 0.1816286377867256, 0.09687100271622519]
Matthews: NaN
[1, 9, 76, 10, 4]
[0.0, 0.0, 0.0, 0.0, 0.0]
[0.35346956100887983, 0.08118163767661, 0.003909005610232261, 0.1816286377867256, 0.09687100271622519]

Analysis for banana (5300)
Precision: -0.9
[717, 997, 498, 2689, 399]
[0.99830220713073, 0.9578313253012049, 0.6637168141592921, 1.0, 0.0034602076124567475]
[0.12408186104458019, 0.07788652003386752, 0.20835821285705886, 0.023997508470473532, 0.35119010144632157]
Recall: -0.9
[717, 997, 498, 2689, 399]
[0.8534107402031931, 1.0, 0.43352601156069365, 0.9994632313472893, 0.025]
[0.12408186104458019, 0.07788652003386752, 0.20835821285705886, 0.023997508470473532, 0.35119010144632157]
Accuracy: -1.0
[717, 997, 498, 2689, 399]
[0.8577405857740585, 0.9929789368104313, 0.7269076305220884, 0.9996281145407214, 0.18045112781954886]
[0.12408186104458019, 0.07788652003386752, 0.20835821285705886, 0.023997508470473532, 0.35119010144632157]
FScore: -1.0
[717, 997, 498, 2689, 399]
[0.92018779342723, 0.9784615384615385, 0.5244755244755245, 0.9997315436241611, 0.0060790273556231]
[0.12408186104458019, 0.07788652003386752, 0.20835821285705886, 0.023997508470473532, 0.35119010144632157]
Matthews: -1.0
[717, 997, 498, 2689, 399]
[0.4136357898672397, 0.974592400772527, 0.35992339910514926, 0.9991269641840754, -0.5223728831403229]
[0.12408186104458019, 0.07788652003386752, 0.20835821285705886, 0.023997508470473532, 0.35119010144632157]

Analysis for breast-cancer-original (650)
Precision: -0.7071067811865476
[415, 153, 15, 34, 33]
[1.0, 1.0, 0.0, 1.0, 1.0]
[0.0010141248874347495, 0.020508932194719665, 0.1613798100136448, 0.04551828450730338, 0.09826235552874939]
Recall: -0.7000000000000001
[415, 153, 15, 34, 33]
[0.9903381642512077, 0.3333333333333333, 0.0, 1.0, 0.2]
[0.0010141248874347495, 0.020508932194719665, 0.1613798100136448, 0.04551828450730338, 0.09826235552874939]
Accuracy: -0.7000000000000001
[415, 153, 15, 34, 33]
[0.9903614457831326, 0.9869281045751634, 0.6, 1.0, 0.8787878787878788]
[0.0010141248874347495, 0.020508932194719665, 0.1613798100136448, 0.04551828450730338, 0.09826235552874939]
FScore: -0.7000000000000001
[415, 153, 15, 34, 33]
[0.9951456310679612, 0.5, 0.0, 1.0, 0.33333333333333337]
[0.0010141248874347495, 0.020508932194719665, 0.1613798100136448, 0.04551828450730338, 0.09826235552874939]
Matthews: -0.6
[415, 153, 15, 34, 33]
[0.44504789950098805, 0.5735393346764044, 0.0, 1.0, 0.4183300132670378]
[0.0010141248874347495, 0.020508932194719665, 0.1613798100136448, 0.04551828450730338, 0.09826235552874939]

Analysis for mammographic-masses (960)
Precision: -0.9
[106, 66, 101, 185, 502]
[0.3442622950819672, 0.09090909090909091, 0.4576271186440678, 0.875, 0.9968944099378882]
[0.18593405712755318, 0.37829936531473757, 0.20804424254193715, 0.09273429646032832, 0.034585597215613745]
Recall: -1.0
[106, 66, 101, 185, 502]
[0.75, 0.08333333333333333, 0.4909090909090909, 0.863013698630137, 0.9938080495356038]
[0.18593405712755318, 0.37829936531473757, 0.20804424254193715, 0.09273429646032832, 0.034585597215613745]
Accuracy: -1.0
[106, 66, 101, 185, 502]
[0.5566037735849056, 0.045454545454545456, 0.40594059405940597, 0.8972972972972973, 0.9940239043824701]
[0.18593405712755318, 0.37829936531473757, 0.20804424254193715, 0.09273429646032832, 0.034585597215613745]
FScore: -0.9
[106, 66, 101, 185, 502]
[0.4719101123595506, 0.08695652173913043, 0.4736842105263158, 0.8689655172413793, 0.9953488372093025]
[0.18593405712755318, 0.37829936531473757, 0.20804424254193715, 0.09273429646032832, 0.034585597215613745]
Matthews: -1.0
[106, 66, 101, 185, 502]
[0.2115593715914929, -0.9128709291752768, -0.20688016224834052, 0.7845781313531273, 0.9870016252289677]
[0.18593405712755318, 0.37829936531473757, 0.20804424254193715, 0.09273429646032832, 0.034585597215613745]

Analysis for phoneme (5400)
Precision: 0.9746794344808963
[553, 637, 2634, 731, 845]
[0.06181818181818182, 0.0, 0.0, 0.9923076923076923, 0.9980119284294234]
[0.13691102969625782, 0.05959086934486554, 0.007210864805691879, 0.1454018963724559, 0.28371173605398364]
Recall: 0.5642880936468347
[553, 637, 2634, 731, 845]
[0.8947368421052632, 0.0, 0.0, 0.8933518005540166, 0.5947867298578199]
[0.13691102969625782, 0.05959086934486554, 0.007210864805691879, 0.1454018963724559, 0.28371173605398364]
Accuracy: -0.5
[553, 637, 2634, 731, 845]
[0.5298372513562387, 0.8461538461538461, 0.9893697798025817, 0.8878248974008208, 0.5940828402366863]
[0.13691102969625782, 0.05959086934486554, 0.007210864805691879, 0.1454018963724559, 0.28371173605398364]
FScore: 0.872081599272381
[553, 637, 2634, 731, 845]
[0.11564625850340138, 0.0, 0.0, 0.9402332361516035, 0.7453600593912397]
[0.13691102969625782, 0.05959086934486554, 0.007210864805691879, 0.1454018963724559, 0.28371173605398364]
Matthews: -0.15389675281277299
[553, 637, 2634, 731, 845]
[0.14994235103681416, 0.0, 0.0, 0.11867124081036823, -0.028382969936037703]
[0.13691102969625782, 0.05959086934486554, 0.007210864805691879, 0.1454018963724559, 0.28371173605398364]

Analysis for pima (700)
Precision: -0.6708203932499369
[111, 150, 142, 220, 77]
[0.04, 1.0, 0.0, 1.0, 1.0]
[0.08578047772067211, 0.045144041685817406, 0.19450589432892593, 0.012773669424431753, 0.10470230153156253]
Recall: -0.9
[111, 150, 142, 220, 77]
[0.125, 0.8206896551724138, 0.0, 0.9636363636363636, 0.48]
[0.08578047772067211, 0.045144041685817406, 0.19450589432892593, 0.012773669424431753, 0.10470230153156253]
Accuracy: -1.0
[111, 150, 142, 220, 77]
[0.7207207207207207, 0.8266666666666667, 0.3380281690140845, 0.9636363636363636, 0.4935064935064935]
[0.08578047772067211, 0.045144041685817406, 0.19450589432892593, 0.012773669424431753, 0.10470230153156253]
FScore: -0.9
[111, 150, 142, 220, 77]
[0.06060606060606061, 0.9015151515151515, 0.0, 0.9814814814814815, 0.6486486486486487]
[0.08578047772067211, 0.045144041685817406, 0.19450589432892593, 0.012773669424431753, 0.10470230153156253]
Matthews: -0.5
[111, 150, 142, 220, 77]
[-0.06686628127097587, 0.36382591884218074, -0.16212869667555552, 0.0, 0.1530184111352012]
[0.08578047772067211, 0.045144041685817406, 0.19450589432892593, 0.012773669424431753, 0.10470230153156253]

Analysis for ring (7400)
Precision: -0.09999999999999983
[1588, 963, 887, 297, 3665]
[1.0, 0.03333333333333333, 0.9737609329446064, 0.04975124378109453, 0.9924496644295302]
[0.06344639540376269, 0.062471710147031595, 0.21949480446772854, 0.13392765570937587, 0.01707529787434474]
Recall: -0.9746794344808963
[1588, 963, 887, 297, 3665]
[0.957808564231738, 1.0, 0.3804100227790433, 0.9090909090909091, 1.0]
[0.06344639540376269, 0.062471710147031595, 0.21949480446772854, 0.13392765570937587, 0.01707529787434474]
Accuracy: -0.8
[1588, 963, 887, 297, 3665]
[0.957808564231738, 0.8795430944963655, 0.3765501691093574, 0.35353535353535354, 0.9975443383356071]
[0.06344639540376269, 0.062471710147031595, 0.21949480446772854, 0.13392765570937587, 0.01707529787434474]
FScore: -0.30000000000000004
[1588, 963, 887, 297, 3665]
[0.9784496622708266, 0.06451612903225806, 0.5470925470925472, 0.09433962264150944, 0.9962105263157894]
[0.06344639540376269, 0.062471710147031595, 0.21949480446772854, 0.13392765570937587, 0.01707529787434474]
Matthews: -0.9
[1588, 963, 887, 297, 3665]
[0.0, 0.17117638732818216, -0.12750475661382388, 0.09741565871343147, 0.9944098424614155]
[0.06344639540376269, 0.062471710147031595, 0.21949480446772854, 0.13392765570937587, 0.01707529787434474]

Analysis for spambase (4550)
Precision: -1.0
[296, 320, 2758, 280, 896]
[0.11875, 0.574468085106383, 0.9990356798457087, 0.5058823529411764, 0.9287598944591029]
[0.27432956156717614, 0.12318107185434239, 0.012746654095387238, 0.15580620853758154, 0.055203458405994]
Recall: -1.0
[296, 320, 2758, 280, 896]
[0.2159090909090909, 0.7941176470588235, 0.9904397705544933, 0.39090909090909093, 0.8756218905472637]
[0.27432956156717614, 0.12318107185434239, 0.012746654095387238, 0.15580620853758154, 0.055203458405994]
Accuracy: -1.0
[296, 320, 2758, 280, 896]
[0.2905405405405405, 0.83125, 0.9920232052211748, 0.6107142857142858, 0.9140625]
[0.27432956156717614, 0.12318107185434239, 0.012746654095387238, 0.15580620853758154, 0.055203458405994]
FScore: -1.0
[296, 320, 2758, 280, 896]
[0.1532258064516129, 0.6666666666666666, 0.9947191550648103, 0.44102564102564107, 0.9014084507042254]
[0.27432956156717614, 0.12318107185434239, 0.012746654095387238, 0.15580620853758154, 0.055203458405994]
Matthews: -1.0
[296, 320, 2758, 280, 896]
[-0.42370396217492634, 0.5706571184460122, 0.9785765898853331, 0.15279343980992585, 0.82648848364284]
[0.27432956156717614, 0.12318107185434239, 0.012746654095387238, 0.15580620853758154, 0.055203458405994]

Analysis for twonorm (7400)
Precision: -0.8944271909999159
[150, 2341, 429, 3399, 1081]
[0.07692307692307693, 1.0, 0.9273504273504274, 1.0, 1.0]
[0.2044556357822249, 0.014200849723060745, 0.09795850688702701, 0.003179363293691548, 0.040802708108417116]
Recall: -0.8944271909999159
[150, 2341, 429, 3399, 1081]
[0.08955223880597014, 1.0, 0.9517543859649122, 1.0, 1.0]
[0.2044556357822249, 0.014200849723060745, 0.09795850688702701, 0.003179363293691548, 0.040802708108417116]
Accuracy: -0.8944271909999159
[150, 2341, 429, 3399, 1081]
[0.11333333333333333, 1.0, 0.9347319347319347, 1.0, 1.0]
[0.2044556357822249, 0.014200849723060745, 0.09795850688702701, 0.003179363293691548, 0.040802708108417116]
FScore: -0.8944271909999159
[150, 2341, 429, 3399, 1081]
[0.08275862068965517, 1.0, 0.9393939393939393, 1.0, 1.0]
[0.2044556357822249, 0.014200849723060745, 0.09795850688702701, 0.003179363293691548, 0.040802708108417116]
Matthews: -0.8944271909999159
[150, 2341, 429, 3399, 1081]
[-0.774099020638613, 1.0, 0.8690566846345011, 1.0, 1.0]
[0.2044556357822249, 0.014200849723060745, 0.09795850688702701, 0.003179363293691548, 0.040802708108417116]

Analysis for wdbc (560)
Precision: 0.4472135954999579
[73, 3, 84, 48, 352]
[1.0, 0.0, 1.0, 1.0, 0.0625]
[0.04208545848630741, 0.011102899903277586, 0.018471245186964757, 0.006938055584184204, 0.0011576465789939277]
Recall: -0.7000000000000001
[73, 3, 84, 48, 352]
[0.8082191780821918, 0.0, 0.9642857142857143, 0.9791666666666666, 1.0]
[0.04208545848630741, 0.011102899903277586, 0.018471245186964757, 0.006938055584184204, 0.0011576465789939277]
Accuracy: -0.30000000000000004
[73, 3, 84, 48, 352]
[0.8082191780821918, 0.3333333333333333, 0.9642857142857143, 0.9791666666666666, 0.9573863636363636]
[0.04208545848630741, 0.011102899903277586, 0.018471245186964757, 0.006938055584184204, 0.0011576465789939277]
FScore: 0.09999999999999983
[73, 3, 84, 48, 352]
[0.8939393939393939, 0.0, 0.9818181818181818, 0.9894736842105264, 0.11764705882352941]
[0.04208545848630741, 0.011102899903277586, 0.018471245186964757, 0.006938055584184204, 0.0011576465789939277]
Matthews: -0.7071067811865476
[73, 3, 84, 48, 352]
[0.0, 0.0, 0.0, 0.0, 0.24459979523511424]
[0.04208545848630741, 0.011102899903277586, 0.018471245186964757, 0.006938055584184204, 0.0011576465789939277]
