MultiResolutionExperiment(3, 10, MultiResolutionTransform(40, 0.25)

Analysis for appendicitis (100)
Precision: -0.8660254037844386
[7, 78, 15]
[0.0, 1.0, 0.0]
[0.2607866062387002, 0.0065897110216743115, 0.07344970251027054]
Recall: -0.8660254037844386
[7, 78, 15]
[0.0, 0.987012987012987, 0.0]
[0.2607866062387002, 0.0065897110216743115, 0.07344970251027054]
Accuracy: -1.0
[7, 78, 15]
[0.14285714285714285, 0.9871794871794872, 0.5333333333333333]
[0.2607866062387002, 0.0065897110216743115, 0.07344970251027054]
FScore: -0.8660254037844386
[7, 78, 15]
[0.0, 0.9934640522875817, 0.0]
[0.2607866062387002, 0.0065897110216743115, 0.07344970251027054]
Matthews: -0.5
[7, 78, 15]
[0.0, 0.7025001733142089, -0.30151134457776363]
[0.2607866062387002, 0.0065897110216743115, 0.07344970251027054]

Analysis for banana (5300)
Precision: -1.0
[625, 3019, 1656]
[0.027190332326283987, 0.9970341077607514, 0.9909774436090225]
[0.3086743363831019, 0.034036082885534454, 0.12523179243878366]
Recall: -1.0
[625, 3019, 1656]
[0.08108108108108109, 0.9965415019762845, 0.835234474017744]
[0.3086743363831019, 0.034036082885534454, 0.12523179243878366]
Accuracy: -1.0
[625, 3019, 1656]
[0.3216, 0.9956939383901954, 0.9178743961352657]
[0.3086743363831019, 0.034036082885534454, 0.12523179243878366]
FScore: -1.0
[625, 3019, 1656]
[0.04072398190045249, 0.9967877440079072, 0.90646492434663]
[0.3086743363831019, 0.034036082885534454, 0.12523179243878366]
Matthews: -1.0
[625, 3019, 1656]
[-0.4175928478255262, 0.9902586410296265, 0.8439086396268287]
[0.3086743363831019, 0.034036082885534454, 0.12523179243878366]

Analysis for breast-cancer-original (650)
Precision: -0.8660254037844386
[572, 17, 61]
[1.0, 0.0, 1.0]
[0.0010877498168270258, 0.15324971169730037, 0.04051405308768254]
Recall: -1.0
[572, 17, 61]
[0.9903614457831326, 0.0, 0.25]
[0.0010877498168270258, 0.15324971169730037, 0.04051405308768254]
Accuracy: -1.0
[572, 17, 61]
[0.993006993006993, 0.6470588235294118, 0.9016393442622951]
[0.0010877498168270258, 0.15324971169730037, 0.04051405308768254]
FScore: -1.0
[572, 17, 61]
[0.9951573849878934, 0.0, 0.4]
[0.0010877498168270258, 0.15324971169730037, 0.04051405308768254]
Matthews: -1.0
[572, 17, 61]
[0.9827289516808541, 0.0, 0.4738947891530784]
[0.0010877498168270258, 0.15324971169730037, 0.04051405308768254]

Analysis for mammographic-masses (960)
Precision: -1.0
[134, 516, 310]
[0.2911392405063291, 0.9880952380952381, 0.6060606060606061]
[0.31319905742163295, 0.03738913100073928, 0.12744256365936643]
Recall: -1.0
[134, 516, 310]
[0.2987012987012987, 0.9822485207100592, 0.8]
[0.31319905742163295, 0.03738913100073928, 0.12744256365936643]
Accuracy: -1.0
[134, 516, 310]
[0.1791044776119403, 0.9806201550387597, 0.7677419354838709]
[0.31319905742163295, 0.03738913100073928, 0.12744256365936643]
FScore: -1.0
[134, 516, 310]
[0.2948717948717949, 0.9851632047477745, 0.689655172413793]
[0.31319905742163295, 0.03738913100073928, 0.12744256365936643]
Matthews: -1.0
[134, 516, 310]
[-0.6872081708968428, 0.9572659739488208, 0.5222174443925759]
[0.31319905742163295, 0.03738913100073928, 0.12744256365936643]

Analysis for phoneme (5400)
Precision: 1.0
[1059, 3089, 1252]
[0.4967213114754098, 0.058823529411764705, 0.9965075669383003]
[0.11057801221178815, 0.015045145961314586, 0.2559286784100001]
Recall: -1.0
[1059, 3089, 1252]
[0.9017857142857143, 1.0, 0.6881028938906752]
[0.11057801221178815, 0.015045145961314586, 0.2559286784100001]
Accuracy: -0.5
[1059, 3089, 1252]
[0.6789423984891407, 0.9741016510197474, 0.6876996805111821]
[0.11057801221178815, 0.015045145961314586, 0.2559286784100001]
FScore: 1.0
[1059, 3089, 1252]
[0.6405919661733616, 0.1111111111111111, 0.814075130765573]
[0.11057801221178815, 0.015045145961314586, 0.2559286784100001]
Matthews: -0.5
[1059, 3089, 1252]
[0.4493867439999593, 0.2393692278094556, 0.05375878048659891]
[0.11057801221178815, 0.015045145961314586, 0.2559286784100001]

Analysis for pima (700)
Precision: -1.0
[133, 163, 404]
[0.0, 0.5818181818181818, 0.9853372434017595]
[0.2157988846908866, 0.08595111875811054, 0.029711865464156263]
Recall: -1.0
[133, 163, 404]
[0.0, 0.4266666666666667, 0.8983957219251337]
[0.2157988846908866, 0.08595111875811054, 0.029711865464156263]
Accuracy: -1.0
[133, 163, 404]
[0.3308270676691729, 0.5950920245398773, 0.8935643564356436]
[0.2157988846908866, 0.08595111875811054, 0.029711865464156263]
FScore: -1.0
[133, 163, 404]
[0.0, 0.4923076923076923, 0.9398601398601398]
[0.2157988846908866, 0.08595111875811054, 0.029711865464156263]
Matthews: -1.0
[133, 163, 404]
[-0.12171612389003693, 0.17424469329513648, 0.5288095192869532]
[0.2157988846908866, 0.08595111875811054, 0.029711865464156263]

Analysis for ring (7400)
Precision: -0.5
[737, 1231, 5432]
[0.9208333333333333, 0.8493023255813954, 0.930164888457808]
[0.2602709302093215, 0.09757530035328127, 0.028995865958917098]
Recall: -1.0
[737, 1231, 5432]
[0.3082287308228731, 0.8995073891625616, 0.9927536231884058]
[0.2602709302093215, 0.09757530035328127, 0.028995865958917098]
Accuracy: -1.0
[737, 1231, 5432]
[0.3012211668928087, 0.7855402112103981, 0.9709131075110456]
[0.2602709302093215, 0.09757530035328127, 0.028995865958917098]
FScore: -1.0
[737, 1231, 5432]
[0.4618599791013584, 0.8736842105263158, 0.9604406609914872]
[0.2602709302093215, 0.09757530035328127, 0.028995865958917098]
Matthews: -1.0
[737, 1231, 5432]
[-0.22252101443044597, 0.17094485055667874, 0.9387234112917554]
[0.2602709302093215, 0.09757530035328127, 0.028995865958917098]

Analysis for spambase (4550)
Precision: -1.0
[692, 1102, 2756]
[0.1276595744680851, 0.9253112033195021, 0.9946987951807229]
[0.25058923294319674, 0.0940467484445538, 0.01943322162194334]
Recall: -1.0
[692, 1102, 2756]
[0.25210084033613445, 0.8168498168498168, 0.9852028639618139]
[0.25058923294319674, 0.0940467484445538, 0.01943322162194334]
Accuracy: -1.0
[692, 1102, 2756]
[0.5751445086705202, 0.8765880217785844, 0.9847605224963716]
[0.25058923294319674, 0.0940467484445538, 0.01943322162194334]
FScore: -1.0
[692, 1102, 2756]
[0.16949152542372883, 0.8677042801556419, 0.9899280575539569]
[0.25058923294319674, 0.0940467484445538, 0.01943322162194334]
Matthews: -1.0
[692, 1102, 2756]
[-0.08419594239327205, 0.7580378213594653, 0.958820474408642]
[0.25058923294319674, 0.0940467484445538, 0.01943322162194334]

Analysis for twonorm (7400)
Precision: -1.0
[453, 4772, 2175]
[0.6434426229508197, 1.0, 0.998139534883721]
[0.1485643246897292, 0.006715938092635338, 0.03813312343304243]
Recall: -0.8660254037844386
[453, 4772, 2175]
[0.6855895196506551, 1.0, 1.0]
[0.1485643246897292, 0.006715938092635338, 0.03813312343304243]
Accuracy: -1.0
[453, 4772, 2175]
[0.6490066225165563, 1.0, 0.999080459770115]
[0.1485643246897292, 0.006715938092635338, 0.03813312343304243]
FScore: -1.0
[453, 4772, 2175]
[0.6638477801268499, 1.0, 0.9990689013035382]
[0.1485643246897292, 0.006715938092635338, 0.03813312343304243]
Matthews: -1.0
[453, 4772, 2175]
[0.2980695570149875, 1.0, 0.9981623261653211]
[0.1485643246897292, 0.006715938092635338, 0.03813312343304243]

Analysis for wdbc (560)
Precision: 0.8660254037844386
[62, 63, 435]
[1.0, 1.0, 0.8229166666666666]
[0.0752366310027921, 0.0197559751070787, 0.0029711508054836334]
Recall: -1.0
[62, 63, 435]
[0.8225806451612904, 0.9206349206349206, 0.9753086419753086]
[0.0752366310027921, 0.0197559751070787, 0.0029711508054836334]
Accuracy: -1.0
[62, 63, 435]
[0.8225806451612904, 0.9206349206349206, 0.9563218390804598]
[0.0752366310027921, 0.0197559751070787, 0.0029711508054836334]
FScore: 0.5
[62, 63, 435]
[0.9026548672566371, 0.9586776859504132, 0.8926553672316384]
[0.0752366310027921, 0.0197559751070787, 0.0029711508054836334]
Matthews: -0.8660254037844386
[62, 63, 435]
[0.0, 0.0, 0.8704070458814553]
[0.0752366310027921, 0.0197559751070787, 0.0029711508054836334]
