MultiResolutionExperiment(4, 10, MultiResolutionTransform(30, 0.20))

Analysis for appendicitis (100)
Precision: -0.447213595499958
[9, 76, 11, 4]
[0.0, 1.0, 0.0, 1.0]
[0.08118163767661, 0.003909005610232261, 0.19725053989783053, 0.09687100271622519]
Recall: -0.632455532033676
[9, 76, 11, 4]
[0.0, 0.9868421052631579, 0.0, 0.25]
[0.08118163767661, 0.003909005610232261, 0.19725053989783053, 0.09687100271622519]
Accuracy: -0.8
[9, 76, 11, 4]
[1.0, 0.9868421052631579, 0.09090909090909091, 0.25]
[0.08118163767661, 0.003909005610232261, 0.19725053989783053, 0.09687100271622519]
FScore: -0.632455532033676
[9, 76, 11, 4]
[0.0, 0.9933774834437086, 0.0, 0.4]
[0.08118163767661, 0.003909005610232261, 0.19725053989783053, 0.09687100271622519]
Matthews: NaN
[9, 76, 11, 4]
[0.0, 0.0, 0.0, 0.0]
[0.08118163767661, 0.003909005610232261, 0.19725053989783053, 0.09687100271622519]

Analysis for banana (5300)
Precision: -0.8
[2848, 531, 855, 1066]
[1.0, 0.0125, 0.9778225806451613, 0.9653465346534653]
[0.027036016489881468, 0.3263959716002623, 0.16050631647322688, 0.08207163145609764]
Recall: -1.0
[2848, 531, 855, 1066]
[0.9985029940119761, 0.06153846153846154, 0.7359635811836115, 0.9948979591836735]
[0.027036016489881468, 0.3263959716002623, 0.16050631647322688, 0.08207163145609764]
Accuracy: -1.0
[2848, 531, 855, 1066]
[0.9989466292134831, 0.2900188323917137, 0.783625730994152, 0.9924953095684803]
[0.027036016489881468, 0.3263959716002623, 0.16050631647322688, 0.08207163145609764]
FScore: -1.0
[2848, 531, 855, 1066]
[0.9992509363295881, 0.020779220779220783, 0.8398268398268397, 0.9798994974874372]
[0.027036016489881468, 0.3263959716002623, 0.16050631647322688, 0.08207163145609764]
Matthews: -1.0
[2848, 531, 855, 1066]
[0.99748001666378, -0.4129695322414974, 0.5790154036023266, 0.9754547408320059]
[0.027036016489881468, 0.3263959716002623, 0.16050631647322688, 0.08207163145609764]

Analysis for breast-cancer-original (650)
Precision: -0.7745966692414834
[415, 12, 64, 159]
[1.0, 0.0, 1.0, 1.0]
[0.0010141248874347495, 0.1813196141381966, 0.07343760783653613, 0.021842773021994673]
Recall: -0.8
[415, 12, 64, 159]
[0.9903381642512077, 0.0, 0.4, 0.3333333333333333]
[0.0010141248874347495, 0.1813196141381966, 0.07343760783653613, 0.021842773021994673]
Accuracy: -1.0
[415, 12, 64, 159]
[0.9903614457831326, 0.4166666666666667, 0.953125, 0.9874213836477987]
[0.0010141248874347495, 0.1813196141381966, 0.07343760783653613, 0.021842773021994673]
FScore: -0.8
[415, 12, 64, 159]
[0.9951456310679612, 0.0, 0.5714285714285715, 0.5]
[0.0010141248874347495, 0.1813196141381966, 0.07343760783653613, 0.021842773021994673]
Matthews: -0.2000000000000001
[415, 12, 64, 159]
[0.44504789950098805, 0.0, 0.6169644732805306, 0.5736845161328942]
[0.0010141248874347495, 0.1813196141381966, 0.07343760783653613, 0.021842773021994673]

Analysis for mammographic-masses (960)
Precision: -1.0
[143, 81, 229, 507]
[0.39080459770114945, 0.13636363636363635, 0.7849462365591398, 0.9969040247678018]
[0.21371219448951817, 0.34918537102904873, 0.10206235635444394, 0.03548306280060371]
Recall: -1.0
[143, 81, 229, 507]
[0.5573770491803278, 0.14285714285714285, 0.8295454545454546, 0.9938271604938271]
[0.21371219448951817, 0.34918537102904873, 0.10206235635444394, 0.03548306280060371]
Accuracy: -1.0
[143, 81, 229, 507]
[0.4405594405594406, 0.08641975308641975, 0.8471615720524017, 0.9940828402366864]
[0.21371219448951817, 0.34918537102904873, 0.10206235635444394, 0.03548306280060371]
FScore: -1.0
[143, 81, 229, 507]
[0.4594594594594595, 0.1395348837209302, 0.8066298342541436, 0.9953632148377125]
[0.21371219448951817, 0.34918537102904873, 0.10206235635444394, 0.03548306280060371]
Matthews: -1.0
[143, 81, 229, 507]
[-0.09014352305303261, -0.8340516744436136, 0.6811455517193651, 0.9871978832222137]
[0.21371219448951817, 0.34918537102904873, 0.10206235635444394, 0.03548306280060371]

Analysis for phoneme (5400)
Precision: 1.0
[843, 758, 2948, 851]
[0.003105590062111801, 0.982089552238806, 0.0, 0.9980237154150198]
[0.11163435726995855, 0.14659748161052624, 0.010988200325050225, 0.28327606992853327]
Recall: 0.2000000000000001
[843, 758, 2948, 851]
[1.0, 0.8940217391304348, 0.0, 0.5955188679245284]
[0.11163435726995855, 0.14659748161052624, 0.010988200325050225, 0.28327606992853327]
Accuracy: -0.8
[843, 758, 2948, 851]
[0.6192170818505338, 0.8812664907651715, 0.9810040705563093, 0.5957696827262045]
[0.11163435726995855, 0.14659748161052624, 0.010988200325050225, 0.28327606992853327]
FScore: 0.8
[843, 758, 2948, 851]
[0.006191950464396284, 0.9359886201991465, 0.0, 0.7459379615952734]
[0.11163435726995855, 0.14659748161052624, 0.010988200325050225, 0.28327606992853327]
Matthews: 0.39999999999999997
[843, 758, 2948, 851]
[0.043836399889785736, 0.1826661267412821, 0.0, 0.031650638415998356]
[0.11163435726995855, 0.14659748161052624, 0.010988200325050225, 0.28327606992853327]

Analysis for pima (700)
Precision: -0.9486832980505138
[134, 142, 109, 315]
[1.0, 0.0, 0.04, 1.0]
[0.08504954507998432, 0.19450589432892593, 0.0858598805664584, 0.020349707138763936]
Recall: -1.0
[134, 142, 109, 315]
[0.578125, 0.0, 0.14285714285714285, 0.9361022364217252]
[0.08504954507998432, 0.19450589432892593, 0.0858598805664584, 0.020349707138763936]
Accuracy: -0.8
[134, 142, 109, 315]
[0.5970149253731343, 0.3380281690140845, 0.7247706422018348, 0.9365079365079365]
[0.08504954507998432, 0.19450589432892593, 0.0858598805664584, 0.020349707138763936]
FScore: -1.0
[134, 142, 109, 315]
[0.7326732673267327, 0.0, 0.0625, 0.9669966996699669]
[0.08504954507998432, 0.19450589432892593, 0.0858598805664584, 0.020349707138763936]
Matthews: -1.0
[134, 142, 109, 315]
[0.24044230077089182, -0.16212869667555552, -0.05389955533050277, 0.29171939138676733]
[0.08504954507998432, 0.19450589432892593, 0.0858598805664584, 0.020349707138763936]

Analysis for ring (7400)
Precision: -0.6000000000000001
[690, 904, 4201, 1605]
[0.0, 0.9413407821229051, 0.9663382594417077, 1.0]
[0.09917950069724629, 0.21882702703052648, 0.021350138580731013, 0.0635620465398464]
Recall: -0.8
[690, 904, 4201, 1605]
[0.0, 0.3820861678004535, 1.0, 0.9582554517133957]
[0.09917950069724629, 0.21882702703052648, 0.021350138580731013, 0.0635620465398464]
Accuracy: -1.0
[690, 904, 4201, 1605]
[0.618840579710145, 0.37389380530973454, 0.9902404189478695, 0.9582554517133957]
[0.09917950069724629, 0.21882702703052648, 0.021350138580731013, 0.0635620465398464]
FScore: -0.8
[690, 904, 4201, 1605]
[0.0, 0.5435483870967741, 0.9828810020876827, 0.9786827871460388]
[0.09917950069724629, 0.21882702703052648, 0.021350138580731013, 0.0635620465398464]
Matthews: -0.9486832980505139
[690, 904, 4201, 1605]
[0.0, -0.1803650570227163, 0.976338287188393, 0.0]
[0.09917950069724629, 0.21882702703052648, 0.021350138580731013, 0.0635620465398464]

Analysis for spambase (4550)
Precision: -1.0
[315, 906, 538, 2791]
[0.1130952380952381, 0.9243243243243243, 0.5493827160493827, 0.9990439770554493]
[0.2696153995336764, 0.059056605684074934, 0.13801889054556174, 0.012961126341187006]
Recall: -1.0
[315, 906, 538, 2791]
[0.20212765957446807, 0.8528678304239401, 0.577922077922078, 0.9900521080056846]
[0.2696153995336764, 0.059056605684074934, 0.13801889054556174, 0.012961126341187006]
Accuracy: -1.0
[315, 906, 538, 2791]
[0.28888888888888886, 0.9039735099337748, 0.7434944237918215, 0.9917592260838409]
[0.2696153995336764, 0.059056605684074934, 0.13801889054556174, 0.012961126341187006]
FScore: -1.0
[315, 906, 538, 2791]
[0.1450381679389313, 0.8871595330739299, 0.5632911392405063, 0.9945277182964549]
[0.2696153995336764, 0.059056605684074934, 0.13801889054556174, 0.012961126341187006]
Matthews: -1.0
[315, 906, 538, 2791]
[-0.4329749825833534, 0.8057920668609335, 0.3821223199977098, 0.9780140784332542]
[0.2696153995336764, 0.059056605684074934, 0.13801889054556174, 0.012961126341187006]

Analysis for twonorm (7400)
Precision: -0.9486832980505138
[216, 4097, 761, 2326]
[0.22935779816513763, 1.0, 0.9878345498783455, 1.0]
[0.1826810822994187, 0.00416157342938539, 0.07169901908710101, 0.02140115377552007]
Recall: -0.9486832980505138
[216, 4097, 761, 2326]
[0.26881720430107525, 1.0, 0.9902439024390244, 1.0]
[0.1826810822994187, 0.00416157342938539, 0.07169901908710101, 0.02140115377552007]
Accuracy: -0.9486832980505138
[216, 4097, 761, 2326]
[0.2962962962962963, 1.0, 0.988173455978975, 1.0]
[0.1826810822994187, 0.00416157342938539, 0.07169901908710101, 0.02140115377552007]
FScore: -0.9486832980505138
[216, 4097, 761, 2326]
[0.24752475247524752, 1.0, 0.9890377588306943, 1.0]
[0.1826810822994187, 0.00416157342938539, 0.07169901908710101, 0.02140115377552007]
Matthews: -0.9486832980505138
[216, 4097, 761, 2326]
[-0.41011364298241915, 1.0, 0.9762024121015909, 1.0]
[0.1826810822994187, 0.00416157342938539, 0.07169901908710101, 0.02140115377552007]

Analysis for wdbc (560)
Precision: 0.7745966692414834
[73, 84, 48, 355]
[1.0, 1.0, 1.0, 0.05555555555555555]
[0.04208545848630741, 0.018471245186964757, 0.006938055584184204, 0.0012416909732836494]
Recall: -1.0
[73, 84, 48, 355]
[0.8082191780821918, 0.9642857142857143, 0.9791666666666666, 1.0]
[0.04208545848630741, 0.018471245186964757, 0.006938055584184204, 0.0012416909732836494]
Accuracy: -0.39999999999999997
[73, 84, 48, 355]
[0.8082191780821918, 0.9642857142857143, 0.9791666666666666, 0.952112676056338]
[0.04208545848630741, 0.018471245186964757, 0.006938055584184204, 0.0012416909732836494]
FScore: 0.2000000000000001
[73, 84, 48, 355]
[0.8939393939393939, 0.9818181818181818, 0.9894736842105264, 0.10526315789473684]
[0.04208545848630741, 0.018471245186964757, 0.006938055584184204, 0.0012416909732836494]
Matthews: -0.7745966692414834
[73, 84, 48, 355]
[0.0, 0.0, 0.0, 0.22997311450712662]
[0.04208545848630741, 0.018471245186964757, 0.006938055584184204, 0.0012416909732836494]
