MultiResolutionExperiment(4, 10, MultiResolutionTransform(10, 0.15))

Analysis for appendicitis (100)
Precision: -0.7745966692414834
[13, 8, 10, 69]
[1.0, 1.0, 0.0, 1.0]
[0.09822469150598515, 0.022903325001509656, 0.22510460575789745, 0.002110753556130686]
Recall: -0.8
[13, 8, 10, 69]
[0.25, 1.0, 0.0, 0.9852941176470589]
[0.09822469150598515, 0.022903325001509656, 0.22510460575789745, 0.002110753556130686]
Accuracy: -0.8
[13, 8, 10, 69]
[0.7692307692307693, 1.0, 0.0, 0.9855072463768116]
[0.09822469150598515, 0.022903325001509656, 0.22510460575789745, 0.002110753556130686]
FScore: -0.8
[13, 8, 10, 69]
[0.4, 1.0, 0.0, 0.9925925925925926]
[0.09822469150598515, 0.022903325001509656, 0.22510460575789745, 0.002110753556130686]
Matthews: -0.6324555320336759
[13, 8, 10, 69]
[0.4330127018922193, 0.0, 0.0, 0.7018882096342189]
[0.09822469150598515, 0.022903325001509656, 0.22510460575789745, 0.002110753556130686]

Analysis for banana (5300)
Precision: -0.8
[2873, 514, 839, 1074]
[1.0, 0.012738853503184714, 0.9659574468085106, 0.9644444444444444]
[0.02526337213042279, 0.3621820999297118, 0.17939373891910917, 0.08430168339732078]
Recall: -1.0
[2873, 514, 839, 1074]
[0.9985096870342772, 0.05714285714285714, 0.729903536977492, 0.9908675799086758]
[0.02526337213042279, 0.3621820999297118, 0.17939373891910917, 0.08430168339732078]
Accuracy: -1.0
[2873, 514, 839, 1074]
[0.9989557953358859, 0.26848249027237353, 0.7806912991656734, 0.9906890130353817]
[0.02526337213042279, 0.3621820999297118, 0.17939373891910917, 0.08430168339732078]
FScore: -1.0
[2873, 514, 839, 1074]
[0.9992542878448918, 0.020833333333333332, 0.8315018315018314, 0.9774774774774775]
[0.02526337213042279, 0.3621820999297118, 0.17939373891910917, 0.08430168339732078]
Matthews: -1.0
[2873, 514, 839, 1074]
[0.9975162264713069, -0.4509788825112817, 0.578868422532055, 0.9717512714408879]
[0.02526337213042279, 0.3621820999297118, 0.17939373891910917, 0.08430168339732078]

Analysis for breast-cancer-original (650)
Precision: -0.7745966692414834
[424, 10, 49, 167]
[1.0, 0.0, 1.0, 1.0]
[0.001395833347519628, 0.21907686023729878, 0.10323763215169462, 0.029793917266472132]
Recall: -1.0
[424, 10, 49, 167]
[0.9903381642512077, 0.0, 0.2, 0.5]
[0.001395833347519628, 0.21907686023729878, 0.10323763215169462, 0.029793917266472132]
Accuracy: -1.0
[424, 10, 49, 167]
[0.9905660377358491, 0.4, 0.9183673469387755, 0.9880239520958084]
[0.001395833347519628, 0.21907686023729878, 0.10323763215169462, 0.029793917266472132]
FScore: -1.0
[424, 10, 49, 167]
[0.9951456310679612, 0.0, 0.33333333333333337, 0.6666666666666666]
[0.001395833347519628, 0.21907686023729878, 0.10323763215169462, 0.029793917266472132]
Matthews: -1.0
[424, 10, 49, 167]
[0.8410614739937723, 0.0, 0.42817441928883765, 0.7028082198860469]
[0.001395833347519628, 0.21907686023729878, 0.10323763215169462, 0.029793917266472132]

Analysis for mammographic-masses (960)
Precision: -1.0
[140, 110, 170, 540]
[0.4375, 0.25396825396825395, 0.7532467532467533, 0.9969418960244648]
[0.20698298803859597, 0.3576545124813117, 0.11772829954360335, 0.04043676388526179]
Recall: -1.0
[140, 110, 170, 540]
[0.6730769230769231, 0.25806451612903225, 0.7945205479452054, 0.9939024390243902]
[0.20698298803859597, 0.3576545124813117, 0.11772829954360335, 0.04043676388526179]
Accuracy: -1.0
[140, 110, 170, 540]
[0.5571428571428572, 0.15454545454545454, 0.8, 0.9944444444444445]
[0.20698298803859597, 0.3576545124813117, 0.11772829954360335, 0.04043676388526179]
FScore: -1.0
[140, 110, 170, 540]
[0.5303030303030303, 0.256, 0.7733333333333333, 0.9954198473282444]
[0.20698298803859597, 0.3576545124813117, 0.11772829954360335, 0.04043676388526179]
Matthews: -1.0
[140, 110, 170, 540]
[0.15789489658725, -0.7229263430566278, 0.5952909532030102, 0.9883685039224016]
[0.20698298803859597, 0.3576545124813117, 0.11772829954360335, 0.04043676388526179]

Analysis for phoneme (5400)
Precision: 1.0
[984, 734, 2969, 713]
[0.32558139534883723, 0.9837925445705025, 0.0, 0.9950617283950617]
[0.1217823817967736, 0.19079417182065928, 0.012520263693047613, 0.33110092126540996]
Recall: 0.2000000000000001
[984, 734, 2969, 713]
[0.9625, 0.8501400560224089, 0.0, 0.5668073136427567]
[0.1217823817967736, 0.19079417182065928, 0.012520263693047613, 0.33110092126540996]
Accuracy: -0.8
[984, 734, 2969, 713]
[0.6697154471544715, 0.840599455040872, 0.9801279892219602, 0.5652173913043478]
[0.1217823817967736, 0.19079417182065928, 0.012520263693047613, 0.33110092126540996]
FScore: 0.8
[984, 734, 2969, 713]
[0.4865718799368089, 0.9120961682945155, 0.0, 0.7222222222222223]
[0.1217823817967736, 0.19079417182065928, 0.012520263693047613, 0.33110092126540996]
Matthews: -0.39999999999999997
[984, 734, 2969, 713]
[0.42493775620249824, 0.15572932017661553, 0.0, -0.04625173664312406]
[0.1217823817967736, 0.19079417182065928, 0.012520263693047613, 0.33110092126540996]

Analysis for pima (700)
Precision: -0.9486832980505138
[112, 144, 139, 305]
[0.038461538461538464, 0.010869565217391304, 1.0, 1.0]
[0.09336077467914748, 0.21441865525254067, 0.09133205922152857, 0.02168552368091349]
Recall: -0.8
[112, 144, 139, 305]
[0.1111111111111111, 0.3333333333333333, 0.5970149253731343, 0.9407894736842105]
[0.09336077467914748, 0.21441865525254067, 0.09133205922152857, 0.02168552368091349]
Accuracy: -0.8
[112, 144, 139, 305]
[0.7053571428571429, 0.3541666666666667, 0.6115107913669064, 0.940983606557377]
[0.09336077467914748, 0.21441865525254067, 0.09133205922152857, 0.02168552368091349]
FScore: -1.0
[112, 144, 139, 305]
[0.05714285714285715, 0.021052631578947368, 0.7476635514018691, 0.9694915254237287]
[0.09336077467914748, 0.21441865525254067, 0.09133205922152857, 0.02168552368091349]
Matthews: -0.8
[112, 144, 139, 305]
[-0.08473914231661281, -0.0927914928977972, 0.22493217911431232, 0.22252019112220742]
[0.09336077467914748, 0.21441865525254067, 0.09133205922152857, 0.02168552368091349]

Analysis for ring (7400)
Precision: -0.6000000000000001
[698, 884, 4252, 1566]
[0.011450381679389313, 0.9365994236311239, 0.966327329678935, 0.9993293091884641]
[0.11156427821052968, 0.2492761265356191, 0.023883074807503922, 0.07486964010735221]
Recall: -0.4
[698, 884, 4252, 1566]
[1.0, 0.37746806039488967, 0.9991902834008097, 0.952076677316294]
[0.11156427821052968, 0.2492761265356191, 0.023883074807503922, 0.07486964010735221]
Accuracy: -1.0
[698, 884, 4252, 1566]
[0.6289398280802292, 0.36877828054298645, 0.9896519285042333, 0.9514687100893997]
[0.11156427821052968, 0.2492761265356191, 0.023883074807503922, 0.07486964010735221]
FScore: -0.8
[698, 884, 4252, 1566]
[0.022641509433962263, 0.5380794701986755, 0.982484076433121, 0.975130890052356]
[0.11156427821052968, 0.2492761265356191, 0.023883074807503922, 0.07486964010735221]
Matthews: -0.8000000000000002
[698, 884, 4252, 1566]
[0.08475412098988445, -0.18876976646022367, 0.9754184538811289, -0.005669367882068579]
[0.11156427821052968, 0.2492761265356191, 0.023883074807503922, 0.07486964010735221]

Analysis for spambase (4550)
Precision: -1.0
[290, 880, 513, 2867]
[0.11538461538461539, 0.9217391304347826, 0.5088757396449705, 0.998114985862394]
[0.30900508578404523, 0.07027554479357064, 0.15744772480340485, 0.014364799681538228]
Recall: -1.0
[290, 880, 513, 2867]
[0.2, 0.825974025974026, 0.589041095890411, 0.9901823281907434]
[0.30900508578404523, 0.07027554479357064, 0.15744772480340485, 0.014364799681538228]
Accuracy: -1.0
[290, 880, 513, 2867]
[0.27586206896551724, 0.8931818181818182, 0.7212475633528265, 0.9912800837111964]
[0.30900508578404523, 0.07027554479357064, 0.15744772480340485, 0.014364799681538228]
FScore: -1.0
[290, 880, 513, 2867]
[0.14634146341463417, 0.8712328767123289, 0.5460317460317461, 0.9941328326683876]
[0.30900508578404523, 0.07027554479357064, 0.15744772480340485, 0.014364799681538228]
Matthews: -1.0
[290, 880, 513, 2867]
[-0.4546923361473016, 0.7838667545393919, 0.3483802919664188, 0.977279576777742]
[0.30900508578404523, 0.07027554479357064, 0.15744772480340485, 0.014364799681538228]

Analysis for twonorm (7400)
Precision: -0.9486832980505138
[200, 4384, 689, 2127]
[0.20754716981132076, 1.0, 0.9865229110512129, 1.0]
[0.21300565994441942, 0.0048368317730367915, 0.08669948025636252, 0.026350085347912534]
Recall: -0.9486832980505138
[200, 4384, 689, 2127]
[0.24719101123595505, 1.0, 0.9865229110512129, 1.0]
[0.21300565994441942, 0.0048368317730367915, 0.08669948025636252, 0.026350085347912534]
Accuracy: -0.9486832980505138
[200, 4384, 689, 2127]
[0.245, 1.0, 0.9854862119013063, 1.0]
[0.21300565994441942, 0.0048368317730367915, 0.08669948025636252, 0.026350085347912534]
FScore: -0.9486832980505138
[200, 4384, 689, 2127]
[0.22564102564102564, 1.0, 0.9865229110512129, 1.0]
[0.21300565994441942, 0.0048368317730367915, 0.08669948025636252, 0.026350085347912534]
Matthews: -0.9486832980505138
[200, 4384, 689, 2127]
[-0.5073876113708266, 1.0, 0.9707996406109614, 1.0]
[0.21300565994441942, 0.0048368317730367915, 0.08669948025636252, 0.026350085347912534]

Analysis for wdbc (560)
Precision: 0.8944271909999159
[99, 107, 21, 333]
[1.0, 1.0, 0.0, 0.0]
[0.0503138945662156, 0.01834039690714294, 0.008693628835590347, 0.0012489092582418208]
Recall: 0.7378647873726218
[99, 107, 21, 333]
[0.8383838383838383, 0.9813084112149533, 0.0, 0.0]
[0.0503138945662156, 0.01834039690714294, 0.008693628835590347, 0.0012489092582418208]
Accuracy: 0.0
[99, 107, 21, 333]
[0.8383838383838383, 0.9813084112149533, 0.7619047619047619, 0.963963963963964]
[0.0503138945662156, 0.01834039690714294, 0.008693628835590347, 0.0012489092582418208]
FScore: 0.7378647873726218
[99, 107, 21, 333]
[0.9120879120879121, 0.9905660377358491, 0.0, 0.0]
[0.0503138945662156, 0.01834039690714294, 0.008693628835590347, 0.0012489092582418208]
Matthews: NaN
[99, 107, 21, 333]
[0.0, 0.0, 0.0, 0.0]
[0.0503138945662156, 0.01834039690714294, 0.008693628835590347, 0.0012489092582418208]
