MultiResolutionExperiment(3, 10, MultiResolutionTransform(40, 0.20))

Analysis for appendicitis (100)
Precision: -0.8660254037844386
[5, 79, 16]
[0.0, 1.0, 0.0]
[0.24331302207437547, 0.006282695961297647, 0.11042116921031507]
Recall: -0.8660254037844386
[5, 79, 16]
[0.0, 0.9743589743589743, 0.0]
[0.24331302207437547, 0.006282695961297647, 0.11042116921031507]
Accuracy: -1.0
[5, 79, 16]
[0.0, 0.9746835443037974, 0.5625]
[0.24331302207437547, 0.006282695961297647, 0.11042116921031507]
FScore: -0.8660254037844386
[5, 79, 16]
[0.0, 0.9870129870129869, 0.0]
[0.24331302207437547, 0.006282695961297647, 0.11042116921031507]
Matthews: -0.5
[5, 79, 16]
[0.0, 0.5699002761767402, -0.2548235957188128]
[0.24331302207437547, 0.006282695961297647, 0.11042116921031507]

Analysis for banana (5300)
Precision: -1.0
[1813, 2844, 643]
[0.9831932773109243, 1.0, 0.05014749262536873]
[0.10810155493561502, 0.025660942124104996, 0.305224769409159]
Recall: -1.0
[1813, 2844, 643]
[0.8571428571428571, 0.9969574036511156, 0.12781954887218044]
[0.10810155493561502, 0.025660942124104996, 0.305224769409159]
Accuracy: -1.0
[1813, 2844, 643]
[0.9288472145615003, 0.9978902953586498, 0.3188180404354588]
[0.10810155493561502, 0.025660942124104996, 0.305224769409159]
FScore: -1.0
[1813, 2844, 643]
[0.9158512720156555, 0.9984763839512443, 0.07203389830508475]
[0.10810155493561502, 0.025660942124104996, 0.305224769409159]
Matthews: -1.0
[1813, 2844, 643]
[0.8607560672996613, 0.9950600398454535, -0.4085257683171164]
[0.10810155493561502, 0.025660942124104996, 0.305224769409159]

Analysis for breast-cancer-original (650)
Precision: NaN
[419, 50, 181]
[1.0, 1.0, 1.0]
[0.0010254315925736386, 0.11159708928037185, 0.02441771658860373]
Recall: -1.0
[419, 50, 181]
[0.9903381642512077, 0.09090909090909091, 0.5]
[0.0010254315925736386, 0.11159708928037185, 0.02441771658860373]
Accuracy: -1.0
[419, 50, 181]
[0.9904534606205251, 0.8, 0.988950276243094]
[0.0010254315925736386, 0.11159708928037185, 0.02441771658860373]
FScore: -1.0
[419, 50, 181]
[0.9951456310679612, 0.16666666666666669, 0.6666666666666666]
[0.0010254315925736386, 0.11159708928037185, 0.02441771658860373]
Matthews: -1.0
[419, 50, 181]
[0.7417464991683134, 0.2689911061975062, 0.7031453674889916]
[0.0010254315925736386, 0.11159708928037185, 0.02441771658860373]

Analysis for mammographic-masses (960)
Precision: -1.0
[139, 522, 299]
[0.23076923076923078, 0.9969604863221885, 0.6357142857142857]
[0.2981757449460136, 0.03482279433919719, 0.12983182181779943]
Recall: -1.0
[139, 522, 299]
[0.2465753424657534, 0.9939393939393939, 0.7946428571428571]
[0.2981757449460136, 0.03482279433919719, 0.12983182181779943]
Accuracy: -1.0
[139, 522, 299]
[0.17266187050359713, 0.9942528735632183, 0.7525083612040134]
[0.2981757449460136, 0.03482279433919719, 0.12983182181779943]
FScore: -1.0
[139, 522, 299]
[0.23841059602649006, 0.9954476479514416, 0.7063492063492063]
[0.2981757449460136, 0.03482279433919719, 0.12983182181779943]
Matthews: -1.0
[139, 522, 299]
[-0.6666797532344446, 0.9876638503545544, 0.5062528716432372]
[0.2981757449460136, 0.03482279433919719, 0.12983182181779943]

Analysis for phoneme (5400)
Precision: 1.0
[1150, 3150, 1100]
[0.6088709677419355, 0.0, 0.9971949509116409]
[0.12113522346552542, 0.014773820615228965, 0.2579570810169172]
Recall: 0.5
[1150, 3150, 1100]
[0.9263803680981595, 0.0, 0.6487226277372263]
[0.12113522346552542, 0.014773820615228965, 0.2579570810169172]
Accuracy: -1.0
[1150, 3150, 1100]
[0.7156521739130435, 0.9692063492063492, 0.6481818181818182]
[0.12113522346552542, 0.014773820615228965, 0.2579570810169172]
FScore: 1.0
[1150, 3150, 1100]
[0.7347931873479318, 0.0, 0.7860696517412935]
[0.12113522346552542, 0.014773820615228965, 0.2579570810169172]
Matthews: 0.5
[1150, 3150, 1100]
[0.5028813414546165, 0.0, 0.018746149472736683]
[0.12113522346552542, 0.014773820615228965, 0.2579570810169172]

Analysis for pima (700)
Precision: -1.0
[186, 157, 357]
[0.7288135593220338, 0.0, 1.0]
[0.0851959352056626, 0.18208078510856268, 0.02498722204628784]
Recall: -1.0
[186, 157, 357]
[0.46236559139784944, 0.0, 0.9154929577464789]
[0.0851959352056626, 0.18208078510856268, 0.02498722204628784]
Accuracy: -1.0
[186, 157, 357]
[0.6451612903225806, 0.3503184713375796, 0.9159663865546218]
[0.0851959352056626, 0.18208078510856268, 0.02498722204628784]
FScore: -1.0
[186, 157, 357]
[0.5657894736842105, 0.0, 0.9558823529411764]
[0.0851959352056626, 0.18208078510856268, 0.02498722204628784]
Matthews: -0.5
[186, 157, 357]
[0.3119147395540984, -0.15045676540765007, 0.23920349048279985]
[0.0851959352056626, 0.18208078510856268, 0.02498722204628784]

Analysis for ring (7400)
Precision: -0.5
[866, 4770, 1764]
[0.891566265060241, 0.9039270687237027, 0.9061148857319333]
[0.2191363131957433, 0.02669350167791995, 0.07366637596026772]
Recall: -1.0
[866, 4770, 1764]
[0.35705669481302776, 0.9992248062015504, 0.9495145631067962]
[0.2191363131957433, 0.02669350167791995, 0.07366637596026772]
Accuracy: -1.0
[866, 4770, 1764]
[0.34295612009237875, 0.9710691823899371, 0.8696145124716553]
[0.2191363131957433, 0.02669350167791995, 0.07366637596026772]
FScore: -1.0
[866, 4770, 1764]
[0.5099052540913006, 0.9491899852724596, 0.927307206068268]
[0.2191363131957433, 0.02669350167791995, 0.07366637596026772]
Matthews: -1.0
[866, 4770, 1764]
[-0.2561887998744597, 0.9313182468362392, 0.30668028796730207]
[0.2191363131957433, 0.02669350167791995, 0.07366637596026772]

Analysis for spambase (4550)
Precision: -1.0
[485, 889, 3176]
[0.1902654867256637, 0.7793594306049823, 0.9969365426695842]
[0.23233025483269182, 0.08845571690498254, 0.01635750440758099]
Recall: -1.0
[485, 889, 3176]
[0.296551724137931, 0.7251655629139073, 0.9848681366191094]
[0.23233025483269182, 0.08845571690498254, 0.01635750440758099]
Accuracy: -1.0
[485, 889, 3176]
[0.41237113402061853, 0.8368953880764904, 0.9867758186397985]
[0.23233025483269182, 0.08845571690498254, 0.01635750440758099]
FScore: -1.0
[485, 889, 3176]
[0.23180592991913743, 0.751286449399657, 0.9908655937364071]
[0.23233025483269182, 0.08845571690498254, 0.01635750440758099]
Matthews: -1.0
[485, 889, 3176]
[-0.22180252478537552, 0.6310874702025183, 0.9671587080108685]
[0.23233025483269182, 0.08845571690498254, 0.01635750440758099]

Analysis for twonorm (7400)
Precision: -0.8660254037844386
[1803, 5219, 378]
[1.0, 1.0, 0.538860103626943]
[0.03821667418496875, 0.005998584625826843, 0.14730381347898136]
Recall: -0.8660254037844386
[1803, 5219, 378]
[1.0, 1.0, 0.5909090909090909]
[0.03821667418496875, 0.005998584625826843, 0.14730381347898136]
Accuracy: -0.8660254037844386
[1803, 5219, 378]
[1.0, 1.0, 0.5740740740740741]
[0.03821667418496875, 0.005998584625826843, 0.14730381347898136]
FScore: -0.8660254037844386
[1803, 5219, 378]
[1.0, 1.0, 0.5636856368563686]
[0.03821667418496875, 0.005998584625826843, 0.14730381347898136]
Matthews: -0.8660254037844386
[1803, 5219, 378]
[1.0, 1.0, 0.14999262721486106]
[0.03821667418496875, 0.005998584625826843, 0.14730381347898136]

Analysis for wdbc (560)
Precision: 0.8660254037844386
[88, 112, 360]
[1.0, 1.0, 0.2608695652173913]
[0.037289241986416075, 0.012452737430088026, 0.001203199850510142]
Recall: -1.0
[88, 112, 360]
[0.8295454545454546, 0.9732142857142857, 1.0]
[0.037289241986416075, 0.012452737430088026, 0.001203199850510142]
Accuracy: -0.5
[88, 112, 360]
[0.8295454545454546, 0.9732142857142857, 0.9527777777777777]
[0.037289241986416075, 0.012452737430088026, 0.001203199850510142]
FScore: 0.5
[88, 112, 360]
[0.906832298136646, 0.9864253393665159, 0.41379310344827586]
[0.037289241986416075, 0.012452737430088026, 0.001203199850510142]
Matthews: -0.8660254037844386
[88, 112, 360]
[0.0, 0.0, 0.49833917238117104]
[0.037289241986416075, 0.012452737430088026, 0.001203199850510142]
