MultiResolutionExperiment(4, 10, MultiResolutionTransform(20, 0.30))

Analysis for appendicitis (100)
Precision: -0.8944271909999159
[1, 76, 18, 5]
[0.0, 1.0, 0.0, 1.0]
[0.38471756279124636, 0.005168647471242223, 0.18041071350782187, 0.09837261820340533]
Recall: -0.9486832980505139
[1, 76, 18, 5]
[0.0, 0.9868421052631579, 0.0, 0.25]
[0.38471756279124636, 0.005168647471242223, 0.18041071350782187, 0.09837261820340533]
Accuracy: -0.8
[1, 76, 18, 5]
[0.0, 0.9868421052631579, 0.5, 0.4]
[0.38471756279124636, 0.005168647471242223, 0.18041071350782187, 0.09837261820340533]
FScore: -0.9486832980505139
[1, 76, 18, 5]
[0.0, 0.9933774834437086, 0.0, 0.4]
[0.38471756279124636, 0.005168647471242223, 0.18041071350782187, 0.09837261820340533]
Matthews: -0.25819888974716104
[1, 76, 18, 5]
[0.0, 0.0, 0.0, 0.25]
[0.38471756279124636, 0.005168647471242223, 0.18041071350782187, 0.09837261820340533]

Analysis for banana (5300)
Precision: -0.8
[2861, 572, 775, 1092]
[1.0, 0.021406727828746176, 0.9906890130353817, 0.949438202247191]
[0.04412808605333934, 0.3345723650618948, 0.16099599025218356, 0.12199112116324651]
Recall: -1.0
[2861, 572, 775, 1092]
[0.998989388580091, 0.09859154929577464, 0.7567567567567568, 0.9883040935672515]
[0.04412808605333934, 0.3345723650618948, 0.16099599025218356, 0.12199112116324651]
Accuracy: -1.0
[2861, 572, 775, 1092]
[0.9993009437259699, 0.32867132867132864, 0.7729032258064517, 0.98992673992674]
[0.04412808605333934, 0.3345723650618948, 0.16099599025218356, 0.12199112116324651]
FScore: -1.0
[2861, 572, 775, 1092]
[0.9994944388270981, 0.035175879396984924, 0.8580645161290323, 0.9684813753581663]
[0.04412808605333934, 0.3345723650618948, 0.16099599025218356, 0.12199112116324651]
Matthews: -1.0
[2861, 572, 775, 1092]
[0.9983632763640464, -0.3599069448214885, 0.43253615286578034, 0.9627640188631309]
[0.04412808605333934, 0.3345723650618948, 0.16099599025218356, 0.12199112116324651]

Analysis for breast-cancer-original (650)
Precision: -0.25819888974716104
[415, 12, 45, 178]
[1.0, 1.0, 0.0, 1.0]
[0.0011681973019062157, 0.14745037467185632, 0.10807419220898459, 0.032373109597554066]
Recall: -0.6
[415, 12, 45, 178]
[0.9879518072289156, 0.08333333333333333, 0.0, 1.0]
[0.0011681973019062157, 0.14745037467185632, 0.10807419220898459, 0.032373109597554066]
Accuracy: -0.31622776601683794
[415, 12, 45, 178]
[0.9879518072289156, 0.08333333333333333, 1.0, 1.0]
[0.0011681973019062157, 0.14745037467185632, 0.10807419220898459, 0.032373109597554066]
FScore: -0.6
[415, 12, 45, 178]
[0.993939393939394, 0.15384615384615385, 0.0, 1.0]
[0.0011681973019062157, 0.14745037467185632, 0.10807419220898459, 0.032373109597554066]
Matthews: -0.25819888974716104
[415, 12, 45, 178]
[0.0, 0.0, 0.0, 1.0]
[0.0011681973019062157, 0.14745037467185632, 0.10807419220898459, 0.032373109597554066]

Analysis for mammographic-masses (960)
Precision: -1.0
[129, 130, 201, 500]
[0.3972602739726027, 0.25, 0.8333333333333334, 0.9969135802469136]
[0.19163586763132043, 0.32545045874680506, 0.11054439119291816, 0.04177091688186423]
Recall: -1.0
[129, 130, 201, 500]
[0.725, 0.2571428571428571, 0.8125, 0.9938461538461538]
[0.19163586763132043, 0.32545045874680506, 0.11054439119291816, 0.04177091688186423]
Accuracy: -1.0
[129, 130, 201, 500]
[0.5736434108527132, 0.18461538461538463, 0.8606965174129353, 0.994]
[0.19163586763132043, 0.32545045874680506, 0.11054439119291816, 0.04177091688186423]
FScore: -1.0
[129, 130, 201, 500]
[0.5132743362831859, 0.2535211267605634, 0.8227848101265822, 0.9953775038520801]
[0.19163586763132043, 0.32545045874680506, 0.11054439119291816, 0.04177091688186423]
Matthews: -1.0
[129, 130, 201, 500]
[0.21521013234563896, -0.6447017869439094, 0.708214998553813, 0.9868400616040274]
[0.19163586763132043, 0.32545045874680506, 0.11054439119291816, 0.04177091688186423]

Analysis for phoneme (5400)
Precision: 0.8944271909999159
[843, 763, 2972, 822]
[0.0, 1.0, 0.0, 1.0]
[0.12366710822792108, 0.17393845135695457, 0.01360988078157624, 0.3106733282162007]
Recall: 0.7378647873726218
[843, 763, 2972, 822]
[0.0, 0.8859764089121888, 0.0, 0.5936739659367397]
[0.12366710822792108, 0.17393845135695457, 0.01360988078157624, 0.3106733282162007]
Accuracy: -0.8
[843, 763, 2972, 822]
[0.6061684460260973, 0.8859764089121888, 0.9804845222072678, 0.5936739659367397]
[0.12366710822792108, 0.17393845135695457, 0.01360988078157624, 0.3106733282162007]
FScore: 0.7378647873726218
[843, 763, 2972, 822]
[0.0, 0.9395413481584434, 0.0, 0.7450381679389313]
[0.12366710822792108, 0.17393845135695457, 0.01360988078157624, 0.3106733282162007]
Matthews: NaN
[843, 763, 2972, 822]
[0.0, 0.0, 0.0, 0.0]
[0.12366710822792108, 0.17393845135695457, 0.01360988078157624, 0.3106733282162007]

Analysis for pima (700)
Precision: -0.8944271909999159
[135, 137, 115, 313]
[1.0, 0.0, 0.0, 1.0]
[0.09341632976222217, 0.22376318114067645, 0.10945100645809207, 0.02470213283384992]
Recall: -0.9486832980505138
[135, 137, 115, 313]
[0.5681818181818182, 0.0, 0.0, 0.9391025641025641]
[0.09341632976222217, 0.22376318114067645, 0.10945100645809207, 0.02470213283384992]
Accuracy: -0.8
[135, 137, 115, 313]
[0.5777777777777777, 0.34306569343065696, 0.7217391304347827, 0.939297124600639]
[0.09341632976222217, 0.22376318114067645, 0.10945100645809207, 0.02470213283384992]
FScore: -0.9486832980505138
[135, 137, 115, 313]
[0.7246376811594203, 0.0, 0.0, 0.968595041322314]
[0.09341632976222217, 0.22376318114067645, 0.10945100645809207, 0.02470213283384992]
Matthews: -1.0
[135, 137, 115, 313]
[0.1685499656158105, -0.16311406449098576, -0.10769310424188254, 0.21669132009641784]
[0.09341632976222217, 0.22376318114067645, 0.10945100645809207, 0.02470213283384992]

Analysis for ring (7400)
Precision: 0.0
[667, 973, 3883, 1877]
[0.0, 0.9712230215827338, 0.950517836593786, 1.0]
[0.10941857366466046, 0.23915196278073067, 0.026165539690946007, 0.068007548032402]
Recall: -0.8
[667, 973, 3883, 1877]
[0.0, 0.4214360041623309, 1.0, 0.97016515716569]
[0.10941857366466046, 0.23915196278073067, 0.026165539690946007, 0.068007548032402]
Accuracy: -1.0
[667, 973, 3883, 1877]
[0.5952023988005997, 0.41623843782117165, 0.9889260880762297, 0.97016515716569]
[0.10941857366466046, 0.23915196278073067, 0.026165539690946007, 0.068007548032402]
FScore: -0.6000000000000001
[667, 973, 3883, 1877]
[0.0, 0.5878084179970973, 0.9746312684365782, 0.9848566792861007]
[0.10941857366466046, 0.23915196278073067, 0.026165539690946007, 0.068007548032402]
Matthews: -0.9486832980505139
[667, 973, 3883, 1877]
[0.0, -0.12903225806451613, 0.9680639331689523, 0.0]
[0.10941857366466046, 0.23915196278073067, 0.026165539690946007, 0.068007548032402]

Analysis for spambase (4550)
Precision: -1.0
[337, 968, 561, 2684]
[0.10982658959537572, 0.9220430107526881, 0.569620253164557, 0.9995213020584012]
[0.29399914999006643, 0.06640511696208341, 0.15348569452727256, 0.016714064326829522]
Recall: -1.0
[337, 968, 561, 2684]
[0.2111111111111111, 0.849009900990099, 0.569620253164557, 0.9905123339658444]
[0.29399914999006643, 0.06640511696208341, 0.15348569452727256, 0.016714064326829522]
Accuracy: -1.0
[337, 968, 561, 2684]
[0.3323442136498516, 0.9070247933884298, 0.7575757575757576, 0.9921758569299552]
[0.29399914999006643, 0.06640511696208341, 0.15348569452727256, 0.016714064326829522]
FScore: -1.0
[337, 968, 561, 2684]
[0.1444866920152091, 0.884020618556701, 0.569620253164557, 0.9949964260185846]
[0.29399914999006643, 0.06640511696208341, 0.15348569452727256, 0.016714064326829522]
Matthews: -1.0
[337, 968, 561, 2684]
[-0.3650165234572737, 0.8085672199555028, 0.4008857618494205, 0.9772751517121514]
[0.29399914999006643, 0.06640511696208341, 0.15348569452727256, 0.016714064326829522]

Analysis for twonorm (7400)
Precision: -0.7745966692414834
[303, 3463, 1032, 2602]
[0.4258064516129032, 1.0, 1.0, 1.0]
[0.18058425121003668, 0.006468305142289217, 0.0684428456707718, 0.02368126910068393]
Recall: -0.7745966692414834
[303, 3463, 1032, 2602]
[0.4782608695652174, 1.0, 1.0, 1.0]
[0.18058425121003668, 0.006468305142289217, 0.0684428456707718, 0.02368126910068393]
Accuracy: -0.7745966692414834
[303, 3463, 1032, 2602]
[0.46864686468646866, 1.0, 1.0, 1.0]
[0.18058425121003668, 0.006468305142289217, 0.0684428456707718, 0.02368126910068393]
FScore: -0.7745966692414834
[303, 3463, 1032, 2602]
[0.45051194539249145, 1.0, 1.0, 1.0]
[0.18058425121003668, 0.006468305142289217, 0.0684428456707718, 0.02368126910068393]
Matthews: -0.7745966692414834
[303, 3463, 1032, 2602]
[-0.060906131129271804, 1.0, 1.0, 1.0]
[0.18058425121003668, 0.006468305142289217, 0.0684428456707718, 0.02368126910068393]

Analysis for wdbc (560)
Precision: 0.7745966692414834
[86, 75, 44, 355]
[1.0, 1.0, 1.0, 0.05555555555555555]
[0.05453365407039684, 0.02489952785715151, 0.010937654757141502, 0.001937979376029214]
Recall: -1.0
[86, 75, 44, 355]
[0.8255813953488372, 0.9733333333333334, 0.9772727272727273, 1.0]
[0.05453365407039684, 0.02489952785715151, 0.010937654757141502, 0.001937979376029214]
Accuracy: -0.39999999999999997
[86, 75, 44, 355]
[0.8255813953488372, 0.9733333333333334, 0.9772727272727273, 0.952112676056338]
[0.05453365407039684, 0.02489952785715151, 0.010937654757141502, 0.001937979376029214]
FScore: 0.2000000000000001
[86, 75, 44, 355]
[0.9044585987261146, 0.9864864864864865, 0.9885057471264368, 0.10526315789473684]
[0.05453365407039684, 0.02489952785715151, 0.010937654757141502, 0.001937979376029214]
Matthews: -0.7745966692414834
[86, 75, 44, 355]
[0.0, 0.0, 0.0, 0.22997311450712662]
[0.05453365407039684, 0.02489952785715151, 0.010937654757141502, 0.001937979376029214]
