MultiResolutionExperiment(4, 10, MultiResolutionTransform(40, 0.30)

Analysis for appendicitis (100)
Precision: -0.4472135954999579
[15, 1, 7, 77]
[0.0, 1.0, 0.0, 1.0]
[0.08343955610270128, 0.12128908236717244, 0.27503676854751574, 0.005547280849166854]
Recall: -0.210818510677892
[15, 1, 7, 77]
[0.0, 1.0, 0.0, 0.9868421052631579]
[0.08343955610270128, 0.12128908236717244, 0.27503676854751574, 0.005547280849166854]
Accuracy: -0.39999999999999997
[15, 1, 7, 77]
[0.5333333333333333, 1.0, 0.14285714285714285, 0.987012987012987]
[0.08343955610270128, 0.12128908236717244, 0.27503676854751574, 0.005547280849166854]
FScore: -0.210818510677892
[15, 1, 7, 77]
[0.0, 1.0, 0.0, 0.9933774834437086]
[0.08343955610270128, 0.12128908236717244, 0.27503676854751574, 0.005547280849166854]
Matthews: -0.31622776601683794
[15, 1, 7, 77]
[-0.30151134457776363, 0.0, 0.0, 0.7024393586862705]
[0.08343955610270128, 0.12128908236717244, 0.27503676854751574, 0.005547280849166854]

Analysis for banana (5300)
Precision: -0.8000000000000002
[2939, 780, 572, 1009]
[0.9975538160469667, 0.987037037037037, 0.02147239263803681, 0.9724770642201835]
[0.04158227452481682, 0.1557113621897251, 0.31778775161313483, 0.11578124845144014]
Recall: -1.0
[2939, 780, 572, 1009]
[0.9990200881920627, 0.7592592592592593, 0.09722222222222222, 0.9724770642201835]
[0.04158227452481682, 0.1557113621897251, 0.31778775161313483, 0.11578124845144014]
Accuracy: -1.0
[2939, 780, 572, 1009]
[0.9976182374957469, 0.7743589743589744, 0.32867132867132864, 0.9940535183349851]
[0.04158227452481682, 0.1557113621897251, 0.31778775161313483, 0.11578124845144014]
FScore: -1.0
[2939, 780, 572, 1009]
[0.9982864137086903, 0.85829307568438, 0.035175879396984924, 0.9724770642201835]
[0.04158227452481682, 0.1557113621897251, 0.31778775161313483, 0.11578124845144014]
Matthews: -1.0
[2939, 780, 572, 1009]
[0.9943852311379916, 0.4351851851851852, -0.362321189614044, 0.9691437308868501]
[0.04158227452481682, 0.1557113621897251, 0.31778775161313483, 0.11578124845144014]

Analysis for breast-cancer-original (650)
Precision: -0.8944271909999159
[569, 37, 16, 28]
[1.0, 1.0, 0.0, 0.0]
[0.0012406847742025577, 0.02413224001332867, 0.16309371168424683, 0.06895352528892619]
Recall: -0.9486832980505139
[569, 37, 16, 28]
[0.9879807692307693, 0.5, 0.0, 0.0]
[0.0012406847742025577, 0.02413224001332867, 0.16309371168424683, 0.06895352528892619]
Accuracy: -1.0
[569, 37, 16, 28]
[0.9912126537785588, 0.9459459459459459, 0.6875, 0.8571428571428571]
[0.0012406847742025577, 0.02413224001332867, 0.16309371168424683, 0.06895352528892619]
FScore: -0.9486832980505139
[569, 37, 16, 28]
[0.9939540507859734, 0.6666666666666666, 0.0, 0.0]
[0.0012406847742025577, 0.02413224001332867, 0.16309371168424683, 0.06895352528892619]
Matthews: -0.9486832980505139
[569, 37, 16, 28]
[0.9781183747454117, 0.6866065623255951, 0.0, 0.0]
[0.0012406847742025577, 0.02413224001332867, 0.16309371168424683, 0.06895352528892619]

Analysis for mammographic-masses (960)
Precision: -1.0
[139, 129, 530, 162]
[0.7638888888888888, 0.30666666666666664, 0.9881656804733728, 0.3709677419354839]
[0.11647528051713091, 0.32019534050066856, 0.04098410172802277, 0.1537030093354252]
Recall: -0.8000000000000002
[139, 129, 530, 162]
[0.7746478873239436, 0.3026315789473684, 0.9852507374631269, 0.7931034482758621]
[0.11647528051713091, 0.32019534050066856, 0.04098410172802277, 0.1537030093354252]
Accuracy: -1.0
[139, 129, 530, 162]
[0.762589928057554, 0.18604651162790697, 0.9830188679245283, 0.7222222222222222]
[0.11647528051713091, 0.32019534050066856, 0.04098410172802277, 0.1537030093354252]
FScore: -1.0
[139, 129, 530, 162]
[0.7692307692307692, 0.304635761589404, 0.9867060561299853, 0.5054945054945055]
[0.11647528051713091, 0.32019534050066856, 0.04098410172802277, 0.1537030093354252]
Matthews: -1.0
[139, 129, 530, 162]
[0.524865357960153, -0.6766551462257754, 0.9632155522662711, 0.3942633115590219]
[0.11647528051713091, 0.32019534050066856, 0.04098410172802277, 0.1537030093354252]

Analysis for phoneme (5400)
Precision: 1.0
[663, 973, 2974, 790]
[0.9819819819819819, 0.3147751605995717, 0.0, 0.9978858350951374]
[0.1801688321305589, 0.1049863910006299, 0.01380850280025443, 0.29973677482152267]
Recall: 0.2000000000000001
[663, 973, 2974, 790]
[0.8475894245723172, 0.9607843137254902, 0.0, 0.5982256020278834]
[0.1801688321305589, 0.1049863910006299, 0.01380850280025443, 0.29973677482152267]
Accuracy: -0.8
[663, 973, 2974, 790]
[0.8371040723981901, 0.6649537512846866, 0.980161398789509, 0.5974683544303797]
[0.1801688321305589, 0.1049863910006299, 0.01380850280025443, 0.29973677482152267]
FScore: 0.8
[663, 973, 2974, 790]
[0.9098497495826378, 0.47419354838709676, 0.0, 0.7480190174326465]
[0.1801688321305589, 0.1049863910006299, 0.01380850280025443, 0.29973677482152267]
Matthews: -0.39999999999999997
[663, 973, 2974, 790]
[0.16100103559946977, 0.4157242454700479, 0.0, -0.029144765085087575]
[0.1801688321305589, 0.1049863910006299, 0.01380850280025443, 0.29973677482152267]

Analysis for pima (700)
Precision: -0.39999999999999997
[114, 129, 98, 359]
[1.0, 0.0, 0.04, 0.9837662337662337]
[0.09130708576112619, 0.22645642512526223, 0.08867825340060762, 0.025465840626235952]
Recall: -0.8
[114, 129, 98, 359]
[0.5714285714285714, 0.0, 0.1111111111111111, 0.9237804878048781]
[0.09130708576112619, 0.22645642512526223, 0.08867825340060762, 0.025465840626235952]
Accuracy: -1.0
[114, 129, 98, 359]
[0.5789473684210527, 0.3178294573643411, 0.673469387755102, 0.9164345403899722]
[0.09130708576112619, 0.22645642512526223, 0.08867825340060762, 0.025465840626235952]
FScore: -0.8
[114, 129, 98, 359]
[0.7272727272727273, 0.0, 0.058823529411764705, 0.9528301886792453]
[0.09130708576112619, 0.22645642512526223, 0.08867825340060762, 0.025465840626235952]
Matthews: -0.8
[114, 129, 98, 359]
[0.15118578920369088, -0.12721256114977686, -0.10504031815652776, 0.6134675128244597]
[0.09130708576112619, 0.22645642512526223, 0.08867825340060762, 0.025465840626235952]

Analysis for ring (7400)
Precision: -0.6000000000000001
[810, 733, 1063, 4794]
[0.041237113402061855, 0.9482758620689655, 0.9937888198757764, 0.9851694915254238]
[0.09853180923168246, 0.26611735803501535, 0.09370927787441592, 0.023907687209650204]
Recall: -0.39999999999999997
[810, 733, 1063, 4794]
[1.0, 0.30513176144244103, 0.9082308420056765, 0.9925293489861259]
[0.09853180923168246, 0.26611735803501535, 0.09370927787441592, 0.023907687209650204]
Accuracy: -1.0
[810, 733, 1063, 4794]
[0.6555555555555556, 0.30013642564802184, 0.90310442144873, 0.9912390488110138]
[0.09853180923168246, 0.26611735803501535, 0.09370927787441592, 0.023907687209650204]
FScore: -0.8
[810, 733, 1063, 4794]
[0.0792079207920792, 0.46169989506820563, 0.949085516559565, 0.988835725677831]
[0.09853180923168246, 0.26611735803501535, 0.09370927787441592, 0.023907687209650204]
Matthews: -0.8
[810, 733, 1063, 4794]
[0.1637669880823101, -0.18958233202238586, -0.023874563245242373, 0.9816452371891998]
[0.09853180923168246, 0.26611735803501535, 0.09370927787441592, 0.023907687209650204]

Analysis for spambase (4550)
Precision: -1.0
[437, 1603, 644, 1866]
[0.0979381443298969, 0.9825935596170583, 0.5196078431372549, 0.994060876020787]
[0.29443051758668765, 0.061799091882004394, 0.14954588839326205, 0.009530716801861468]
Recall: -1.0
[437, 1603, 644, 1866]
[0.2235294117647059, 0.9254098360655738, 0.5, 0.9925871015567087]
[0.29443051758668765, 0.061799091882004394, 0.14954588839326205, 0.009530716801861468]
Accuracy: -1.0
[437, 1603, 644, 1866]
[0.448512585812357, 0.9307548346849657, 0.8416149068322981, 0.9903536977491961]
[0.29443051758668765, 0.061799091882004394, 0.14954588839326205, 0.009530716801861468]
FScore: -1.0
[437, 1603, 644, 1866]
[0.13620071684587814, 0.9531447868298861, 0.5096153846153847, 0.9933234421364985]
[0.29443051758668765, 0.061799091882004394, 0.14954588839326205, 0.009530716801861468]
Matthews: -1.0
[437, 1603, 644, 1866]
[-0.2179917179718156, 0.8264191478102846, 0.41532181807244095, 0.9759524440406049]
[0.29443051758668765, 0.061799091882004394, 0.14954588839326205, 0.009530716801861468]

Analysis for twonorm (7400)
Precision: -0.9486832980505139
[316, 3285, 2679, 1120]
[0.4658385093167702, 1.0, 1.0, 0.9949748743718593]
[0.17434107860304643, 0.005130551785305356, 0.02125112274486128, 0.063662842001817]
Recall: -0.9486832980505139
[316, 3285, 2679, 1120]
[0.5172413793103449, 1.0, 1.0, 0.9966442953020134]
[0.17434107860304643, 0.005130551785305356, 0.02125112274486128, 0.063662842001817]
Accuracy: -0.9486832980505139
[316, 3285, 2679, 1120]
[0.5063291139240507, 1.0, 1.0, 0.9955357142857143]
[0.17434107860304643, 0.005130551785305356, 0.02125112274486128, 0.063662842001817]
FScore: -0.9486832980505139
[316, 3285, 2679, 1120]
[0.4901960784313726, 1.0, 1.0, 0.9958088851634533]
[0.17434107860304643, 0.005130551785305356, 0.02125112274486128, 0.063662842001817]
Matthews: -0.9486832980505139
[316, 3285, 2679, 1120]
[0.014271430590049308, 1.0, 1.0, 0.9910349367579493]
[0.17434107860304643, 0.005130551785305356, 0.02125112274486128, 0.063662842001817]

Analysis for wdbc (560)
Precision: 0.9486832980505138
[61, 0, 434, 65]
[1.0, 0.0, 0.8210526315789474, 1.0]
[0.08074097397097854, 0.0, 0.0033337441061540595, 0.022962666700984343]
Recall: 0.2000000000000001
[61, 0, 434, 65]
[0.819672131147541, 0.0, 0.975, 0.9230769230769231]
[0.08074097397097854, 0.0, 0.0033337441061540595, 0.022962666700984343]
Accuracy: 0.2000000000000001
[61, 0, 434, 65]
[0.819672131147541, 0.0, 0.956221198156682, 0.9230769230769231]
[0.08074097397097854, 0.0, 0.0033337441061540595, 0.022962666700984343]
FScore: 0.8
[61, 0, 434, 65]
[0.9009009009009009, 0.0, 0.8914285714285713, 0.9600000000000001]
[0.08074097397097854, 0.0, 0.0033337441061540595, 0.022962666700984343]
Matthews: -0.25819888974716104
[61, 0, 434, 65]
[0.0, 0.0, 0.8692688544920657, 0.0]
[0.08074097397097854, 0.0, 0.0033337441061540595, 0.022962666700984343]
