MultiResolutionExperiment(5, 10, MultiResolutionTransform(20, 0.15)

Analysis for appendicitis (100)
Precision: -0.288675134594813
[4, 13, 77, 5, 1]
[0.0, 0.0, 1.0, 0.0, 1.0]
[0.3158543716946829, 0.045775234140773294, 0.004215829430280872, 0.125473321071534, 0.13388742506737056]
Recall: -0.11180339887498948
[4, 13, 77, 5, 1]
[0.0, 0.0, 0.9868421052631579, 0.0, 1.0]
[0.3158543716946829, 0.045775234140773294, 0.004215829430280872, 0.125473321071534, 0.13388742506737056]
Accuracy: -0.39999999999999997
[4, 13, 77, 5, 1]
[0.0, 0.6153846153846154, 0.987012987012987, 0.2, 1.0]
[0.3158543716946829, 0.045775234140773294, 0.004215829430280872, 0.125473321071534, 0.13388742506737056]
FScore: -0.11180339887498948
[4, 13, 77, 5, 1]
[0.0, 0.0, 0.9933774834437086, 0.0, 1.0]
[0.3158543716946829, 0.045775234140773294, 0.004215829430280872, 0.125473321071534, 0.13388742506737056]
Matthews: -0.22360679774997896
[4, 13, 77, 5, 1]
[0.0, -0.23354968324845687, 0.7024393586862705, 0.0, 0.0]
[0.3158543716946829, 0.045775234140773294, 0.004215829430280872, 0.125473321071534, 0.13388742506737056]

Analysis for banana (5300)
Precision: -0.8
[1415, 444, 486, 2406, 549]
[0.9974226804123711, 0.7222222222222222, 0.006369426751592357, 0.9961064243997404, 0.9886363636363636]
[0.0611632102068827, 0.1506249984167986, 0.33932439403953896, 0.013522513783662544, 0.1733790467845657]
Recall: -1.0
[1415, 444, 486, 2406, 549]
[0.989769820971867, 0.8125, 0.03125, 0.9993489583333334, 0.6823529411764706]
[0.0611632102068827, 0.1506249984167986, 0.33932439403953896, 0.013522513783662544, 0.1733790467845657]
Accuracy: -1.0
[1415, 444, 486, 2406, 549]
[0.9929328621908127, 0.963963963963964, 0.23045267489711935, 0.9970906068162926, 0.697632058287796]
[0.0611632102068827, 0.1506249984167986, 0.33932439403953896, 0.013522513783662544, 0.1733790467845657]
FScore: -0.9
[1415, 444, 486, 2406, 549]
[0.993581514762516, 0.7647058823529411, 0.010582010582010583, 0.997725056873578, 0.8074245939675175]
[0.0611632102068827, 0.1506249984167986, 0.33932439403953896, 0.013522513783662544, 0.1733790467845657]
Matthews: -1.0
[1415, 444, 486, 2406, 549]
[0.9857563213968253, 0.7467826319940325, -0.500729842275583, 0.9937005959099217, 0.3105151522340377]
[0.0611632102068827, 0.1506249984167986, 0.33932439403953896, 0.013522513783662544, 0.1733790467845657]

Analysis for breast-cancer-original (650)
Precision: -0.5773502691896258
[11, 565, 13, 39, 22]
[1.0, 1.0, 0.0, 1.0, 0.0]
[0.08308745016193426, 5.855541094154913E-4, 0.1566569800298552, 0.014166434477765963, 0.05178684682758474]
Recall: -0.8207826816681233
[11, 565, 13, 39, 22]
[0.5, 0.9927007299270073, 0.0, 0.5714285714285714, 0.0]
[0.08308745016193426, 5.855541094154913E-4, 0.1566569800298552, 0.014166434477765963, 0.05178684682758474]
Accuracy: -0.9
[11, 565, 13, 39, 22]
[0.9090909090909091, 0.9946902654867257, 0.6923076923076923, 0.9230769230769231, 0.7727272727272727]
[0.08308745016193426, 5.855541094154913E-4, 0.1566569800298552, 0.014166434477765963, 0.05178684682758474]
FScore: -0.8207826816681233
[11, 565, 13, 39, 22]
[0.6666666666666666, 0.9963369963369962, 0.0, 0.7272727272727273, 0.0]
[0.08308745016193426, 5.855541094154913E-4, 0.1566569800298552, 0.014166434477765963, 0.05178684682758474]
Matthews: -0.8207826816681233
[11, 565, 13, 39, 22]
[0.6708203932499369, 0.9867785598453385, 0.0, 0.7228063223242011, 0.0]
[0.08308745016193426, 5.855541094154913E-4, 0.1566569800298552, 0.014166434477765963, 0.05178684682758474]

Analysis for mammographic-masses (960)
Precision: -0.9
[59, 91, 222, 493, 95]
[0.1111111111111111, 0.4642857142857143, 0.8181818181818182, 0.9909638554216867, 0.2545454545454545]
[0.40541214907993967, 0.23303876377828067, 0.08945274090589009, 0.032922051939498126, 0.19333558576629772]
Recall: -1.0
[59, 91, 222, 493, 95]
[0.08571428571428572, 0.4727272727272727, 0.863013698630137, 0.9850299401197605, 0.7777777777777778]
[0.40541214907993967, 0.23303876377828067, 0.08945274090589009, 0.032922051939498126, 0.19333558576629772]
Accuracy: -1.0
[59, 91, 222, 493, 95]
[0.05084745762711865, 0.3516483516483517, 0.8918918918918919, 0.9837728194726166, 0.5263157894736842]
[0.40541214907993967, 0.23303876377828067, 0.08945274090589009, 0.032922051939498126, 0.19333558576629772]
FScore: -0.9
[59, 91, 222, 493, 95]
[0.0967741935483871, 0.4684684684684684, 0.8400000000000001, 0.9879879879879879, 0.38356164383561636]
[0.40541214907993967, 0.23303876377828067, 0.08945274090589009, 0.032922051939498126, 0.19333558576629772]
Matthews: -1.0
[59, 91, 222, 493, 95]
[-0.9014978717104176, -0.3624412178045377, 0.7590703316848361, 0.9630299083581945, 0.19470897094414735]
[0.40541214907993967, 0.23303876377828067, 0.08945274090589009, 0.032922051939498126, 0.19333558576629772]

Analysis for phoneme (5400)
Precision: 0.9
[660, 637, 2832, 534, 737]
[0.970856102003643, 0.6367521367521367, 0.06382978723404255, 0.1527777777777778, 0.9977064220183486]
[0.16416007750973985, 0.05845768702358795, 0.009688898805336093, 0.1344301976255113, 0.2960988099624591]
Recall: -0.39999999999999997
[660, 637, 2832, 534, 737]
[0.8433544303797469, 0.9197530864197531, 0.75, 0.8627450980392157, 0.5910326086956522]
[0.16416007750973985, 0.05845768702358795, 0.009688898805336093, 0.1344301976255113, 0.2960988099624591]
Accuracy: -0.7000000000000001
[660, 637, 2832, 534, 737]
[0.8257575757575758, 0.8461538461538461, 0.9841101694915254, 0.5299625468164794, 0.5902306648575305]
[0.16416007750973985, 0.05845768702358795, 0.009688898805336093, 0.1344301976255113, 0.2960988099624591]
FScore: 0.5
[660, 637, 2832, 534, 737]
[0.9026248941574937, 0.7525252525252524, 0.11764705882352941, 0.2595870206489676, 0.742320819112628]
[0.16416007750973985, 0.05845768702358795, 0.009688898805336093, 0.1344301976255113, 0.2960988099624591]
Matthews: -0.9
[660, 637, 2832, 534, 737]
[0.14653467392067657, 0.6691880641559247, 0.21590627314195004, 0.210840896952174, -0.03062676287022601]
[0.16416007750973985, 0.05845768702358795, 0.009688898805336093, 0.1344301976255113, 0.2960988099624591]

Analysis for pima (700)
Precision: -0.7000000000000001
[85, 75, 88, 351, 101]
[0.0, 0.030303030303030304, 0.4, 0.9801980198019802, 1.0]
[0.24116482636597064, 0.1320672095099826, 0.05150708848179198, 0.02016678591453587, 0.0928806431722387]
Recall: -0.9
[85, 75, 88, 351, 101]
[0.0, 0.25, 0.37037037037037035, 0.928125, 0.6060606060606061]
[0.24116482636597064, 0.1320672095099826, 0.05150708848179198, 0.02016678591453587, 0.0928806431722387]
Accuracy: -1.0
[85, 75, 88, 351, 101]
[0.25882352941176473, 0.5333333333333333, 0.6363636363636364, 0.9173789173789174, 0.6138613861386139]
[0.24116482636597064, 0.1320672095099826, 0.05150708848179198, 0.02016678591453587, 0.0928806431722387]
FScore: -0.9
[85, 75, 88, 351, 101]
[0.0, 0.054054054054054064, 0.3846153846153846, 0.9534510433386837, 0.7547169811320755]
[0.24116482636597064, 0.1320672095099826, 0.05150708848179198, 0.02016678591453587, 0.0928806431722387]
Matthews: -0.8
[85, 75, 88, 351, 101]
[0.0, -0.09085191177838903, 0.12728193891839787, 0.6066678781215127, 0.17194165290282745]
[0.24116482636597064, 0.1320672095099826, 0.05150708848179198, 0.02016678591453587, 0.0928806431722387]

Analysis for ring (7400)
Precision: -0.6
[601, 781, 489, 869, 4660]
[0.9120370370370371, 0.9919786096256684, 0.9, 0.06818181818181818, 0.9858925664677157]
[0.15377534230973455, 0.05479900482917257, 0.2957591470988609, 0.09261480275017198, 0.01989382704086089]
Recall: -0.7000000000000001
[601, 781, 489, 869, 4660]
[0.701067615658363, 0.9598965071151359, 0.16875, 1.0, 0.9923539049699618]
[0.15377534230973455, 0.05479900482917257, 0.2957591470988609, 0.09261480275017198, 0.01989382704086089]
Accuracy: -1.0
[601, 781, 489, 869, 4660]
[0.6572379367720466, 0.9526248399487837, 0.1656441717791411, 0.716915995397008, 0.9914163090128756]
[0.15377534230973455, 0.05479900482917257, 0.2957591470988609, 0.09261480275017198, 0.01989382704086089]
FScore: -0.7000000000000001
[601, 781, 489, 869, 4660]
[0.7927565392354124, 0.9756738987508218, 0.28421052631578947, 0.1276595744680851, 0.9891126837234622]
[0.15377534230973455, 0.05479900482917257, 0.2957591470988609, 0.09261480275017198, 0.01989382704086089]
Matthews: -0.9
[601, 781, 489, 869, 4660]
[-0.14974114007885456, 0.10505873885327764, -0.2883140648667699, 0.2201644508745841, 0.9820424203143251]
[0.15377534230973455, 0.05479900482917257, 0.2957591470988609, 0.09261480275017198, 0.01989382704086089]

Analysis for spambase (4550)
Precision: -0.9
[351, 666, 1672, 447, 1414]
[0.0903954802259887, 0.8916967509025271, 0.9940119760479041, 0.3466666666666667, 0.9954296160877514]
[0.3156462623117007, 0.10397757959396332, 0.005404060749850092, 0.17264118025156833, 0.04090401174577054]
Recall: -1.0
[351, 666, 1672, 447, 1414]
[0.1951219512195122, 0.7307692307692307, 0.9923142613151152, 0.5, 0.9749328558639212]
[0.3156462623117007, 0.10397757959396332, 0.005404060749850092, 0.17264118025156833, 0.04090401174577054]
Accuracy: -0.9
[351, 666, 1672, 447, 1414]
[0.35327635327635326, 0.8183183183183184, 0.9904306220095693, 0.8322147651006712, 0.9766619519094767]
[0.3156462623117007, 0.10397757959396332, 0.005404060749850092, 0.17264118025156833, 0.04090401174577054]
FScore: -1.0
[351, 666, 1672, 447, 1414]
[0.12355212355212356, 0.8032520325203252, 0.9931623931623931, 0.4094488188976378, 0.9850746268656717]
[0.3156462623117007, 0.10397757959396332, 0.005404060749850092, 0.17264118025156833, 0.04090401174577054]
Matthews: -1.0
[351, 666, 1672, 447, 1414]
[-0.34138786367123525, 0.6484690339999702, 0.9772301366327739, 0.32257260096135865, 0.9326764729336843]
[0.3156462623117007, 0.10397757959396332, 0.005404060749850092, 0.17264118025156833, 0.04090401174577054]

Analysis for twonorm (7400)
Precision: -0.9746794344808963
[171, 2160, 1037, 3597, 435]
[0.19101123595505617, 1.0, 0.9980842911877394, 1.0, 0.9336099585062241]
[0.2058537090353055, 0.013476055989702638, 0.0396185225223576, 0.00262069099537624, 0.09574675252682846]
Recall: -0.8944271909999159
[171, 2160, 1037, 3597, 435]
[0.2236842105263158, 1.0, 1.0, 1.0, 0.9453781512605042]
[0.2058537090353055, 0.013476055989702638, 0.0396185225223576, 0.00262069099537624, 0.09574675252682846]
Accuracy: -0.9746794344808963
[171, 2160, 1037, 3597, 435]
[0.23391812865497075, 1.0, 0.9990356798457087, 1.0, 0.9333333333333333]
[0.2058537090353055, 0.013476055989702638, 0.0396185225223576, 0.00262069099537624, 0.09574675252682846]
FScore: -0.9746794344808963
[171, 2160, 1037, 3597, 435]
[0.20606060606060608, 1.0, 0.9990412272291467, 1.0, 0.9394572025052191]
[0.2058537090353055, 0.013476055989702638, 0.0396185225223576, 0.00262069099537624, 0.09574675252682846]
Matthews: -0.9746794344808963
[171, 2160, 1037, 3597, 435]
[-0.5313480738225618, 1.0, 0.9980731532836622, 1.0, 0.8653789033793102]
[0.2058537090353055, 0.013476055989702638, 0.0396185225223576, 0.00262069099537624, 0.09574675252682846]

Analysis for wdbc (560)
Precision: 0.872081599272381
[56, 0, 54, 231, 219]
[1.0, 0.0, 1.0, 0.6486486486486487, 0.9452054794520548]
[0.0755837177900408, 0.0, 0.02299492509149839, 0.004784638192188481, 5.070200062433043E-4]
Recall: 0.09999999999999983
[56, 0, 54, 231, 219]
[0.8035714285714286, 0.0, 0.9259259259259259, 0.9230769230769231, 0.9857142857142858]
[0.0755837177900408, 0.0, 0.02299492509149839, 0.004784638192188481, 5.070200062433043E-4]
Accuracy: 0.0
[56, 0, 54, 231, 219]
[0.8035714285714286, 0.0, 0.9259259259259259, 0.935064935064935, 0.9771689497716894]
[0.0755837177900408, 0.0, 0.02299492509149839, 0.004784638192188481, 5.070200062433043E-4]
FScore: 0.30000000000000004
[56, 0, 54, 231, 219]
[0.8910891089108911, 0.0, 0.9615384615384615, 0.7619047619047619, 0.9650349650349651]
[0.0755837177900408, 0.0, 0.02299492509149839, 0.004784638192188481, 5.070200062433043E-4]
Matthews: -0.33541019662496846
[56, 0, 54, 231, 219]
[0.0, 0.0, 0.0, 0.7407808611087353, 0.9485569602334311]
[0.0755837177900408, 0.0, 0.02299492509149839, 0.004784638192188481, 5.070200062433043E-4]
