MultiResolutionExperiment(5, 10, MultiResolutionTransform(20, 0.25))

Analysis for appendicitis (100)
Precision: -0.288675134594813
[1, 0, 76, 18, 5]
[0.0, 0.0, 1.0, 0.0, 1.0]
[0.3819486082859578, 0.0, 0.004630793962156665, 0.16211836535986437, 0.09561220137087964]
Recall: -0.33541019662496846
[1, 0, 76, 18, 5]
[0.0, 0.0, 0.9868421052631579, 0.0, 0.25]
[0.3819486082859578, 0.0, 0.004630793962156665, 0.16211836535986437, 0.09561220137087964]
Accuracy: -0.10259783520851513
[1, 0, 76, 18, 5]
[0.0, 0.0, 0.9868421052631579, 0.5, 0.4]
[0.3819486082859578, 0.0, 0.004630793962156665, 0.16211836535986437, 0.09561220137087964]
FScore: -0.33541019662496846
[1, 0, 76, 18, 5]
[0.0, 0.0, 0.9933774834437086, 0.0, 0.4]
[0.3819486082859578, 0.0, 0.004630793962156665, 0.16211836535986437, 0.09561220137087964]
Matthews: 0.0
[1, 0, 76, 18, 5]
[0.0, 0.0, 0.0, 0.0, 0.25]
[0.3819486082859578, 0.0, 0.004630793962156665, 0.16211836535986437, 0.09561220137087964]

Analysis for banana (5300)
Precision: -0.9
[998, 714, 409, 2676, 503]
[0.96, 0.9982847341337907, 0.0034129692832764505, 1.0, 0.6909090909090909]
[0.09427839648439446, 0.13368037798707877, 0.362611789137626, 0.03322802554562147, 0.21751507400299777]
Recall: -1.0
[998, 714, 409, 2676, 503]
[0.9940828402366864, 0.8434782608695652, 0.024390243902439025, 0.9994620763851533, 0.46060606060606063]
[0.09427839648439446, 0.13368037798707877, 0.362611789137626, 0.03322802554562147, 0.21751507400299777]
Accuracy: -1.0
[998, 714, 409, 2676, 503]
[0.9919839679358717, 0.8473389355742297, 0.1882640586797066, 0.999626307922272, 0.7554671968190855]
[0.09427839648439446, 0.13368037798707877, 0.362611789137626, 0.03322802554562147, 0.21751507400299777]
FScore: -1.0
[998, 714, 409, 2676, 503]
[0.9767441860465116, 0.9143754909662215, 0.005988023952095809, 0.9997309658326607, 0.5527272727272727]
[0.09427839648439446, 0.13368037798707877, 0.362611789137626, 0.03322802554562147, 0.21751507400299777]
Matthews: -0.9
[998, 714, 409, 2676, 503]
[0.9721192094931824, 0.3733641136561859, -0.5124235461933595, 0.9991197326176448, 0.4089097913669072]
[0.09427839648439446, 0.13368037798707877, 0.362611789137626, 0.03322802554562147, 0.21751507400299777]

Analysis for breast-cancer-original (650)
Precision: -0.0
[415, 105, 11, 89, 30]
[1.0, 0.0, 1.0, 1.0, 0.0]
[0.0011593027503143361, 0.018476840545464536, 0.15302127190782702, 0.04996378320543127, 0.12487788854686206]
Recall: -0.41039134083406165
[415, 105, 11, 89, 30]
[0.9879518072289156, 0.0, 0.09090909090909091, 0.6666666666666666, 0.0]
[0.0011593027503143361, 0.018476840545464536, 0.15302127190782702, 0.04996378320543127, 0.12487788854686206]
Accuracy: -0.2051956704170307
[415, 105, 11, 89, 30]
[0.9879518072289156, 1.0, 0.09090909090909091, 0.9887640449438202, 1.0]
[0.0011593027503143361, 0.018476840545464536, 0.15302127190782702, 0.04996378320543127, 0.12487788854686206]
FScore: -0.41039134083406165
[415, 105, 11, 89, 30]
[0.993939393939394, 0.0, 0.16666666666666669, 0.8, 0.0]
[0.0011593027503143361, 0.018476840545464536, 0.15302127190782702, 0.04996378320543127, 0.12487788854686206]
Matthews: -0.0
[415, 105, 11, 89, 30]
[0.0, 0.0, 0.0, 0.8117905095636586, 0.0]
[0.0011593027503143361, 0.018476840545464536, 0.15302127190782702, 0.04996378320543127, 0.12487788854686206]

Analysis for mammographic-masses (960)
Precision: -0.9
[103, 64, 102, 192, 499]
[0.3548387096774194, 0.09375, 0.4406779661016949, 0.8648648648648649, 1.0]
[0.19193569661048196, 0.39457533730137734, 0.2268253092806163, 0.10174237348638122, 0.03894914670934779]
Recall: -1.0
[103, 64, 102, 192, 499]
[0.7586206896551724, 0.08571428571428572, 0.4727272727272727, 0.8648648648648649, 0.9937888198757764]
[0.19193569661048196, 0.39457533730137734, 0.2268253092806163, 0.10174237348638122, 0.03894914670934779]
Accuracy: -1.0
[103, 64, 102, 192, 499]
[0.5436893203883495, 0.046875, 0.39215686274509803, 0.8958333333333334, 0.9959919839679359]
[0.19193569661048196, 0.39457533730137734, 0.2268253092806163, 0.10174237348638122, 0.03894914670934779]
FScore: -1.0
[103, 64, 102, 192, 499]
[0.4835164835164835, 0.08955223880597014, 0.45614035087719296, 0.8648648648648649, 0.9968847352024921]
[0.19193569661048196, 0.39457533730137734, 0.2268253092806163, 0.10174237348638122, 0.03894914670934779]
Matthews: -1.0
[103, 64, 102, 192, 499]
[0.20037485502874902, -0.9102589898327995, -0.2315603439822078, 0.7801191021530005, 0.9913047130821281]
[0.19193569661048196, 0.39457533730137734, 0.2268253092806163, 0.10174237348638122, 0.03894914670934779]

Analysis for phoneme (5400)
Precision: 0.9746794344808963
[661, 986, 2167, 718, 868]
[0.006711409395973154, 0.0, 0.0, 0.9984447900466563, 1.0]
[0.13434978560553598, 0.04296050112219414, 0.004291709413635617, 0.1614851245901465, 0.30031965613151024]
Recall: 0.5642880936468347
[661, 986, 2167, 718, 868]
[1.0, 0.0, 0.0, 0.8979020979020979, 0.5990783410138248]
[0.13434978560553598, 0.04296050112219414, 0.004291709413635617, 0.1614851245901465, 0.30031965613151024]
Accuracy: -0.7000000000000001
[661, 986, 2167, 718, 868]
[0.5521936459909228, 0.920892494929006, 0.9930779880018459, 0.8969359331476323, 0.5990783410138248]
[0.13434978560553598, 0.04296050112219414, 0.004291709413635617, 0.1614851245901465, 0.30031965613151024]
FScore: 0.872081599272381
[661, 986, 2167, 718, 868]
[0.013333333333333332, 0.0, 0.0, 0.9455081001472754, 0.7492795389048992]
[0.13434978560553598, 0.04296050112219414, 0.004291709413635617, 0.1614851245901465, 0.30031965613151024]
Matthews: 0.33541019662496846
[661, 986, 2167, 718, 868]
[0.06080194483574673, 0.0, 0.0, 0.11906781300235071, 0.0]
[0.13434978560553598, 0.04296050112219414, 0.004291709413635617, 0.1614851245901465, 0.30031965613151024]

Analysis for pima (700)
Precision: -0.6708203932499369
[112, 146, 141, 223, 78]
[0.037037037037037035, 1.0, 0.0, 1.0, 1.0]
[0.10042370606400688, 0.05002094112107303, 0.21394289288900806, 0.014967818537479092, 0.11227677116354162]
Recall: -0.9
[112, 146, 141, 223, 78]
[0.14285714285714285, 0.8226950354609929, 0.0, 0.9596412556053812, 0.4805194805194805]
[0.10042370606400688, 0.05002094112107303, 0.21394289288900806, 0.014967818537479092, 0.11227677116354162]
Accuracy: -1.0
[112, 146, 141, 223, 78]
[0.7142857142857143, 0.8287671232876712, 0.3475177304964539, 0.9596412556053812, 0.48717948717948717]
[0.10042370606400688, 0.05002094112107303, 0.21394289288900806, 0.014967818537479092, 0.11227677116354162]
FScore: -0.9
[112, 146, 141, 223, 78]
[0.058823529411764705, 0.9027237354085603, 0.0, 0.9794050343249427, 0.6491228070175439]
[0.10042370606400688, 0.05002094112107303, 0.21394289288900806, 0.014967818537479092, 0.11227677116354162]
Matthews: -0.5
[112, 146, 141, 223, 78]
[-0.0592864861199925, 0.370291559778911, -0.15934695335853347, 0.0, 0.1082588903034916]
[0.10042370606400688, 0.05002094112107303, 0.21394289288900806, 0.014967818537479092, 0.11227677116354162]

Analysis for ring (7400)
Precision: -0.5
[1802, 971, 948, 297, 3382]
[1.0, 0.017241379310344827, 0.9821882951653944, 0.02512562814070352, 0.9891774891774892]
[0.06503728017873917, 0.06570975044827256, 0.23270156951425125, 0.14112243450343515, 0.019386520159926115]
Recall: -0.4472135954999579
[1802, 971, 948, 297, 3382]
[0.9683684794672586, 1.0, 0.410201912858661, 1.0, 1.0]
[0.06503728017873917, 0.06570975044827256, 0.23270156951425125, 0.14112243450343515, 0.019386520159926115]
Accuracy: -0.9
[1802, 971, 948, 297, 3382]
[0.9683684794672586, 0.88259526261586, 0.40717299578059074, 0.3468013468013468, 0.997043169722058]
[0.06503728017873917, 0.06570975044827256, 0.23270156951425125, 0.14112243450343515, 0.019386520159926115]
FScore: -0.6
[1802, 971, 948, 297, 3382]
[0.9839300817592331, 0.03389830508474576, 0.5787106446776612, 0.049019607843137254, 0.9945593035908596]
[0.06503728017873917, 0.06570975044827256, 0.23270156951425125, 0.14112243450343515, 0.019386520159926115]
Matthews: -0.7000000000000001
[1802, 971, 948, 297, 3382]
[0.0, 0.12334091674874931, -0.1024954118006095, 0.09182904675561177, 0.9925570394997772]
[0.06503728017873917, 0.06570975044827256, 0.23270156951425125, 0.14112243450343515, 0.019386520159926115]

Analysis for spambase (4550)
Precision: -0.9
[294, 288, 2750, 320, 898]
[0.11612903225806452, 0.4358974358974359, 0.9990439770554493, 0.6, 0.9299719887955182]
[0.29599585890932584, 0.14448416213404303, 0.015513323205934595, 0.16080626560371783, 0.061541495692918]
Recall: -1.0
[294, 288, 2750, 320, 898]
[0.20689655172413793, 0.723404255319149, 0.9895833333333334, 0.4852941176470588, 0.8783068783068783]
[0.29599585890932584, 0.14448416213404303, 0.015513323205934595, 0.16080626560371783, 0.061541495692918]
Accuracy: -1.0
[294, 288, 2750, 320, 898]
[0.29931972789115646, 0.8020833333333334, 0.9912727272727273, 0.64375, 0.920935412026726]
[0.29599585890932584, 0.14448416213404303, 0.015513323205934595, 0.16080626560371783, 0.061541495692918]
FScore: -1.0
[294, 288, 2750, 320, 898]
[0.1487603305785124, 0.5439999999999999, 0.994291151284491, 0.5365853658536585, 0.9034013605442176]
[0.29599585890932584, 0.14448416213404303, 0.015513323205934595, 0.16080626560371783, 0.061541495692918]
Matthews: -1.0
[294, 288, 2750, 320, 898]
[-0.41593446347998553, 0.4497411162840768, 0.9759733129699154, 0.2562101652235004, 0.8375547964840445]
[0.29599585890932584, 0.14448416213404303, 0.015513323205934595, 0.16080626560371783, 0.061541495692918]

Analysis for twonorm (7400)
Precision: -0.8944271909999159
[163, 2427, 472, 3157, 1181]
[0.11627906976744186, 1.0, 0.9501915708812261, 1.0, 1.0]
[0.21415761975317224, 0.01683144685596619, 0.10238507727438403, 0.004494034103321208, 0.04421385470030411]
Recall: -0.8944271909999159
[163, 2427, 472, 3157, 1181]
[0.136986301369863, 1.0, 0.9649805447470817, 1.0, 1.0]
[0.21415761975317224, 0.01683144685596619, 0.10238507727438403, 0.004494034103321208, 0.04421385470030411]
Accuracy: -0.8944271909999159
[163, 2427, 472, 3157, 1181]
[0.147239263803681, 1.0, 0.9533898305084746, 1.0, 1.0]
[0.21415761975317224, 0.01683144685596619, 0.10238507727438403, 0.004494034103321208, 0.04421385470030411]
FScore: -0.8944271909999159
[163, 2427, 472, 3157, 1181]
[0.12578616352201258, 1.0, 0.9575289575289575, 1.0, 1.0]
[0.21415761975317224, 0.01683144685596619, 0.10238507727438403, 0.004494034103321208, 0.04421385470030411]
Matthews: -0.8944271909999159
[163, 2427, 472, 3157, 1181]
[-0.7046749711832965, 1.0, 0.9060252253969715, 1.0, 1.0]
[0.21415761975317224, 0.01683144685596619, 0.10238507727438403, 0.004494034103321208, 0.04421385470030411]

Analysis for wdbc (560)
Precision: 0.7071067811865476
[71, 56, 42, 37, 354]
[1.0, 1.0, 1.0, 1.0, 0.0]
[0.05256358000729484, 0.027891941401890396, 0.017603529744334448, 0.008439925816835694, 0.001694265731552534]
Recall: 0.0
[71, 56, 42, 37, 354]
[0.8028169014084507, 0.9464285714285714, 0.9761904761904762, 1.0, 0.0]
[0.05256358000729484, 0.027891941401890396, 0.017603529744334448, 0.008439925816835694, 0.001694265731552534]
Accuracy: -0.7000000000000001
[71, 56, 42, 37, 354]
[0.8028169014084507, 0.9464285714285714, 0.9761904761904762, 1.0, 0.9519774011299436]
[0.05256358000729484, 0.027891941401890396, 0.017603529744334448, 0.008439925816835694, 0.001694265731552534]
FScore: 0.0
[71, 56, 42, 37, 354]
[0.890625, 0.9724770642201834, 0.9879518072289156, 1.0, 0.0]
[0.05256358000729484, 0.027891941401890396, 0.017603529744334448, 0.008439925816835694, 0.001694265731552534]
Matthews: NaN
[71, 56, 42, 37, 354]
[0.0, 0.0, 0.0, 0.0, 0.0]
[0.05256358000729484, 0.027891941401890396, 0.017603529744334448, 0.008439925816835694, 0.001694265731552534]
