MultiResolutionExperiment(3, 10, MultiResolutionTransform(40, 0.10))

Analysis for appendicitis (100)
Precision: -1.0
[14, 7, 79]
[0.25, 0.0, 1.0]
[0.05293169536875923, 0.17661438994819903, 0.0027413658376903723]
Recall: -1.0
[14, 7, 79]
[0.25, 0.0, 0.9868421052631579]
[0.05293169536875923, 0.17661438994819903, 0.0027413658376903723]
Accuracy: -1.0
[14, 7, 79]
[0.5714285714285714, 0.0, 0.9873417721518988]
[0.05293169536875923, 0.17661438994819903, 0.0027413658376903723]
FScore: -1.0
[14, 7, 79]
[0.25, 0.0, 0.9933774834437086]
[0.05293169536875923, 0.17661438994819903, 0.0027413658376903723]
Matthews: -0.5
[14, 7, 79]
[-0.05, 0.0, 0.8603090020146066]
[0.05293169536875923, 0.17661438994819903, 0.0027413658376903723]

Analysis for banana (5300)
Precision: -1.0
[1522, 3158, 620]
[0.9821162444113264, 0.9990049751243781, 0.05325443786982249]
[0.10029258581345869, 0.013770172568479913, 0.29545072189613997]
Recall: -1.0
[1522, 3158, 620]
[0.85473411154345, 0.9995022399203584, 0.125]
[0.10029258581345869, 0.013770172568479913, 0.29545072189613997]
Accuracy: -1.0
[1522, 3158, 620]
[0.9185282522996058, 0.9990500316656111, 0.2806451612903226]
[0.10029258581345869, 0.013770172568479913, 0.29545072189613997]
FScore: -1.0
[1522, 3158, 620]
[0.9140083217753121, 0.9992535456581239, 0.07468879668049792]
[0.10029258581345869, 0.013770172568479913, 0.29545072189613997]
Matthews: -1.0
[1522, 3158, 620]
[0.844610459122434, 0.9979477280720768, -0.46409040872547974]
[0.10029258581345869, 0.013770172568479913, 0.29545072189613997]

Analysis for breast-cancer-original (650)
Precision: NaN
[460, 38, 152]
[1.0, 1.0, 1.0]
[0.001063586910298572, 0.11087620872854254, 0.02448966514644719]
Recall: -1.0
[460, 38, 152]
[0.9951219512195122, 0.09090909090909091, 0.5]
[0.001063586910298572, 0.11087620872854254, 0.02448966514644719]
Accuracy: -1.0
[460, 38, 152]
[0.9956521739130435, 0.7368421052631579, 0.9736842105263158]
[0.001063586910298572, 0.11087620872854254, 0.02448966514644719]
FScore: -1.0
[460, 38, 152]
[0.9975550122249389, 0.16666666666666669, 0.6666666666666666]
[0.001063586910298572, 0.11087620872854254, 0.02448966514644719]
Matthews: -1.0
[460, 38, 152]
[0.9781860917119818, 0.25756371316446414, 0.6974858324629157]
[0.001063586910298572, 0.11087620872854254, 0.02448966514644719]

Analysis for mammographic-masses (960)
Precision: -1.0
[109, 581, 270]
[0.15384615384615385, 0.9912280701754386, 0.6142857142857143]
[0.31907627478310846, 0.034621657158953864, 0.13260773762067674]
Recall: -1.0
[109, 581, 270]
[0.19230769230769232, 0.9883381924198251, 0.7166666666666667]
[0.31907627478310846, 0.034621657158953864, 0.13260773762067674]
Accuracy: -1.0
[109, 581, 270]
[0.11009174311926606, 0.9879518072289156, 0.674074074074074]
[0.31907627478310846, 0.034621657158953864, 0.13260773762067674]
FScore: -1.0
[109, 581, 270]
[0.17094017094017094, 0.9897810218978103, 0.6615384615384615]
[0.31907627478310846, 0.034621657158953864, 0.13260773762067674]
Matthews: -1.0
[109, 581, 270]
[-0.7865265117236651, 0.975112211875512, 0.3547015461105108]
[0.31907627478310846, 0.034621657158953864, 0.13260773762067674]

Analysis for phoneme (5400)
Precision: 1.0
[1288, 3081, 1031]
[0.6295399515738499, 0.02564102564102564, 0.9876923076923076]
[0.10078701861473077, 0.010823318869018678, 0.23737999135178886]
Recall: -1.0
[1288, 3081, 1031]
[0.9203539823008849, 1.0, 0.630648330058939]
[0.10078701861473077, 0.010823318869018678, 0.23737999135178886]
Accuracy: -1.0
[1288, 3081, 1031]
[0.7274844720496895, 0.9753326841934437, 0.6275460717749758]
[0.10078701861473077, 0.010823318869018678, 0.23737999135178886]
FScore: 1.0
[1288, 3081, 1031]
[0.7476635514018691, 0.05, 0.7697841726618704]
[0.10078701861473077, 0.010823318869018678, 0.23737999135178886]
Matthews: -0.5
[1288, 3081, 1031]
[0.51432944113256, 0.15813955709854652, 0.0035284716967108813]
[0.10078701861473077, 0.010823318869018678, 0.23737999135178886]

Analysis for pima (700)
Precision: -1.0
[199, 149, 352]
[0.6666666666666666, 0.010416666666666666, 1.0]
[0.06825753411217388, 0.15746876148678254, 0.018916428315814457]
Recall: -1.0
[199, 149, 352]
[0.4329896907216495, 0.25, 0.9312320916905444]
[0.06825753411217388, 0.15746876148678254, 0.018916428315814457]
Accuracy: -1.0
[199, 149, 352]
[0.6180904522613065, 0.3422818791946309, 0.9318181818181818]
[0.06825753411217388, 0.15746876148678254, 0.018916428315814457]
FScore: -1.0
[199, 149, 352]
[0.5249999999999999, 0.019999999999999997, 0.9643916913946587]
[0.06825753411217388, 0.15746876148678254, 0.018916428315814457]
Matthews: -1.0
[199, 149, 352]
[0.2440492011955636, -0.13679817833649335, 0.32166789148135455]
[0.06825753411217388, 0.15746876148678254, 0.018916428315814457]

Analysis for ring (7400)
Precision: -0.5
[821, 4978, 1601]
[0.8622950819672132, 0.9492210040392384, 0.8543689320388349]
[0.19726229739674292, 0.020157704830007447, 0.07119927889904713]
Recall: -1.0
[821, 4978, 1601]
[0.3389175257731959, 0.996969696969697, 0.9240710823909531]
[0.19726229739674292, 0.020157704830007447, 0.07119927889904713]
Accuracy: -1.0
[821, 4978, 1601]
[0.32399512789281365, 0.9813177983125754, 0.8194878201124297]
[0.19726229739674292, 0.020157704830007447, 0.07119927889904713]
FScore: -1.0
[821, 4978, 1601]
[0.486586493987049, 0.9725096068578185, 0.8878540939076445]
[0.19726229739674292, 0.020157704830007447, 0.07119927889904713]
Matthews: -1.0
[821, 4978, 1601]
[-0.2799965610495132, 0.9590357465659638, 0.43787495142176314]
[0.19726229739674292, 0.020157704830007447, 0.07119927889904713]

Analysis for spambase (4550)
Precision: -1.0
[437, 765, 3348]
[0.1889400921658986, 0.74, 0.995268817204301]
[0.20969028166482606, 0.08535259374031721, 0.012906030831315769]
Recall: -1.0
[437, 765, 3348]
[0.29285714285714287, 0.7007575757575758, 0.9821731748726655]
[0.20969028166482606, 0.08535259374031721, 0.012906030831315769]
Accuracy: -1.0
[437, 765, 3348]
[0.3707093821510298, 0.8117647058823529, 0.9841696535244923]
[0.20969028166482606, 0.08535259374031721, 0.012906030831315769]
FScore: -1.0
[437, 765, 3348]
[0.22969187675070027, 0.7198443579766536, 0.988677632984405]
[0.20969028166482606, 0.08535259374031721, 0.012906030831315769]
Matthews: -1.0
[437, 765, 3348]
[-0.2797300643165647, 0.5787570425379067, 0.9626118203418088]
[0.20969028166482606, 0.08535259374031721, 0.012906030831315769]

Analysis for twonorm (7400)
Precision: -0.8660254037844386
[1402, 5664, 334]
[1.0, 1.0, 0.48554913294797686]
[0.03484558251712945, 0.0036780215695120977, 0.13861890585142359]
Recall: -0.8660254037844386
[1402, 5664, 334]
[1.0, 1.0, 0.5384615384615384]
[0.03484558251712945, 0.0036780215695120977, 0.13861890585142359]
Accuracy: -0.8660254037844386
[1402, 5664, 334]
[1.0, 1.0, 0.5179640718562875]
[0.03484558251712945, 0.0036780215695120977, 0.13861890585142359]
FScore: -0.8660254037844386
[1402, 5664, 334]
[1.0, 1.0, 0.5106382978723405]
[0.03484558251712945, 0.0036780215695120977, 0.13861890585142359]
Matthews: -0.8660254037844386
[1402, 5664, 334]
[1.0, 1.0, 0.03840280638977669]
[0.03484558251712945, 0.0036780215695120977, 0.13861890585142359]

Analysis for wdbc (560)
Precision: 1.0
[84, 111, 365]
[1.0, 0.9908256880733946, 0.42857142857142855]
[0.027009072922545476, 0.008549791735515908, 7.390438113143891E-4]
Recall: -1.0
[84, 111, 365]
[0.8095238095238095, 0.9818181818181818, 1.0]
[0.027009072922545476, 0.008549791735515908, 7.390438113143891E-4]
Accuracy: -0.5
[84, 111, 365]
[0.8095238095238095, 0.972972972972973, 0.9561643835616438]
[0.027009072922545476, 0.008549791735515908, 7.390438113143891E-4]
FScore: 0.5
[84, 111, 365]
[0.8947368421052632, 0.9863013698630138, 0.6]
[0.027009072922545476, 0.008549791735515908, 7.390438113143891E-4]
Matthews: -0.5
[84, 111, 365]
[0.0, -0.012915326995195566, 0.6396452881859622]
[0.027009072922545476, 0.008549791735515908, 7.390438113143891E-4]
