MultiResolutionExperiment(3, 10, MultiResolutionTransform(10, 0.30)

Analysis for appendicitis (100)
Precision: -0.8660254037844386
[15, 78, 7]
[0.0, 1.0, 0.0]
[0.11064386556921345, 0.008400864661717126, 0.315952386620279]
Recall: -0.8660254037844386
[15, 78, 7]
[0.0, 0.987012987012987, 0.0]
[0.11064386556921345, 0.008400864661717126, 0.315952386620279]
Accuracy: -1.0
[15, 78, 7]
[0.5333333333333333, 0.9871794871794872, 0.14285714285714285]
[0.11064386556921345, 0.008400864661717126, 0.315952386620279]
FScore: -0.8660254037844386
[15, 78, 7]
[0.0, 0.9934640522875817, 0.0]
[0.11064386556921345, 0.008400864661717126, 0.315952386620279]
Matthews: -0.5
[15, 78, 7]
[-0.30151134457776363, 0.7025001733142089, 0.0]
[0.11064386556921345, 0.008400864661717126, 0.315952386620279]

Analysis for banana (5300)
Precision: -1.0
[643, 2998, 1659]
[0.030120481927710843, 0.997569275644142, 0.9888888888888889]
[0.3417213068308943, 0.054812348651340735, 0.1535008919077183]
Recall: -1.0
[643, 2998, 1659]
[0.0970873786407767, 0.9941860465116279, 0.8229854689564069]
[0.3417213068308943, 0.054812348651340735, 0.1535008919077183]
Accuracy: -1.0
[643, 2998, 1659]
[0.3545878693623639, 0.9943295530353569, 0.9150090415913201]
[0.3417213068308943, 0.054812348651340735, 0.1535008919077183]
FScore: -1.0
[643, 2998, 1659]
[0.04597701149425287, 0.9958747876728948, 0.8983417447728911]
[0.3417213068308943, 0.054812348651340735, 0.1535008919077183]
Matthews: -1.0
[643, 2998, 1659]
[-0.36639420042306964, 0.9868227632218086, 0.8366632672333043]
[0.3417213068308943, 0.054812348651340735, 0.1535008919077183]

Analysis for breast-cancer-original (650)
Precision: -0.8660254037844386
[579, 17, 54]
[1.0, 0.0, 1.0]
[0.0020239216897009827, 0.19558227053918487, 0.0628080162565298]
Recall: -1.0
[579, 17, 54]
[0.9879807692307693, 0.0, 0.2857142857142857]
[0.0020239216897009827, 0.19558227053918487, 0.0628080162565298]
Accuracy: -1.0
[579, 17, 54]
[0.9913644214162349, 0.6470588235294118, 0.9074074074074074]
[0.0020239216897009827, 0.19558227053918487, 0.0628080162565298]
FScore: -1.0
[579, 17, 54]
[0.9939540507859734, 0.0, 0.4444444444444445]
[0.0020239216897009827, 0.19558227053918487, 0.0628080162565298]
Matthews: -1.0
[579, 17, 54]
[0.9790692415096747, 0.0, 0.5081749287811809]
[0.0020239216897009827, 0.19558227053918487, 0.0628080162565298]

Analysis for mammographic-masses (960)
Precision: -1.0
[139, 500, 321]
[0.3048780487804878, 0.9880597014925373, 0.6076923076923076]
[0.35163020117089794, 0.046964003999420786, 0.14834288141849103]
Recall: -1.0
[139, 500, 321]
[0.31645569620253167, 0.9821958456973294, 0.797979797979798]
[0.35163020117089794, 0.046964003999420786, 0.14834288141849103]
Accuracy: -1.0
[139, 500, 321]
[0.2014388489208633, 0.98, 0.778816199376947]
[0.35163020117089794, 0.046964003999420786, 0.14834288141849103]
FScore: -1.0
[139, 500, 321]
[0.31055900621118016, 0.9851190476190477, 0.6899563318777292]
[0.35163020117089794, 0.046964003999420786, 0.14834288141849103]
Matthews: -1.0
[139, 500, 321]
[-0.6380016579897982, 0.9546713659005185, 0.5346200242915937]
[0.35163020117089794, 0.046964003999420786, 0.14834288141849103]

Analysis for phoneme (5400)
Precision: 1.0
[1020, 3085, 1295]
[0.462738301559792, 0.0, 0.9977753058954394]
[0.13557452756937977, 0.019479044460722458, 0.30778215837280026]
Recall: 0.5
[1020, 3085, 1295]
[0.9081632653061225, 0.0, 0.6948102246320682]
[0.13557452756937977, 0.019479044460722458, 0.30778215837280026]
Accuracy: -0.5
[1020, 3085, 1295]
[0.6696078431372549, 0.9747163695299838, 0.6942084942084942]
[0.13557452756937977, 0.019479044460722458, 0.30778215837280026]
FScore: 1.0
[1020, 3085, 1295]
[0.6130884041331802, 0.0, 0.8191780821917809]
[0.13557452756937977, 0.019479044460722458, 0.30778215837280026]
Matthews: 0.5
[1020, 3085, 1295]
[0.4396905744107422, 0.0, 0.02346266960827755]
[0.13557452756937977, 0.019479044460722458, 0.30778215837280026]

Analysis for pima (700)
Precision: -1.0
[121, 140, 439]
[0.0, 0.2571428571428571, 0.9862637362637363]
[0.27583380926621526, 0.11707323413186972, 0.045337379840816636]
Recall: -1.0
[121, 140, 439]
[0.0, 0.23684210526315788, 0.8713592233009708]
[0.27583380926621526, 0.11707323413186972, 0.045337379840816636]
Accuracy: -1.0
[121, 140, 439]
[0.2975206611570248, 0.6071428571428571, 0.8678815489749431]
[0.27583380926621526, 0.11707323413186972, 0.045337379840816636]
FScore: -1.0
[121, 140, 439]
[0.0, 0.2465753424657534, 0.9252577319587629]
[0.27583380926621526, 0.11707323413186972, 0.045337379840816636]
Matthews: -0.5
[121, 140, 439]
[0.0, -0.018547162802488575, 0.4380094180388837]
[0.27583380926621526, 0.11707323413186972, 0.045337379840816636]

Analysis for ring (7400)
Precision: 0.5
[749, 5435, 1216]
[0.9149797570850202, 0.9044805514524865, 0.899909008189263]
[0.3143218871517529, 0.03932099769163983, 0.12189608757821695]
Recall: -1.0
[749, 5435, 1216]
[0.31043956043956045, 0.9924365207995678, 0.911520737327189]
[0.3143218871517529, 0.03932099769163983, 0.12189608757821695]
Accuracy: -1.0
[749, 5435, 1216]
[0.30173564753004006, 0.9617295308187672, 0.8305921052631579]
[0.3143218871517529, 0.03932099769163983, 0.12189608757821695]
FScore: -1.0
[749, 5435, 1216]
[0.4635897435897436, 0.9464193714580114, 0.9056776556776557]
[0.3143218871517529, 0.03932099769163983, 0.12189608757821695]
Matthews: -1.0
[749, 5435, 1216]
[-0.2421292961952122, 0.9191416684639568, 0.07551633594347607]
[0.3143218871517529, 0.03932099769163983, 0.12189608757821695]

Analysis for spambase (4550)
Precision: -1.0
[689, 1060, 2801]
[0.12446351931330472, 0.9135514018691588, 0.994838104176443]
[0.30053855614614994, 0.12056565596379101, 0.027456547363045473]
Recall: -1.0
[689, 1060, 2801]
[0.25892857142857145, 0.7883064516129032, 0.9851301115241635]
[0.30053855614614994, 0.12056565596379101, 0.027456547363045473]
Accuracy: -1.0
[689, 1060, 2801]
[0.5834542815674891, 0.8660377358490566, 0.9846483398786148]
[0.30053855614614994, 0.12056565596379101, 0.027456547363045473]
FScore: -1.0
[689, 1060, 2801]
[0.1681159420289855, 0.8463203463203463, 0.9899603081951902]
[0.30053855614614994, 0.12056565596379101, 0.027456547363045473]
Matthews: -1.0
[689, 1060, 2801]
[-0.07379707721296308, 0.7349540602736154, 0.9575707969102019]
[0.30053855614614994, 0.12056565596379101, 0.027456547363045473]

Analysis for twonorm (7400)
Precision: -1.0
[485, 4428, 2487]
[0.6641221374045801, 1.0, 0.9991889699918897]
[0.17828424929893483, 0.011334880128537374, 0.05009602870525253]
Recall: -0.8660254037844386
[485, 4428, 2487]
[0.7073170731707317, 1.0, 1.0]
[0.17828424929893483, 0.011334880128537374, 0.05009602870525253]
Accuracy: -1.0
[485, 4428, 2487]
[0.6701030927835051, 1.0, 0.9995979091274628]
[0.17828424929893483, 0.011334880128537374, 0.05009602870525253]
FScore: -1.0
[485, 4428, 2487]
[0.68503937007874, 1.0, 0.9995943204868154]
[0.17828424929893483, 0.011334880128537374, 0.05009602870525253]
Matthews: -1.0
[485, 4428, 2487]
[0.3401825329000029, 1.0, 0.9991960785961561]
[0.17828424929893483, 0.011334880128537374, 0.05009602870525253]

Analysis for wdbc (560)
Precision: 0.8660254037844386
[68, 63, 429]
[1.0, 1.0, 0.8131868131868132]
[0.10498287003342731, 0.03266004738585497, 0.005292900428389326]
Recall: -1.0
[68, 63, 429]
[0.8235294117647058, 0.9206349206349206, 0.9866666666666667]
[0.10498287003342731, 0.03266004738585497, 0.005292900428389326]
Accuracy: -1.0
[68, 63, 429]
[0.8235294117647058, 0.9206349206349206, 0.958041958041958]
[0.10498287003342731, 0.03266004738585497, 0.005292900428389326]
FScore: 0.5
[68, 63, 429]
[0.9032258064516129, 0.9586776859504132, 0.8915662650602411]
[0.10498287003342731, 0.03266004738585497, 0.005292900428389326]
Matthews: -0.8660254037844386
[68, 63, 429]
[0.0, 0.0, 0.8720756416465334]
[0.10498287003342731, 0.03266004738585497, 0.005292900428389326]
