MultiResolutionExperiment(5, 10, MultiResolutionTransform(40, 0.30))

Analysis for appendicitis (100)
Precision: -0.0
[1, 0, 80, 19, 0]
[0.0, 0.0, 1.0, 0.0, 0.0]
[0.35581094242842015, 0.0, 0.00966579093367968, 0.15819714205610552, 0.0]
Recall: -0.0
[1, 0, 80, 19, 0]
[0.0, 0.0, 0.95, 0.0, 0.0]
[0.35581094242842015, 0.0, 0.00966579093367968, 0.15819714205610552, 0.0]
Accuracy: 0.22941573387056177
[1, 0, 80, 19, 0]
[0.0, 0.0, 0.95, 0.5263157894736842, 0.0]
[0.35581094242842015, 0.0, 0.00966579093367968, 0.15819714205610552, 0.0]
FScore: -0.0
[1, 0, 80, 19, 0]
[0.0, 0.0, 0.9743589743589743, 0.0, 0.0]
[0.35581094242842015, 0.0, 0.00966579093367968, 0.15819714205610552, 0.0]
Matthews: NaN
[1, 0, 80, 19, 0]
[0.0, 0.0, 0.0, 0.0, 0.0]
[0.35581094242842015, 0.0, 0.00966579093367968, 0.15819714205610552, 0.0]

Analysis for banana (5300)
Precision: -0.9
[991, 721, 399, 2686, 503]
[0.9613259668508287, 0.9982817869415808, 0.0034482758620689655, 1.0, 0.6542056074766355]
[0.09964821573360368, 0.13005150890819184, 0.34928315435337765, 0.037797530917839335, 0.2151353332163106]
Recall: -1.0
[991, 721, 399, 2686, 503]
[0.9942857142857143, 0.8408104196816208, 0.027777777777777776, 0.9994623655913979, 0.43209876543209874]
[0.09964821573360368, 0.13005150890819184, 0.34928315435337765, 0.037797530917839335, 0.2151353332163106]
Accuracy: -1.0
[991, 721, 399, 2686, 503]
[0.9919273461150353, 0.8460471567267683, 0.18796992481203006, 0.9996276991809382, 0.7435387673956262]
[0.09964821573360368, 0.13005150890819184, 0.34928315435337765, 0.037797530917839335, 0.2151353332163106]
FScore: -1.0
[991, 721, 399, 2686, 503]
[0.9775280898876405, 0.9128043990573448, 0.0061349693251533735, 0.999731110513579, 0.520446096654275]
[0.09964821573360368, 0.13005150890819184, 0.34928315435337765, 0.037797530917839335, 0.2151353332163106]
Matthews: -1.0
[991, 721, 399, 2686, 503]
[0.9728150308290392, 0.4087530119783878, -0.494037774022053, 0.9991265314516768, 0.36948445159387805]
[0.09964821573360368, 0.13005150890819184, 0.34928315435337765, 0.037797530917839335, 0.2151353332163106]

Analysis for breast-cancer-original (650)
Precision: -0.0
[415, 106, 11, 85, 33]
[1.0, 0.0, 1.0, 1.0, 0.0]
[0.0010887539474517258, 0.017632077376252754, 0.14578084781287, 0.04714907061513985, 0.11430593161846708]
Recall: -0.2051956704170307
[415, 106, 11, 85, 33]
[0.9879518072289156, 0.0, 0.09090909090909091, 1.0, 0.0]
[0.0010887539474517258, 0.017632077376252754, 0.14578084781287, 0.04714907061513985, 0.11430593161846708]
Accuracy: -0.051298917604258434
[415, 106, 11, 85, 33]
[0.9879518072289156, 0.9905660377358491, 0.09090909090909091, 1.0, 1.0]
[0.0010887539474517258, 0.017632077376252754, 0.14578084781287, 0.04714907061513985, 0.11430593161846708]
FScore: -0.2051956704170307
[415, 106, 11, 85, 33]
[0.993939393939394, 0.0, 0.16666666666666669, 1.0, 0.0]
[0.0010887539474517258, 0.017632077376252754, 0.14578084781287, 0.04714907061513985, 0.11430593161846708]
Matthews: -0.0
[415, 106, 11, 85, 33]
[0.0, 0.0, 0.0, 1.0, 0.0]
[0.0010887539474517258, 0.017632077376252754, 0.14578084781287, 0.04714907061513985, 0.11430593161846708]

Analysis for mammographic-masses (960)
Precision: -0.9
[106, 61, 106, 199, 488]
[0.3220338983050847, 0.1, 0.43548387096774194, 0.868421052631579, 1.0]
[0.17922034904816997, 0.3847139717204691, 0.2237176568418693, 0.09867023566990739, 0.038387388585944204]
Recall: -1.0
[106, 61, 106, 199, 488]
[0.7916666666666666, 0.08823529411764706, 0.46551724137931033, 0.8571428571428571, 0.9937888198757764]
[0.17922034904816997, 0.3847139717204691, 0.2237176568418693, 0.09867023566990739, 0.038387388585944204]
Accuracy: -1.0
[106, 61, 106, 199, 488]
[0.5754716981132075, 0.04918032786885246, 0.37735849056603776, 0.8944723618090452, 0.9959016393442623]
[0.17922034904816997, 0.3847139717204691, 0.2237176568418693, 0.09867023566990739, 0.038387388585944204]
FScore: -1.0
[106, 61, 106, 199, 488]
[0.4578313253012048, 0.09375000000000001, 0.45, 0.8627450980392157, 0.9968847352024921]
[0.17922034904816997, 0.3847139717204691, 0.2237176568418693, 0.09867023566990739, 0.038387388585944204]
Matthews: -1.0
[106, 61, 106, 199, 488]
[0.25598451933892674, -0.9058632541913364, -0.2663417576670431, 0.7770805606044351, 0.9909379398284945]
[0.17922034904816997, 0.3847139717204691, 0.2237176568418693, 0.09867023566990739, 0.038387388585944204]

Analysis for phoneme (5400)
Precision: 0.8660254037844386
[663, 991, 2161, 749, 836]
[0.0, 0.0, 0.0, 1.0, 1.0]
[0.12922494821289285, 0.04160545561601052, 0.0043978622456535815, 0.16145111121192313, 0.29237650075111465]
Recall: 0.7826237921249264
[663, 991, 2161, 749, 836]
[0.0, 0.0, 0.0, 0.8878504672897196, 0.59688995215311]
[0.12922494821289285, 0.04160545561601052, 0.0043978622456535815, 0.16145111121192313, 0.29237650075111465]
Accuracy: -0.7000000000000001
[663, 991, 2161, 749, 836]
[0.5520361990950227, 0.9212916246215943, 0.993058769088385, 0.8878504672897196, 0.59688995215311]
[0.12922494821289285, 0.04160545561601052, 0.0043978622456535815, 0.16145111121192313, 0.29237650075111465]
FScore: 0.7826237921249264
[663, 991, 2161, 749, 836]
[0.0, 0.0, 0.0, 0.9405940594059405, 0.747565543071161]
[0.12922494821289285, 0.04160545561601052, 0.0043978622456535815, 0.16145111121192313, 0.29237650075111465]
Matthews: NaN
[663, 991, 2161, 749, 836]
[0.0, 0.0, 0.0, 0.0, 0.0]
[0.12922494821289285, 0.04160545561601052, 0.0043978622456535815, 0.16145111121192313, 0.29237650075111465]

Analysis for pima (700)
Precision: -0.4743416490252569
[110, 98, 138, 282, 72]
[0.0, 0.9833333333333333, 0.0, 1.0, 1.0]
[0.10171694979794753, 0.0584185810765033, 0.20903619746782987, 0.02052919883030838, 0.10786504714100344]
Recall: -0.8207826816681233
[110, 98, 138, 282, 72]
[0.0, 0.6555555555555556, 0.0, 0.950354609929078, 0.5694444444444444]
[0.10171694979794753, 0.0584185810765033, 0.20903619746782987, 0.02052919883030838, 0.10786504714100344]
Accuracy: -0.9
[110, 98, 138, 282, 72]
[0.7272727272727273, 0.673469387755102, 0.34057971014492755, 0.950354609929078, 0.5694444444444444]
[0.10171694979794753, 0.0584185810765033, 0.20903619746782987, 0.02052919883030838, 0.10786504714100344]
FScore: -0.8207826816681233
[110, 98, 138, 282, 72]
[0.0, 0.7866666666666666, 0.0, 0.9745454545454546, 0.7256637168141593]
[0.10171694979794753, 0.0584185810765033, 0.20903619746782987, 0.02052919883030838, 0.10786504714100344]
Matthews: -0.6668859288553503
[110, 98, 138, 282, 72]
[-0.1080747137660584, 0.2981464833535059, -0.1634340364603086, 0.0, 0.0]
[0.10171694979794753, 0.0584185810765033, 0.20903619746782987, 0.02052919883030838, 0.10786504714100344]

Analysis for ring (7400)
Precision: -0.5
[1841, 949, 961, 295, 3354]
[1.0, 0.008620689655172414, 0.9827586206896551, 0.03015075376884422, 0.9885321100917431]
[0.06245908799757778, 0.06409653521374538, 0.2248771861976088, 0.13536468886564543, 0.019443217097290376]
Recall: -0.4472135954999579
[1841, 949, 961, 295, 3354]
[0.9690385659967409, 1.0, 0.41823899371069184, 1.0, 1.0]
[0.06245908799757778, 0.06409653521374538, 0.2248771861976088, 0.13536468886564543, 0.019443217097290376]
Accuracy: -0.9
[1841, 949, 961, 295, 3354]
[0.9690385659967409, 0.8788198103266597, 0.41519250780437045, 0.34576271186440677, 0.9970184853905785]
[0.06245908799757778, 0.06409653521374538, 0.2248771861976088, 0.13536468886564543, 0.019443217097290376]
FScore: -0.6
[1841, 949, 961, 295, 3354]
[0.9842758620689656, 0.017094017094017096, 0.586764705882353, 0.05853658536585366, 0.9942329873125721]
[0.06245908799757778, 0.06409653521374538, 0.2248771861976088, 0.13536468886564543, 0.019443217097290376]
Matthews: -0.6
[1841, 949, 961, 295, 3354]
[0.0, 0.0870340788943382, -0.1001516958288868, 0.10007734658941213, 0.9922526330628239]
[0.06245908799757778, 0.06409653521374538, 0.2248771861976088, 0.13536468886564543, 0.019443217097290376]

Analysis for spambase (4550)
Precision: -1.0
[236, 294, 2556, 506, 958]
[0.11764705882352941, 0.29896907216494845, 0.9995049504950495, 0.6791044776119403, 0.9506172839506173]
[0.30405686080211836, 0.18259497181764045, 0.014286219179638024, 0.12332083079033775, 0.05314150322965522]
Recall: -1.0
[236, 294, 2556, 506, 958]
[0.2191780821917808, 0.5, 0.9911634756995582, 0.5548780487804879, 0.8995327102803738]
[0.30405686080211836, 0.18259497181764045, 0.014286219179638024, 0.12332083079033775, 0.05314150322965522]
Accuracy: -1.0
[236, 294, 2556, 506, 958]
[0.25, 0.6700680272108843, 0.9925665101721439, 0.7707509881422925, 0.9342379958246346]
[0.30405686080211836, 0.18259497181764045, 0.014286219179638024, 0.12332083079033775, 0.05314150322965522]
FScore: -1.0
[236, 294, 2556, 506, 958]
[0.15311004784688995, 0.37419354838709673, 0.9953167365048066, 0.6107382550335572, 0.9243697478991597]
[0.30405686080211836, 0.18259497181764045, 0.014286219179638024, 0.12332083079033775, 0.05314150322965522]
Matthews: -1.0
[236, 294, 2556, 506, 958]
[-0.4836059553711021, 0.17931186161428345, 0.9775102746588419, 0.4552157125878803, 0.8673105916341574]
[0.30405686080211836, 0.18259497181764045, 0.014286219179638024, 0.12332083079033775, 0.05314150322965522]

Analysis for twonorm (7400)
Precision: -0.8944271909999159
[160, 2478, 499, 3044, 1219]
[0.0963855421686747, 1.0, 0.9490909090909091, 1.0, 1.0]
[0.20671021047840593, 0.01677514333605605, 0.09851515030922989, 0.004832857818094233, 0.04282454076596407]
Recall: -0.8944271909999159
[160, 2478, 499, 3044, 1219]
[0.11267605633802817, 1.0, 0.9666666666666667, 1.0, 1.0]
[0.20671021047840593, 0.01677514333605605, 0.09851515030922989, 0.004832857818094233, 0.04282454076596407]
Accuracy: -0.8944271909999159
[160, 2478, 499, 3044, 1219]
[0.1375, 1.0, 0.9539078156312625, 1.0, 1.0]
[0.20671021047840593, 0.01677514333605605, 0.09851515030922989, 0.004832857818094233, 0.04282454076596407]
FScore: -0.8944271909999159
[160, 2478, 499, 3044, 1219]
[0.1038961038961039, 1.0, 0.9577981651376146, 1.0, 1.0]
[0.20671021047840593, 0.01677514333605605, 0.09851515030922989, 0.004832857818094233, 0.04282454076596407]
Matthews: -0.8944271909999159
[160, 2478, 499, 3044, 1219]
[-0.7258967770382267, 1.0, 0.9072202415114339, 1.0, 1.0]
[0.20671021047840593, 0.01677514333605605, 0.09851515030922989, 0.004832857818094233, 0.04282454076596407]

Analysis for wdbc (560)
Precision: 0.4472135954999579
[56, 1, 83, 64, 356]
[1.0, 0.0, 1.0, 1.0, 0.15789473684210525]
[0.05428474625187322, 0.014832082455384744, 0.026763103268386868, 0.010816431457234682, 0.00160610670950203]
Recall: -0.7000000000000001
[56, 1, 83, 64, 356]
[0.8035714285714286, 0.0, 0.927710843373494, 0.984375, 1.0]
[0.05428474625187322, 0.014832082455384744, 0.026763103268386868, 0.010816431457234682, 0.00160610670950203]
Accuracy: -0.6
[56, 1, 83, 64, 356]
[0.8035714285714286, 0.0, 0.927710843373494, 0.984375, 0.9550561797752809]
[0.05428474625187322, 0.014832082455384744, 0.026763103268386868, 0.010816431457234682, 0.00160610670950203]
FScore: 0.09999999999999983
[56, 1, 83, 64, 356]
[0.8910891089108911, 0.0, 0.9625, 0.9921259842519685, 0.2727272727272727]
[0.05428474625187322, 0.014832082455384744, 0.026763103268386868, 0.010816431457234682, 0.00160610670950203]
Matthews: -0.7071067811865476
[56, 1, 83, 64, 356]
[0.0, 0.0, 0.0, 0.0, 0.38824996444162363]
[0.05428474625187322, 0.014832082455384744, 0.026763103268386868, 0.010816431457234682, 0.00160610670950203]
