MultiResolutionExperiment(4, 10, MultiResolutionTransform(20, 0.10)

Analysis for appendicitis (100)
Precision: -0.9486832980505138
[2, 16, 6, 76]
[1.0, 0.2, 0.0, 1.0]
[0.025248515248087376, 0.041018361533276475, 0.24177411777403704, 0.003114040664113112]
Recall: -0.8
[2, 16, 6, 76]
[1.0, 0.3333333333333333, 0.0, 0.9733333333333334]
[0.025248515248087376, 0.041018361533276475, 0.24177411777403704, 0.003114040664113112]
Accuracy: -0.8
[2, 16, 6, 76]
[1.0, 0.625, 0.0, 0.9736842105263158]
[0.025248515248087376, 0.041018361533276475, 0.24177411777403704, 0.003114040664113112]
FScore: -0.8
[2, 16, 6, 76]
[1.0, 0.25, 0.0, 0.9864864864864865]
[0.025248515248087376, 0.041018361533276475, 0.24177411777403704, 0.003114040664113112]
Matthews: -0.6324555320336759
[2, 16, 6, 76]
[0.0, 0.021591675854376522, 0.0, 0.5696002496878354]
[0.025248515248087376, 0.041018361533276475, 0.24177411777403704, 0.003114040664113112]

Analysis for banana (5300)
Precision: -0.8
[2877, 689, 450, 1284]
[0.9966348850252383, 0.9004149377593361, 0.0, 0.9971139971139971]
[0.010458999509011678, 0.18071202451474283, 0.34032558376426647, 0.07108331051438944]
Recall: -1.0
[2877, 689, 450, 1284]
[0.9988757729061271, 0.5896739130434783, 0.0, 0.9732394366197183]
[0.010458999509011678, 0.18071202451474283, 0.34032558376426647, 0.07108331051438944]
Accuracy: -1.0
[2877, 689, 450, 1284]
[0.997219325686479, 0.7460087082728593, 0.18, 0.9836448598130841]
[0.010458999509011678, 0.18071202451474283, 0.34032558376426647, 0.07108331051438944]
FScore: -1.0
[2877, 689, 450, 1284]
[0.9977540707467716, 0.7126436781609194, 0.0, 0.985032074126871]
[0.010458999509011678, 0.18071202451474283, 0.34032558376426647, 0.07108331051438944]
Matthews: -1.0
[2877, 689, 450, 1284]
[0.9941087668972431, 0.538589848915142, -0.5974624674758574, 0.9673571416926093]
[0.010458999509011678, 0.18071202451474283, 0.34032558376426647, 0.07108331051438944]

Analysis for breast-cancer-original (650)
Precision: -0.7745966692414835
[580, 43, 12, 15]
[1.0, 1.0, 0.0, 1.0]
[5.200173358862669E-4, 0.023639082703282608, 0.14047994006510187, 0.07781809867022842]
Recall: -0.9486832980505139
[580, 43, 12, 15]
[0.9927360774818402, 0.25, 0.0, 0.25]
[5.200173358862669E-4, 0.023639082703282608, 0.14047994006510187, 0.07781809867022842]
Accuracy: -1.0
[580, 43, 12, 15]
[0.9948275862068966, 0.8604651162790697, 0.6666666666666666, 0.8]
[5.200173358862669E-4, 0.023639082703282608, 0.14047994006510187, 0.07781809867022842]
FScore: -0.9486832980505139
[580, 43, 12, 15]
[0.9963547995139732, 0.4, 0.0, 0.4]
[5.200173358862669E-4, 0.023639082703282608, 0.14047994006510187, 0.07781809867022842]
Matthews: -1.0
[580, 43, 12, 15]
[0.9875308630753159, 0.4619682176798978, 0.0, 0.44320263021395917]
[5.200173358862669E-4, 0.023639082703282608, 0.14047994006510187, 0.07781809867022842]

Analysis for mammographic-masses (960)
Precision: -1.0
[114, 121, 507, 218]
[0.34328358208955223, 0.26865671641791045, 0.9910179640718563, 0.7974683544303798]
[0.18195690804154632, 0.3136111153603357, 0.030192750566073845, 0.08355253882704393]
Recall: -0.8000000000000002
[114, 121, 507, 218]
[0.8214285714285714, 0.2535211267605634, 0.9851190476190477, 0.7875]
[0.18195690804154632, 0.3136111153603357, 0.030192750566073845, 0.08355253882704393]
Accuracy: -1.0
[114, 121, 507, 218]
[0.5701754385964912, 0.15702479338842976, 0.9842209072978304, 0.8486238532110092]
[0.18195690804154632, 0.3136111153603357, 0.030192750566073845, 0.08355253882704393]
FScore: -1.0
[114, 121, 507, 218]
[0.4842105263157894, 0.2608695652173913, 0.9880597014925373, 0.7924528301886793]
[0.18195690804154632, 0.3136111153603357, 0.030192750566073845, 0.08355253882704393]
Matthews: -1.0
[114, 121, 507, 218]
[0.2709095131808247, -0.7196194356328554, 0.9648418482114149, 0.6733596667374478]
[0.18195690804154632, 0.3136111153603357, 0.030192750566073845, 0.08355253882704393]

Analysis for phoneme (5400)
Precision: 0.8
[995, 716, 3061, 628]
[0.39748953974895396, 0.9467353951890034, 0.5104895104895105, 0.9971509971509972]
[0.0935545064445398, 0.15819102834384705, 0.009680411797084414, 0.28913437124900937]
Recall: -1.0
[995, 716, 3061, 628]
[0.9004739336492891, 0.8223880597014925, 0.948051948051948, 0.5582137161084529]
[0.0935545064445398, 0.15819102834384705, 0.009680411797084414, 0.28913437124900937]
Accuracy: -0.8
[995, 716, 3061, 628]
[0.6894472361809045, 0.7905027932960894, 0.9758248938255472, 0.5573248407643312]
[0.0935545064445398, 0.15819102834384705, 0.009680411797084414, 0.28913437124900937]
FScore: 0.6
[995, 716, 3061, 628]
[0.5515239477503628, 0.8801916932907348, 0.6636363636363637, 0.7157464212678936]
[0.0935545064445398, 0.15819102834384705, 0.009680411797084414, 0.28913437124900937]
Matthews: -1.0
[995, 716, 3061, 628]
[0.43618498613867007, 0.0933374232207649, 0.6860960940028042, -0.035477463007624985]
[0.0935545064445398, 0.15819102834384705, 0.009680411797084414, 0.28913437124900937]

Analysis for pima (700)
Precision: -0.8
[142, 96, 94, 368]
[0.974025974025974, 0.0, 0.05555555555555555, 0.9667774086378738]
[0.0715023613276169, 0.2168292197041439, 0.09350742630926902, 0.017045544925441424]
Recall: -1.0
[142, 96, 94, 368]
[0.6097560975609756, 0.0, 0.25, 0.917981072555205]
[0.0715023613276169, 0.2168292197041439, 0.09350742630926902, 0.017045544925441424]
Accuracy: -1.0
[142, 96, 94, 368]
[0.647887323943662, 0.25, 0.574468085106383, 0.9021739130434783]
[0.0715023613276169, 0.2168292197041439, 0.09350742630926902, 0.017045544925441424]
FScore: -1.0
[142, 96, 94, 368]
[0.7500000000000001, 0.0, 0.0909090909090909, 0.9417475728155339]
[0.0715023613276169, 0.2168292197041439, 0.09350742630926902, 0.017045544925441424]
Matthews: -1.0
[142, 96, 94, 368]
[0.3447326421717566, -0.23933896964248294, -0.08343351369409097, 0.6463573634510472]
[0.0715023613276169, 0.2168292197041439, 0.09350742630926902, 0.017045544925441424]

Analysis for ring (7400)
Precision: -0.39999999999999997
[760, 538, 1569, 4533]
[0.867003367003367, 0.8584070796460177, 0.7267002518891688, 0.9930703624733476]
[0.1228068207283591, 0.2765370256481819, 0.06492432724349138, 0.0167976073070682]
Recall: -1.0
[760, 538, 1569, 4533]
[0.7640949554896143, 0.18582375478927204, 0.9746621621621622, 0.9930703624733476]
[0.1228068207283591, 0.2765370256481819, 0.06492432724349138, 0.0167976073070682]
Accuracy: -1.0
[760, 538, 1569, 4533]
[0.6868421052631579, 0.18029739776951673, 0.8521351179094965, 0.9942642841385396]
[0.1228068207283591, 0.2765370256481819, 0.06492432724349138, 0.0167976073070682]
FScore: -1.0
[760, 538, 1569, 4533]
[0.8123028391167192, 0.30551181102362207, 0.8326118326118326, 0.9930703624733476]
[0.1228068207283591, 0.2765370256481819, 0.06492432724349138, 0.0167976073070682]
Matthews: -1.0
[760, 538, 1569, 4533]
[-0.11846434145013798, -0.3395314304187861, 0.7295994684481493, 0.9881776263047364]
[0.1228068207283591, 0.2765370256481819, 0.06492432724349138, 0.0167976073070682]

Analysis for spambase (4550)
Precision: -1.0
[395, 1489, 622, 2044]
[0.10160427807486631, 0.9754901960784313, 0.6222222222222222, 0.9944827586206897]
[0.29677601283753063, 0.054246097343086906, 0.14697030963336577, 0.0069938984665087744]
Recall: -1.0
[395, 1489, 622, 2044]
[0.2289156626506024, 0.939565627950897, 0.5283018867924528, 0.9883481836874571]
[0.29677601283753063, 0.054246097343086906, 0.14697030963336577, 0.0069938984665087744]
Accuracy: -1.0
[395, 1489, 622, 2044]
[0.41265822784810124, 0.9402283411685695, 0.797427652733119, 0.9877690802348337]
[0.29677601283753063, 0.054246097343086906, 0.14697030963336577, 0.0069938984665087744]
FScore: -1.0
[395, 1489, 622, 2044]
[0.14074074074074075, 0.957190957190957, 0.5714285714285715, 0.9914059814369198]
[0.29677601283753063, 0.054246097343086906, 0.14697030963336577, 0.0069938984665087744]
Matthews: -1.0
[395, 1489, 622, 2044]
[-0.2525741467808632, 0.8599666383399602, 0.4424768154440903, 0.9702581012343315]
[0.29677601283753063, 0.054246097343086906, 0.14697030963336577, 0.0069938984665087744]

Analysis for twonorm (7400)
Precision: -1.0
[191, 4835, 1798, 576]
[0.22916666666666666, 1.0, 0.9988505747126437, 0.9558359621451105]
[0.18869544305194053, 0.0028099467015539697, 0.021249712289067885, 0.07444956564665986]
Recall: -0.9486832980505139
[191, 4835, 1798, 576]
[0.2619047619047619, 1.0, 1.0, 0.9680511182108626]
[0.18869544305194053, 0.0028099467015539697, 0.021249712289067885, 0.07444956564665986]
Accuracy: -1.0
[191, 4835, 1798, 576]
[0.2879581151832461, 1.0, 0.9994438264738599, 0.9583333333333334]
[0.18869544305194053, 0.0028099467015539697, 0.021249712289067885, 0.07444956564665986]
FScore: -1.0
[191, 4835, 1798, 576]
[0.24444444444444444, 1.0, 0.9994249568717654, 0.9619047619047619]
[0.18869544305194053, 0.0028099467015539697, 0.021249712289067885, 0.07444956564665986]
Matthews: -1.0
[191, 4835, 1798, 576]
[-0.4265631338597279, 1.0, 0.9988870735570722, 0.916021760860142]
[0.18869544305194053, 0.0028099467015539697, 0.021249712289067885, 0.07444956564665986]

Analysis for wdbc (560)
Precision: 0.9486832980505138
[23, 49, 445, 43]
[1.0, 1.0, 0.8476190476190476, 0.975]
[0.09778636233876326, 0.04218520087553488, 0.0022038305873750704, 0.012140957089365705]
Recall: -1.0
[23, 49, 445, 43]
[0.6956521739130435, 0.8979591836734694, 0.967391304347826, 0.9285714285714286]
[0.09778636233876326, 0.04218520087553488, 0.0022038305873750704, 0.012140957089365705]
Accuracy: -1.0
[23, 49, 445, 43]
[0.6956521739130435, 0.8979591836734694, 0.9573033707865168, 0.9069767441860465]
[0.09778636233876326, 0.04218520087553488, 0.0022038305873750704, 0.012140957089365705]
FScore: -0.4
[23, 49, 445, 43]
[0.8205128205128205, 0.9462365591397849, 0.9035532994923857, 0.951219512195122]
[0.09778636233876326, 0.04218520087553488, 0.0022038305873750704, 0.012140957089365705]
Matthews: -0.31622776601683794
[23, 49, 445, 43]
[0.0, 0.0, 0.8794455242505416, -0.042257712736425826]
[0.09778636233876326, 0.04218520087553488, 0.0022038305873750704, 0.012140957089365705]
