MultiResolutionExperiment(5, 10, MultiResolutionTransform(20, 0.20))

Analysis for appendicitis (100)
Precision: -0.5773502691896258
[9, 1, 76, 10, 4]
[0.0, 0.0, 1.0, 0.0, 1.0]
[0.08713276308375723, 0.38192185007974494, 0.004091059242043468, 0.1894060727678481, 0.10301630249774663]
Recall: -0.6708203932499369
[9, 1, 76, 10, 4]
[0.0, 0.0, 0.9868421052631579, 0.0, 0.25]
[0.08713276308375723, 0.38192185007974494, 0.004091059242043468, 0.1894060727678481, 0.10301630249774663]
Accuracy: -0.9
[9, 1, 76, 10, 4]
[1.0, 0.0, 0.9868421052631579, 0.1, 0.25]
[0.08713276308375723, 0.38192185007974494, 0.004091059242043468, 0.1894060727678481, 0.10301630249774663]
FScore: -0.6708203932499369
[9, 1, 76, 10, 4]
[0.0, 0.0, 0.9933774834437086, 0.0, 0.4]
[0.08713276308375723, 0.38192185007974494, 0.004091059242043468, 0.1894060727678481, 0.10301630249774663]
Matthews: NaN
[9, 1, 76, 10, 4]
[0.0, 0.0, 0.0, 0.0, 0.0]
[0.08713276308375723, 0.38192185007974494, 0.004091059242043468, 0.1894060727678481, 0.10301630249774663]

Analysis for banana (5300)
Precision: -0.9
[699, 1020, 488, 2700, 393]
[0.9982638888888888, 0.9595375722543352, 0.6454545454545455, 1.0, 0.0]
[0.13116261738002927, 0.08268883833870601, 0.2180205566534587, 0.025740652260940557, 0.36375310034967134]
Recall: -0.9
[699, 1020, 488, 2700, 393]
[0.8455882352941176, 1.0, 0.42771084337349397, 0.9994663820704376, 0.0]
[0.13116261738002927, 0.08268883833870601, 0.2180205566534587, 0.025740652260940557, 0.36375310034967134]
Accuracy: -1.0
[699, 1020, 488, 2700, 393]
[0.8483547925608012, 0.9931372549019608, 0.7254098360655737, 0.9996296296296296, 0.17302798982188294]
[0.13116261738002927, 0.08268883833870601, 0.2180205566534587, 0.025740652260940557, 0.36375310034967134]
FScore: -1.0
[699, 1020, 488, 2700, 393]
[0.9156050955414011, 0.9793510324483776, 0.5144927536231885, 0.9997331198291968, 0.0]
[0.13116261738002927, 0.08268883833870601, 0.2180205566534587, 0.025740652260940557, 0.36375310034967134]
Matthews: -0.9
[699, 1020, 488, 2700, 393]
[0.33862335514911746, 0.9755370368093037, 0.3476175808711582, 0.9991285390143816, -0.5383511405870267]
[0.13116261738002927, 0.08268883833870601, 0.2180205566534587, 0.025740652260940557, 0.36375310034967134]

Analysis for breast-cancer-original (650)
Precision: -0.7071067811865476
[415, 9, 34, 159, 33]
[1.0, 0.0, 1.0, 1.0, 1.0]
[0.0010662741606193113, 0.2053183671921465, 0.10425346014857426, 0.023518317317546604, 0.058972471304866984]
Recall: -0.7000000000000001
[415, 9, 34, 159, 33]
[0.9903381642512077, 0.0, 0.16666666666666666, 0.3333333333333333, 1.0]
[0.0010662741606193113, 0.2053183671921465, 0.10425346014857426, 0.023518317317546604, 0.058972471304866984]
Accuracy: -0.7000000000000001
[415, 9, 34, 159, 33]
[0.9903614457831326, 0.4444444444444444, 0.8529411764705882, 0.9874213836477987, 1.0]
[0.0010662741606193113, 0.2053183671921465, 0.10425346014857426, 0.023518317317546604, 0.058972471304866984]
FScore: -0.7000000000000001
[415, 9, 34, 159, 33]
[0.9951456310679612, 0.0, 0.2857142857142857, 0.5, 1.0]
[0.0010662741606193113, 0.2053183671921465, 0.10425346014857426, 0.023518317317546604, 0.058972471304866984]
Matthews: -0.6
[415, 9, 34, 159, 33]
[0.44504789950098805, 0.0, 0.37605071654517747, 0.5736845161328942, 1.0]
[0.0010662741606193113, 0.2053183671921465, 0.10425346014857426, 0.023518317317546604, 0.058972471304866984]

Analysis for mammographic-masses (960)
Precision: -0.9
[109, 65, 102, 185, 499]
[0.3387096774193548, 0.09090909090909091, 0.43103448275862066, 0.8918918918918919, 1.0]
[0.18943074879193172, 0.3889401633030469, 0.2137427252984598, 0.09558043514860914, 0.03599602795770693]
Recall: -1.0
[109, 65, 102, 185, 499]
[0.7241379310344828, 0.08571428571428572, 0.46296296296296297, 0.88, 0.9937888198757764]
[0.18943074879193172, 0.3889401633030469, 0.2137427252984598, 0.09558043514860914, 0.03599602795770693]
Accuracy: -1.0
[109, 65, 102, 185, 499]
[0.5504587155963303, 0.046153846153846156, 0.39215686274509803, 0.9081081081081082, 0.9959919839679359]
[0.18943074879193172, 0.3889401633030469, 0.2137427252984598, 0.09558043514860914, 0.03599602795770693]
FScore: -1.0
[109, 65, 102, 185, 499]
[0.4615384615384615, 0.08823529411764705, 0.44642857142857145, 0.8859060402684563, 0.9968847352024921]
[0.18943074879193172, 0.3889401633030469, 0.2137427252984598, 0.09558043514860914, 0.03599602795770693]
Matthews: -1.0
[109, 65, 102, 185, 499]
[0.1888394496060043, -0.9116846116771035, -0.22628988984465778, 0.8090398349558905, 0.9913047130821281]
[0.18943074879193172, 0.3889401633030469, 0.2137427252984598, 0.09558043514860914, 0.03599602795770693]

Analysis for phoneme (5400)
Precision: 0.9746794344808963
[545, 629, 2647, 743, 836]
[0.05166051660516605, 0.0, 0.0, 0.9939301972685888, 0.9979838709677419]
[0.14155227253299638, 0.0630333791224906, 0.007712877022074121, 0.1540323865981772, 0.29510030331167547]
Recall: 0.5642880936468347
[545, 629, 2647, 743, 836]
[0.9333333333333333, 0.0, 0.0, 0.891156462585034, 0.592814371257485]
[0.14155227253299638, 0.0630333791224906, 0.007712877022074121, 0.1540323865981772, 0.29510030331167547]
Accuracy: -0.5
[545, 629, 2647, 743, 836]
[0.5266055045871559, 0.8457869634340223, 0.9882886286361919, 0.8869448183041723, 0.5921052631578947]
[0.14155227253299638, 0.0630333791224906, 0.007712877022074121, 0.1540323865981772, 0.29510030331167547]
FScore: 0.872081599272381
[545, 629, 2647, 743, 836]
[0.0979020979020979, 0.0, 0.0, 0.93974175035868, 0.743801652892562]
[0.14155227253299638, 0.0630333791224906, 0.007712877022074121, 0.1540323865981772, 0.29510030331167547]
Matthews: -0.15389675281277299
[545, 629, 2647, 743, 836]
[0.146729028819806, 0.0, 0.0, 0.12748433493306996, -0.028652029031571886]
[0.14155227253299638, 0.0630333791224906, 0.007712877022074121, 0.1540323865981772, 0.29510030331167547]

Analysis for pima (700)
Precision: -0.7905694150420949
[99, 98, 120, 298, 85]
[0.0, 0.9459459459459459, 0.0, 1.0, 1.0]
[0.11308016228956778, 0.060290330439731664, 0.21208001800145437, 0.020060942320966547, 0.10307573104241603]
Recall: -0.872081599272381
[99, 98, 120, 298, 85]
[0.0, 0.5645161290322581, 0.0, 0.9429530201342282, 0.611764705882353]
[0.11308016228956778, 0.060290330439731664, 0.21208001800145437, 0.020060942320966547, 0.10307573104241603]
Accuracy: -1.0
[99, 98, 120, 298, 85]
[0.5858585858585859, 0.7040816326530612, 0.35, 0.9429530201342282, 0.611764705882353]
[0.11308016228956778, 0.060290330439731664, 0.21208001800145437, 0.020060942320966547, 0.10307573104241603]
FScore: -0.872081599272381
[99, 98, 120, 298, 85]
[0.0, 0.7070707070707071, 0.0, 0.9706390328151986, 0.759124087591241]
[0.11308016228956778, 0.060290330439731664, 0.21208001800145437, 0.020060942320966547, 0.10307573104241603]
Matthews: -0.8207826816681233
[99, 98, 120, 298, 85]
[-0.13952495516843608, 0.5061339350838668, -0.17110175024477653, 0.0, 0.0]
[0.11308016228956778, 0.060290330439731664, 0.21208001800145437, 0.020060942320966547, 0.10307573104241603]

Analysis for ring (7400)
Precision: -0.09999999999999983
[1621, 993, 877, 300, 3609]
[1.0, 0.0423728813559322, 0.9732142857142857, 0.04926108374384237, 0.9914456800684346]
[0.06747476361725185, 0.06415094337941125, 0.23050782819055382, 0.13869131474479496, 0.017934063148532322]
Recall: -0.9746794344808963
[1621, 993, 877, 300, 3609]
[0.9568167797655768, 1.0, 0.37672811059907835, 0.9090909090909091, 1.0]
[0.06747476361725185, 0.06415094337941125, 0.23050782819055382, 0.13869131474479496, 0.017934063148532322]
Accuracy: -0.8
[1621, 993, 877, 300, 3609]
[0.9568167797655768, 0.8862034239677744, 0.3728620296465222, 0.35333333333333333, 0.9972291493488501]
[0.06747476361725185, 0.06415094337941125, 0.23050782819055382, 0.13869131474479496, 0.017934063148532322]
FScore: -0.30000000000000004
[1621, 993, 877, 300, 3609]
[0.9779319041614123, 0.0813008130081301, 0.5431893687707641, 0.09345794392523366, 0.9957044673539519]
[0.06747476361725185, 0.06415094337941125, 0.23050782819055382, 0.13869131474479496, 0.017934063148532322]
Matthews: -0.9
[1621, 993, 877, 300, 3609]
[0.0, 0.19371781092526522, -0.1292082921170712, 0.09694294611963, 0.9936795071887771]
[0.06747476361725185, 0.06415094337941125, 0.23050782819055382, 0.13869131474479496, 0.017934063148532322]

Analysis for spambase (4550)
Precision: -1.0
[298, 313, 2777, 282, 880]
[0.11875, 0.5568181818181818, 0.9990416866315285, 0.5376344086021505, 0.9258241758241759]
[0.28451098082242, 0.12995347011920394, 0.013610853736313983, 0.16127889818380103, 0.05832277536610589]
Recall: -1.0
[298, 313, 2777, 282, 880]
[0.21348314606741572, 0.7777777777777778, 0.9895586141433318, 0.43859649122807015, 0.8708010335917312]
[0.28451098082242, 0.12995347011920394, 0.013610853736313983, 0.16127889818380103, 0.05832277536610589]
Accuracy: -1.0
[298, 313, 2777, 282, 880]
[0.29194630872483224, 0.8306709265175719, 0.9913575801224342, 0.6205673758865248, 0.9125]
[0.28451098082242, 0.12995347011920394, 0.013610853736313983, 0.16127889818380103, 0.05832277536610589]
FScore: -1.0
[298, 313, 2777, 282, 880]
[0.15261044176706828, 0.6490066225165563, 0.9942775393419171, 0.4830917874396135, 0.8974700399467378]
[0.28451098082242, 0.12995347011920394, 0.013610853736313983, 0.16127889818380103, 0.05832277536610589]
Matthews: -1.0
[298, 313, 2777, 282, 880]
[-0.42327085065579917, 0.5545527717498518, 0.9768173447364432, 0.1906515595713817, 0.8224543705191377]
[0.28451098082242, 0.12995347011920394, 0.013610853736313983, 0.16127889818380103, 0.05832277536610589]

Analysis for twonorm (7400)
Precision: -0.8944271909999159
[155, 2341, 438, 3372, 1094]
[0.0975609756097561, 1.0, 0.9369747899159664, 1.0, 1.0]
[0.21076452092639608, 0.015195855783488296, 0.10070998019562603, 0.0035169884887985147, 0.0425598303929348]
Recall: -0.8944271909999159
[155, 2341, 438, 3372, 1094]
[0.11428571428571428, 1.0, 0.9570815450643777, 1.0, 1.0]
[0.21076452092639608, 0.015195855783488296, 0.10070998019562603, 0.0035169884887985147, 0.0425598303929348]
Accuracy: -0.8944271909999159
[155, 2341, 438, 3372, 1094]
[0.12258064516129032, 1.0, 0.9429223744292238, 1.0, 1.0]
[0.21076452092639608, 0.015195855783488296, 0.10070998019562603, 0.0035169884887985147, 0.0425598303929348]
FScore: -0.8944271909999159
[155, 2341, 438, 3372, 1094]
[0.10526315789473684, 1.0, 0.9469214437367305, 1.0, 1.0]
[0.21076452092639608, 0.015195855783488296, 0.10070998019562603, 0.0035169884887985147, 0.0425598303929348]
Matthews: -0.8944271909999159
[155, 2341, 438, 3372, 1094]
[-0.7540248773257396, 1.0, 0.8854414763166619, 1.0, 1.0]
[0.21076452092639608, 0.015195855783488296, 0.10070998019562603, 0.0035169884887985147, 0.0425598303929348]

Analysis for wdbc (560)
Precision: 0.7071067811865476
[64, 52, 53, 37, 354]
[1.0, 1.0, 1.0, 1.0, 0.0]
[0.048196605648216886, 0.02683493958328936, 0.01658083650383241, 0.007018505387020016, 0.0014237971201977529]
Recall: 0.09999999999999983
[64, 52, 53, 37, 354]
[0.828125, 0.8846153846153846, 1.0, 0.972972972972973, 0.0]
[0.048196605648216886, 0.02683493958328936, 0.01658083650383241, 0.007018505387020016, 0.0014237971201977529]
Accuracy: -0.6000000000000001
[64, 52, 53, 37, 354]
[0.828125, 0.8846153846153846, 1.0, 0.972972972972973, 0.9519774011299436]
[0.048196605648216886, 0.02683493958328936, 0.01658083650383241, 0.007018505387020016, 0.0014237971201977529]
FScore: 0.09999999999999983
[64, 52, 53, 37, 354]
[0.905982905982906, 0.9387755102040816, 1.0, 0.9863013698630138, 0.0]
[0.048196605648216886, 0.02683493958328936, 0.01658083650383241, 0.007018505387020016, 0.0014237971201977529]
Matthews: NaN
[64, 52, 53, 37, 354]
[0.0, 0.0, 0.0, 0.0, 0.0]
[0.048196605648216886, 0.02683493958328936, 0.01658083650383241, 0.007018505387020016, 0.0014237971201977529]
