MultiResolutionExperiment(3, 10, MultiResolutionTransform(20, 0.15))

Analysis for appendicitis (100)
Precision: -0.8660254037844386
[10, 77, 13]
[0.0, 1.0, 1.0]
[0.19507097195872553, 0.0036053850665024984, 0.08422433469935561]
Recall: -1.0
[10, 77, 13]
[0.0, 0.9868421052631579, 0.25]
[0.19507097195872553, 0.0036053850665024984, 0.08422433469935561]
Accuracy: -1.0
[10, 77, 13]
[0.0, 0.987012987012987, 0.7692307692307693]
[0.19507097195872553, 0.0036053850665024984, 0.08422433469935561]
FScore: -1.0
[10, 77, 13]
[0.0, 0.9933774834437086, 0.4]
[0.19507097195872553, 0.0036053850665024984, 0.08422433469935561]
Matthews: -1.0
[10, 77, 13]
[0.0, 0.7024393586862705, 0.4330127018922193]
[0.19507097195872553, 0.0036053850665024984, 0.08422433469935561]

Analysis for banana (5300)
Precision: -1.0
[1796, 2864, 640]
[0.9821428571428571, 1.0, 0.05309734513274336]
[0.10590127621479385, 0.020296064909258317, 0.31581848324086836]
Recall: -1.0
[1796, 2864, 640]
[0.8604091456077015, 0.9979550102249489, 0.13138686131386862]
[0.10590127621479385, 0.020296064909258317, 0.31581848324086836]
Accuracy: -1.0
[1796, 2864, 640]
[0.928173719376392, 0.9986033519553073, 0.3125]
[0.10590127621479385, 0.020296064909258317, 0.31581848324086836]
FScore: -1.0
[1796, 2864, 640]
[0.9172546504169339, 0.9989764585465711, 0.07563025210084034]
[0.10590127621479385, 0.020296064909258317, 0.31581848324086836]
Matthews: -1.0
[1796, 2864, 640]
[0.8601303823890664, 0.9967838354257493, -0.41647042965929315]
[0.10590127621479385, 0.020296064909258317, 0.31581848324086836]

Analysis for breast-cancer-original (650)
Precision: NaN
[427, 48, 175]
[1.0, 1.0, 1.0]
[0.0012377036058979698, 0.1190620822372211, 0.025259088771867878]
Recall: -1.0
[427, 48, 175]
[0.9903381642512077, 0.09090909090909091, 0.5]
[0.0012377036058979698, 0.1190620822372211, 0.025259088771867878]
Accuracy: -1.0
[427, 48, 175]
[0.990632318501171, 0.7916666666666666, 0.9885714285714285]
[0.0012377036058979698, 0.1190620822372211, 0.025259088771867878]
FScore: -1.0
[427, 48, 175]
[0.9951456310679612, 0.16666666666666669, 0.6666666666666666]
[0.0012377036058979698, 0.1190620822372211, 0.025259088771867878]
Matthews: -1.0
[427, 48, 175]
[0.8702398633259176, 0.26751959020079114, 0.7030075769002713]
[0.0012377036058979698, 0.1190620822372211, 0.025259088771867878]

Analysis for mammographic-masses (960)
Precision: -1.0
[130, 537, 293]
[0.21052631578947367, 0.9969879518072289, 0.6330935251798561]
[0.3120770723806328, 0.035254170551301325, 0.1366310778022824]
Recall: -1.0
[130, 537, 293]
[0.24242424242424243, 0.9910179640718563, 0.7652173913043478]
[0.3120770723806328, 0.035254170551301325, 0.1366310778022824]
Accuracy: -1.0
[130, 537, 293]
[0.15384615384615385, 0.9925512104283054, 0.7337883959044369]
[0.3120770723806328, 0.035254170551301325, 0.1366310778022824]
FScore: -1.0
[130, 537, 293]
[0.22535211267605634, 0.9939939939939939, 0.6929133858267716]
[0.3120770723806328, 0.035254170551301325, 0.1366310778022824]
Matthews: -1.0
[130, 537, 293]
[-0.7051644673301372, 0.9842210559540017, 0.46811771427465676]
[0.3120770723806328, 0.035254170551301325, 0.1366310778022824]

Analysis for phoneme (5400)
Precision: 1.0
[1213, 3124, 1063]
[0.6221374045801527, 0.0, 0.995575221238938]
[0.12149078337006733, 0.014101599017105431, 0.26567836014207596]
Recall: 0.5
[1213, 3124, 1063]
[0.9226415094339623, 0.0, 0.6398104265402843]
[0.12149078337006733, 0.014101599017105431, 0.26567836014207596]
Accuracy: -1.0
[1213, 3124, 1063]
[0.7213520197856554, 0.971190781049936, 0.6396989651928504]
[0.12149078337006733, 0.014101599017105431, 0.26567836014207596]
FScore: 1.0
[1213, 3124, 1063]
[0.7431610942249239, 0.0, 0.7789959607616849]
[0.12149078337006733, 0.014101599017105431, 0.26567836014207596]
Matthews: 0.5
[1213, 3124, 1063]
[0.5065946940877846, 0.0, 0.04761689718484307]
[0.12149078337006733, 0.014101599017105431, 0.26567836014207596]

Analysis for pima (700)
Precision: -1.0
[190, 158, 352]
[0.7049180327868853, 0.010101010101010102, 1.0]
[0.08239756612086699, 0.18260671108072452, 0.024089781715771905]
Recall: -1.0
[190, 158, 352]
[0.4479166666666667, 0.25, 0.9257142857142857]
[0.08239756612086699, 0.18260671108072452, 0.024089781715771905]
Accuracy: -1.0
[190, 158, 352]
[0.6263157894736842, 0.36075949367088606, 0.9261363636363636]
[0.08239756612086699, 0.18260671108072452, 0.024089781715771905]
FScore: -1.0
[190, 158, 352]
[0.5477707006369427, 0.01941747572815534, 0.9614243323442137]
[0.08239756612086699, 0.18260671108072452, 0.024089781715771905]
Matthews: -0.5
[190, 158, 352]
[0.2746022166530465, -0.12547089556979893, 0.2571428571428571]
[0.08239756612086699, 0.18260671108072452, 0.024089781715771905]

Analysis for ring (7400)
Precision: -1.0
[868, 4807, 1725]
[0.8753709198813057, 0.9193333333333333, 0.8948051948051948]
[0.22252855771341631, 0.025673955465775514, 0.07642898041704148]
Recall: -1.0
[868, 4807, 1725]
[0.3580097087378641, 0.998551774076756, 0.9444825222755312]
[0.22252855771341631, 0.025673955465775514, 0.07642898041704148]
Accuracy: -1.0
[868, 4807, 1725]
[0.3421658986175115, 0.9744123153734138, 0.8591304347826086]
[0.22252855771341631, 0.025673955465775514, 0.07642898041704148]
FScore: -1.0
[868, 4807, 1725]
[0.508182601205857, 0.957306490801805, 0.918972990996999]
[0.22252855771341631, 0.025673955465775514, 0.07642898041704148]
Matthews: -1.0
[868, 4807, 1725]
[-0.2685123131080939, 0.9407179339680853, 0.3915281011353135]
[0.22252855771341631, 0.025673955465775514, 0.07642898041704148]

Analysis for spambase (4550)
Precision: -1.0
[438, 796, 3316]
[0.17972350230414746, 0.7569721115537849, 0.9944061962134251]
[0.24149768561542093, 0.09886810595716176, 0.016747891459862836]
Recall: -1.0
[438, 796, 3316]
[0.291044776119403, 0.6859205776173285, 0.9838229033631333]
[0.24149768561542093, 0.09886810595716176, 0.016747891459862836]
Accuracy: -1.0
[438, 796, 3316]
[0.3767123287671233, 0.8140703517587939, 0.9846200241254524]
[0.24149768561542093, 0.09886810595716176, 0.016747891459862836]
FScore: -1.0
[438, 796, 3316]
[0.2222222222222222, 0.7196969696969697, 0.9890862401027177]
[0.24149768561542093, 0.09886810595716176, 0.016747891459862836]
Matthews: -1.0
[438, 796, 3316]
[-0.2714071360798553, 0.582683177796432, 0.9632130427628599]
[0.24149768561542093, 0.09886810595716176, 0.016747891459862836]

Analysis for twonorm (7400)
Precision: -0.8660254037844386
[1631, 5416, 353]
[1.0, 1.0, 0.510989010989011]
[0.040320629851193675, 0.005556009598309814, 0.15430267310229842]
Recall: -0.8660254037844386
[1631, 5416, 353]
[1.0, 1.0, 0.5636363636363636]
[0.040320629851193675, 0.005556009598309814, 0.15430267310229842]
Accuracy: -0.8660254037844386
[1631, 5416, 353]
[1.0, 1.0, 0.5439093484419264]
[0.040320629851193675, 0.005556009598309814, 0.15430267310229842]
FScore: -0.8660254037844386
[1631, 5416, 353]
[1.0, 1.0, 0.5360230547550432]
[0.040320629851193675, 0.005556009598309814, 0.15430267310229842]
Matthews: -0.8660254037844386
[1631, 5416, 353]
[1.0, 1.0, 0.09008412251105619]
[0.040320629851193675, 0.005556009598309814, 0.15430267310229842]

Analysis for wdbc (560)
Precision: 0.8660254037844386
[86, 114, 360]
[1.0, 1.0, 0.2608695652173913]
[0.03899672002578681, 0.013499386436996852, 0.0011778727385844028]
Recall: -1.0
[86, 114, 360]
[0.813953488372093, 0.9824561403508771, 1.0]
[0.03899672002578681, 0.013499386436996852, 0.0011778727385844028]
Accuracy: -0.5
[86, 114, 360]
[0.813953488372093, 0.9824561403508771, 0.9527777777777777]
[0.03899672002578681, 0.013499386436996852, 0.0011778727385844028]
FScore: 0.5
[86, 114, 360]
[0.8974358974358974, 0.9911504424778761, 0.41379310344827586]
[0.03899672002578681, 0.013499386436996852, 0.0011778727385844028]
Matthews: -0.8660254037844386
[86, 114, 360]
[0.0, 0.0, 0.49833917238117104]
[0.03899672002578681, 0.013499386436996852, 0.0011778727385844028]
