MultiResolutionExperiment(3, 10, MultiResolutionTransform(50, 0.25))

Analysis for appendicitis (100)
Precision: -0.8660254037844386
[19, 76, 5]
[0.0, 1.0, 1.0]
[0.16057788420379437, 0.004291233613781463, 0.08623872671192559]
Recall: -1.0
[19, 76, 5]
[0.0, 0.9868421052631579, 0.25]
[0.16057788420379437, 0.004291233613781463, 0.08623872671192559]
Accuracy: -0.5
[19, 76, 5]
[0.47368421052631576, 0.9868421052631579, 0.4]
[0.16057788420379437, 0.004291233613781463, 0.08623872671192559]
FScore: -1.0
[19, 76, 5]
[0.0, 0.9933774834437086, 0.4]
[0.16057788420379437, 0.004291233613781463, 0.08623872671192559]
Matthews: 0.0
[19, 76, 5]
[0.0, 0.0, 0.25]
[0.16057788420379437, 0.004291233613781463, 0.08623872671192559]

Analysis for banana (5300)
Precision: -1.0
[1787, 2870, 643]
[0.981021897810219, 1.0, 0.041791044776119404]
[0.11533514541631634, 0.03323021918693307, 0.30528143709949274]
Recall: -1.0
[1787, 2870, 643]
[0.8571428571428571, 0.9945273631840796, 0.1076923076923077]
[0.11533514541631634, 0.03323021918693307, 0.30528143709949274]
Accuracy: -1.0
[1787, 2870, 643]
[0.9300503637381086, 0.9961672473867595, 0.3203732503888025]
[0.11533514541631634, 0.03323021918693307, 0.30528143709949274]
FScore: -1.0
[1787, 2870, 643]
[0.9149081007488087, 0.9972561736093789, 0.06021505376344087]
[0.11533514541631634, 0.03323021918693307, 0.30528143709949274]
Matthews: -1.0
[1787, 2870, 643]
[0.8616053144334086, 0.9909426401752328, -0.4164806134436567]
[0.11533514541631634, 0.03323021918693307, 0.30528143709949274]

Analysis for breast-cancer-original (650)
Precision: NaN
[416, 58, 176]
[1.0, 1.0, 1.0]
[0.0010245385856057219, 0.10601899459092405, 0.024529726013774643]
Recall: -1.0
[416, 58, 176]
[0.9903381642512077, 0.09090909090909091, 0.5]
[0.0010245385856057219, 0.10601899459092405, 0.024529726013774643]
Accuracy: -1.0
[416, 58, 176]
[0.9903846153846154, 0.8275862068965517, 0.9886363636363636]
[0.0010245385856057219, 0.10601899459092405, 0.024529726013774643]
FScore: -1.0
[416, 58, 176]
[0.9951456310679612, 0.16666666666666669, 0.6666666666666666]
[0.0010245385856057219, 0.10601899459092405, 0.024529726013774643]
Matthews: -0.5
[416, 58, 176]
[0.5745543676773063, 0.27378847234992665, 0.7030312038332426]
[0.0010245385856057219, 0.10601899459092405, 0.024529726013774643]

Analysis for mammographic-masses (960)
Precision: -1.0
[136, 526, 298]
[0.23076923076923078, 0.996969696969697, 0.6330935251798561]
[0.3032989564726784, 0.037545492123762805, 0.13325740477063974]
Recall: -1.0
[136, 526, 298]
[0.2571428571428571, 0.9939577039274925, 0.7719298245614035]
[0.3032989564726784, 0.037545492123762805, 0.13325740477063974]
Accuracy: -1.0
[136, 526, 298]
[0.17647058823529413, 0.9942965779467681, 0.7416107382550335]
[0.3032989564726784, 0.037545492123762805, 0.13325740477063974]
FScore: -1.0
[136, 526, 298]
[0.24324324324324323, 0.9954614220877459, 0.6956521739130435]
[0.3032989564726784, 0.037545492123762805, 0.13325740477063974]
Matthews: -1.0
[136, 526, 298]
[-0.6588289607878823, 0.9877970180386755, 0.4819992549163093]
[0.3032989564726784, 0.037545492123762805, 0.13325740477063974]

Analysis for phoneme (5400)
Precision: 1.0
[1101, 3173, 1126]
[0.6011315417256011, 0.0, 0.9986486486486487]
[0.1249658851811566, 0.01589732656192296, 0.2603877308862834]
Recall: 0.5
[1101, 3173, 1126]
[0.9239130434782609, 0.0, 0.6568888888888889]
[0.1249658851811566, 0.01589732656192296, 0.2603877308862834]
Accuracy: -1.0
[1101, 3173, 1126]
[0.7120799273387829, 0.9662779703750394, 0.6563055062166963]
[0.1249658851811566, 0.01589732656192296, 0.2603877308862834]
FScore: 1.0
[1101, 3173, 1126]
[0.728363324764353, 0.0, 0.7924932975871314]
[0.1249658851811566, 0.01589732656192296, 0.2603877308862834]
Matthews: -0.5
[1101, 3173, 1126]
[0.4979359028361038, 0.0, -0.021532850802057395]
[0.1249658851811566, 0.01589732656192296, 0.2603877308862834]

Analysis for pima (700)
Precision: -1.0
[179, 162, 359]
[0.7454545454545455, 0.0, 1.0]
[0.08872458020368172, 0.18745681152560165, 0.02649151588335164]
Recall: -1.0
[179, 162, 359]
[0.45054945054945056, 0.0, 0.9159663865546218]
[0.08872458020368172, 0.18745681152560165, 0.02649151588335164]
Accuracy: -1.0
[179, 162, 359]
[0.6424581005586593, 0.35802469135802467, 0.9164345403899722]
[0.08872458020368172, 0.18745681152560165, 0.02649151588335164]
FScore: -1.0
[179, 162, 359]
[0.5616438356164384, 0.0, 0.9561403508771931]
[0.08872458020368172, 0.18745681152560165, 0.02649151588335164]
Matthews: -0.5
[179, 162, 359]
[0.3158250925987208, -0.1457737973711325, 0.23926533213080384]
[0.08872458020368172, 0.18745681152560165, 0.02649151588335164]

Analysis for ring (7400)
Precision: 0.5
[960, 4560, 1880]
[0.8946078431372549, 0.8589420654911839, 0.9358830146231721]
[0.21648140891354115, 0.029162435068930542, 0.06661390138097928]
Recall: -1.0
[960, 4560, 1880]
[0.3993435448577681, 1.0, 0.9635205558772437]
[0.21648140891354115, 0.029162435068930542, 0.06661390138097928]
Accuracy: -1.0
[960, 4560, 1880]
[0.38333333333333336, 0.9631578947368421, 0.9058510638297872]
[0.21648140891354115, 0.029162435068930542, 0.06661390138097928]
FScore: -0.5
[960, 4560, 1880]
[0.5521936459909228, 0.924119241192412, 0.9495007132667619]
[0.21648140891354115, 0.029162435068930542, 0.06661390138097928]
Matthews: -1.0
[960, 4560, 1880]
[-0.23134624028559717, 0.9045132053852887, 0.26364729916681134]
[0.21648140891354115, 0.029162435068930542, 0.06661390138097928]

Analysis for spambase (4550)
Precision: -1.0
[504, 911, 3135]
[0.19213973799126638, 0.7829181494661922, 0.9973707274320771]
[0.2351616235046935, 0.09046779569555535, 0.017611819529542983]
Recall: -1.0
[504, 911, 3135]
[0.29931972789115646, 0.7284768211920529, 0.9848550411077456]
[0.2351616235046935, 0.09046779569555535, 0.017611819529542983]
Accuracy: -1.0
[504, 911, 3135]
[0.42857142857142855, 0.8430296377607025, 0.9869218500797449]
[0.2351616235046935, 0.09046779569555535, 0.017611819529542983]
FScore: -1.0
[504, 911, 3135]
[0.23404255319148937, 0.7547169811320755, 0.9910733725234052]
[0.2351616235046935, 0.09046779569555535, 0.017611819529542983]
Matthews: -1.0
[504, 911, 3135]
[-0.1998157684432933, 0.6404193777477333, 0.9668979907083963]
[0.2351616235046935, 0.09046779569555535, 0.017611819529542983]

Analysis for twonorm (7400)
Precision: -0.8660254037844386
[1988, 4997, 415]
[1.0, 1.0, 0.591743119266055]
[0.03807382871837311, 0.006871196521415593, 0.14552837488255846]
Recall: -0.8660254037844386
[1988, 4997, 415]
[1.0, 1.0, 0.6417910447761194]
[0.03807382871837311, 0.006871196521415593, 0.14552837488255846]
Accuracy: -0.8660254037844386
[1988, 4997, 415]
[1.0, 1.0, 0.6120481927710844]
[0.03807382871837311, 0.006871196521415593, 0.14552837488255846]
FScore: -0.8660254037844386
[1988, 4997, 415]
[1.0, 1.0, 0.6157517899761336]
[0.03807382871837311, 0.006871196521415593, 0.14552837488255846]
Matthews: -0.8660254037844386
[1988, 4997, 415]
[1.0, 1.0, 0.22608196929680988]
[0.03807382871837311, 0.006871196521415593, 0.14552837488255846]

Analysis for wdbc (560)
Precision: 0.8660254037844386
[89, 111, 360]
[1.0, 1.0, 0.2608695652173913]
[0.04076808506178681, 0.013734873978768726, 0.0013748433793255004]
Recall: -1.0
[89, 111, 360]
[0.8314606741573034, 0.972972972972973, 1.0]
[0.04076808506178681, 0.013734873978768726, 0.0013748433793255004]
Accuracy: -0.5
[89, 111, 360]
[0.8314606741573034, 0.972972972972973, 0.9527777777777777]
[0.04076808506178681, 0.013734873978768726, 0.0013748433793255004]
FScore: 0.5
[89, 111, 360]
[0.9079754601226994, 0.9863013698630138, 0.41379310344827586]
[0.04076808506178681, 0.013734873978768726, 0.0013748433793255004]
Matthews: -0.8660254037844386
[89, 111, 360]
[0.0, 0.0, 0.49833917238117104]
[0.04076808506178681, 0.013734873978768726, 0.0013748433793255004]
