MultiResolutionExperiment(3, 10, MultiResolutionTransform(10, 0.20)

Analysis for appendicitis (100)
Precision: -0.8660254037844386
[6, 78, 16]
[0.0, 1.0, 0.0]
[0.3147036833124492, 0.0074486260728274375, 0.0880670006456926]
Recall: -0.8660254037844386
[6, 78, 16]
[0.0, 0.987012987012987, 0.0]
[0.3147036833124492, 0.0074486260728274375, 0.0880670006456926]
Accuracy: -1.0
[6, 78, 16]
[0.0, 0.9871794871794872, 0.5625]
[0.3147036833124492, 0.0074486260728274375, 0.0880670006456926]
FScore: -0.8660254037844386
[6, 78, 16]
[0.0, 0.9934640522875817, 0.0]
[0.3147036833124492, 0.0074486260728274375, 0.0880670006456926]
Matthews: -0.5
[6, 78, 16]
[0.0, 0.7025001733142089, -0.2773500981126145]
[0.3147036833124492, 0.0074486260728274375, 0.0880670006456926]

Analysis for banana (5300)
Precision: -1.0
[642, 3024, 1634]
[0.036036036036036036, 0.9969909729187563, 0.9898843930635838]
[0.34069791166965424, 0.03383994246152101, 0.1367919645810544]
Recall: -1.0
[642, 3024, 1634]
[0.0967741935483871, 0.9979919678714859, 0.8477722772277227]
[0.34069791166965424, 0.03383994246152101, 0.1367919645810544]
Accuracy: -1.0
[642, 3024, 1634]
[0.32554517133956384, 0.9966931216931217, 0.9204406364749081]
[0.34069791166965424, 0.03383994246152101, 0.1367919645810544]
FScore: -1.0
[642, 3024, 1634]
[0.0525164113785558, 0.997491219267436, 0.9133333333333333]
[0.34069791166965424, 0.03383994246152101, 0.1367919645810544]
Matthews: -1.0
[642, 3024, 1634]
[-0.41314934216947746, 0.9926426372899573, 0.849245469882566]
[0.34069791166965424, 0.03383994246152101, 0.1367919645810544]

Analysis for breast-cancer-original (650)
Precision: -0.8660254037844386
[577, 17, 56]
[1.0, 0.0, 0.0]
[0.0013778944893597493, 0.17860858645201305, 0.05358600248614693]
Recall: -0.8660254037844386
[577, 17, 56]
[0.9904076738609112, 0.0, 0.0]
[0.0013778944893597493, 0.17860858645201305, 0.05358600248614693]
Accuracy: -1.0
[577, 17, 56]
[0.9930675909878682, 0.6470588235294118, 0.8928571428571429]
[0.0013778944893597493, 0.17860858645201305, 0.05358600248614693]
FScore: -0.8660254037844386
[577, 17, 56]
[0.9951807228915662, 0.0, 0.0]
[0.0013778944893597493, 0.17860858645201305, 0.05358600248614693]
Matthews: -0.8660254037844386
[577, 17, 56]
[0.9829808691590067, 0.0, 0.0]
[0.0013778944893597493, 0.17860858645201305, 0.05358600248614693]

Analysis for mammographic-masses (960)
Precision: -1.0
[135, 515, 310]
[0.2875, 0.9910714285714286, 0.6030534351145038]
[0.34802107417836886, 0.040466307744973395, 0.14087511678620815]
Recall: -1.0
[135, 515, 310]
[0.2987012987012987, 0.985207100591716, 0.79]
[0.34802107417836886, 0.040466307744973395, 0.14087511678620815]
Accuracy: -1.0
[135, 515, 310]
[0.17777777777777778, 0.9844660194174757, 0.7645161290322581]
[0.34802107417836886, 0.040466307744973395, 0.14087511678620815]
FScore: -1.0
[135, 515, 310]
[0.2929936305732484, 0.9881305637982196, 0.683982683982684]
[0.34802107417836886, 0.040466307744973395, 0.14087511678620815]
Matthews: -1.0
[135, 515, 310]
[-0.6891686557457254, 0.9656948153536272, 0.5132771293928927]
[0.34802107417836886, 0.040466307744973395, 0.14087511678620815]

Analysis for phoneme (5400)
Precision: 1.0
[1066, 3101, 1233]
[0.5016233766233766, 0.15789473684210525, 0.99644128113879]
[0.1289057709595312, 0.017226737506478882, 0.29532930170990956]
Recall: -1.0
[1066, 3101, 1233]
[0.8956521739130435, 0.9375, 0.6862745098039216]
[0.1289057709595312, 0.017226737506478882, 0.29532930170990956]
Accuracy: -0.5
[1066, 3101, 1233]
[0.6782363977485929, 0.9738793937439536, 0.6861313868613139]
[0.1289057709595312, 0.017226737506478882, 0.29532930170990956]
FScore: 1.0
[1066, 3101, 1233]
[0.6430801248699273, 0.27027027027027023, 0.8127721335268505]
[0.1289057709595312, 0.017226737506478882, 0.29532930170990956]
Matthews: -0.5
[1066, 3101, 1233]
[0.445086185671442, 0.3789835764368677, 0.06460530807751132]
[0.1289057709595312, 0.017226737506478882, 0.29532930170990956]

Analysis for pima (700)
Precision: -1.0
[129, 163, 408]
[0.0, 0.5535714285714286, 0.9825072886297376]
[0.25515631468838007, 0.10345285662824394, 0.034556494245575824]
Recall: -1.0
[129, 163, 408]
[0.0, 0.4246575342465753, 0.8962765957446809]
[0.25515631468838007, 0.10345285662824394, 0.034556494245575824]
Accuracy: -1.0
[129, 163, 408]
[0.3333333333333333, 0.588957055214724, 0.8897058823529411]
[0.25515631468838007, 0.10345285662824394, 0.034556494245575824]
FScore: -1.0
[129, 163, 408]
[0.0, 0.4806201550387597, 0.9374130737134909]
[0.25515631468838007, 0.10345285662824394, 0.034556494245575824]
Matthews: -1.0
[129, 163, 408]
[-0.12285084267295258, 0.15380084665775348, 0.5206843706916058]
[0.25515631468838007, 0.10345285662824394, 0.034556494245575824]

Analysis for ring (7400)
Precision: -0.5
[719, 1215, 5466]
[0.9111111111111111, 0.8457899716177862, 0.9322195704057279]
[0.30444967053742045, 0.11704389175639938, 0.03394679466606557]
Recall: -1.0
[719, 1215, 5466]
[0.2932761087267525, 0.8957915831663327, 0.9928825622775801]
[0.30444967053742045, 0.11704389175639938, 0.03394679466606557]
Accuracy: -1.0
[719, 1215, 5466]
[0.2851182197496523, 0.7802469135802469, 0.9714599341383096]
[0.30444967053742045, 0.11704389175639938, 0.03394679466606557]
FScore: -1.0
[719, 1215, 5466]
[0.44372294372294374, 0.87007299270073, 0.9615952732644018]
[0.30444967053742045, 0.11704389175639938, 0.03394679466606557]
Matthews: -1.0
[719, 1215, 5466]
[-0.2506389862860742, 0.1647085108115436, 0.9401049408417996]
[0.30444967053742045, 0.11704389175639938, 0.03394679466606557]

Analysis for spambase (4550)
Precision: -1.0
[686, 1097, 2767]
[0.12931034482758622, 0.9190871369294605, 0.9947064485081809]
[0.29107658572662787, 0.11022036335237766, 0.022868329838619368]
Recall: -1.0
[686, 1097, 2767]
[0.24793388429752067, 0.8188539741219963, 0.9852240228789323]
[0.29107658572662787, 0.11022036335237766, 0.022868329838619368]
Accuracy: -1.0
[686, 1097, 2767]
[0.5728862973760933, 0.8751139471285324, 0.9848211058908565]
[0.29107658572662787, 0.11022036335237766, 0.022868329838619368]
FScore: -1.0
[686, 1097, 2767]
[0.16997167138810199, 0.8660801564027371, 0.9899425287356322]
[0.29107658572662787, 0.11022036335237766, 0.022868329838619368]
Matthews: -1.0
[686, 1097, 2767]
[-0.08828947630122533, 0.7542036621068792, 0.9592002585256271]
[0.29107658572662787, 0.11022036335237766, 0.022868329838619368]

Analysis for twonorm (7400)
Precision: -1.0
[437, 4834, 2129]
[0.625531914893617, 1.0, 0.9990503323836657]
[0.17577358757767164, 0.008116409336903113, 0.045612078420598376]
Recall: -1.0
[437, 4834, 2129]
[0.6743119266055045, 1.0, 0.9990503323836657]
[0.17577358757767164, 0.008116409336903113, 0.045612078420598376]
Accuracy: -1.0
[437, 4834, 2129]
[0.6361556064073226, 1.0, 0.9990605918271489]
[0.17577358757767164, 0.008116409336903113, 0.045612078420598376]
FScore: -1.0
[437, 4834, 2129]
[0.6490066225165563, 1.0, 0.9990503323836657]
[0.17577358757767164, 0.008116409336903113, 0.045612078420598376]
Matthews: -1.0
[437, 4834, 2129]
[0.27326498939000554, 1.0, 0.9981209643539259]
[0.17577358757767164, 0.008116409336903113, 0.045612078420598376]

Analysis for wdbc (560)
Precision: 0.8660254037844386
[59, 65, 436]
[1.0, 1.0, 0.8247422680412371]
[0.09950230761321015, 0.031287078278183854, 0.004184241086410881]
Recall: -1.0
[59, 65, 436]
[0.8305084745762712, 0.9076923076923077, 0.975609756097561]
[0.09950230761321015, 0.031287078278183854, 0.004184241086410881]
Accuracy: -1.0
[59, 65, 436]
[0.8305084745762712, 0.9076923076923077, 0.9564220183486238]
[0.09950230761321015, 0.031287078278183854, 0.004184241086410881]
FScore: 0.5
[59, 65, 436]
[0.9074074074074074, 0.9516129032258065, 0.8938547486033519]
[0.09950230761321015, 0.031287078278183854, 0.004184241086410881]
Matthews: -0.8660254037844386
[59, 65, 436]
[0.0, 0.0, 0.871520421593564]
[0.09950230761321015, 0.031287078278183854, 0.004184241086410881]
