MultiResolutionExperiment(4, 10, MultiResolutionTransform(40, 0.10))

Analysis for appendicitis (100)
Precision: -0.9486832980505138
[13, 7, 10, 70]
[0.5, 1.0, 0.0, 1.0]
[0.04009128251228982, 0.01942253456089133, 0.14781255458777454, 8.377486501972789E-4]
Recall: -0.8
[13, 7, 10, 70]
[0.25, 1.0, 0.0, 0.9855072463768116]
[0.04009128251228982, 0.01942253456089133, 0.14781255458777454, 8.377486501972789E-4]
Accuracy: -0.8
[13, 7, 10, 70]
[0.6923076923076923, 1.0, 0.1, 0.9857142857142858]
[0.04009128251228982, 0.01942253456089133, 0.14781255458777454, 8.377486501972789E-4]
FScore: -0.8
[13, 7, 10, 70]
[0.3333333333333333, 1.0, 0.0, 0.9927007299270074]
[0.04009128251228982, 0.01942253456089133, 0.14781255458777454, 8.377486501972789E-4]
Matthews: -0.6324555320336759
[13, 7, 10, 70]
[0.17766726362967536, 0.0, 0.0, 0.7019641181630338]
[0.04009128251228982, 0.01942253456089133, 0.14781255458777454, 8.377486501972789E-4]

Analysis for banana (5300)
Precision: -1.0
[2628, 746, 456, 1470]
[1.0, 0.9147540983606557, 0.009900990099009901, 0.9869067103109657]
[0.00969120953863916, 0.16588538788205906, 0.3224096575610268, 0.05651235801330781]
Recall: -1.0
[2628, 746, 456, 1470]
[0.9994447529150472, 0.636986301369863, 0.043478260869565216, 0.9788961038961039]
[0.00969120953863916, 0.16588538788205906, 0.3224096575610268, 0.05651235801330781]
Accuracy: -1.0
[2628, 746, 456, 1470]
[0.9996194824961948, 0.7520107238605898, 0.19736842105263158, 0.9857142857142858]
[0.00969120953863916, 0.16588538788205906, 0.3224096575610268, 0.05651235801330781]
FScore: -1.0
[2628, 746, 456, 1470]
[0.9997222993612885, 0.7510094212651414, 0.016129032258064516, 0.9828850855745722]
[0.00969120953863916, 0.16588538788205906, 0.3224096575610268, 0.05651235801330781]
Matthews: -1.0
[2628, 746, 456, 1470]
[0.9991184584596139, 0.5533896919052124, -0.5553352935932362, 0.9706499793414949]
[0.00969120953863916, 0.16588538788205906, 0.3224096575610268, 0.05651235801330781]

Analysis for breast-cancer-original (650)
Precision: NaN
[422, 150, 34, 44]
[1.0, 1.0, 1.0, 1.0]
[4.963487417011924E-4, 0.01715085650654524, 0.1198535145793997, 0.03563336072733297]
Recall: -0.8000000000000002
[422, 150, 34, 44]
[0.995085995085995, 0.625, 0.09090909090909091, 0.6666666666666666]
[4.963487417011924E-4, 0.01715085650654524, 0.1198535145793997, 0.03563336072733297]
Accuracy: -1.0
[422, 150, 34, 44]
[0.995260663507109, 0.98, 0.7058823529411765, 0.9772727272727273]
[4.963487417011924E-4, 0.01715085650654524, 0.1198535145793997, 0.03563336072733297]
FScore: -0.8000000000000002
[422, 150, 34, 44]
[0.9975369458128079, 0.7692307692307693, 0.16666666666666669, 0.8]
[4.963487417011924E-4, 0.01715085650654524, 0.1198535145793997, 0.03563336072733297]
Matthews: -0.8000000000000002
[422, 150, 34, 44]
[0.9370256423853313, 0.7823483658302364, 0.25171587463388106, 0.8067178260046389]
[4.963487417011924E-4, 0.01715085650654524, 0.1198535145793997, 0.03563336072733297]

Analysis for mammographic-masses (960)
Precision: -1.0
[169, 68, 174, 549]
[0.45544554455445546, 0.08571428571428572, 0.7, 0.9969788519637462]
[0.19203747031115137, 0.3627231730861145, 0.08889772259449084, 0.032988841410586396]
Recall: -1.0
[169, 68, 174, 549]
[0.6052631578947368, 0.08333333333333333, 0.7887323943661971, 0.9939759036144579]
[0.19203747031115137, 0.3627231730861145, 0.08889772259449084, 0.032988841410586396]
Accuracy: -1.0
[169, 68, 174, 549]
[0.4970414201183432, 0.04411764705882353, 0.7758620689655172, 0.994535519125683]
[0.19203747031115137, 0.3627231730861145, 0.08889772259449084, 0.032988841410586396]
FScore: -1.0
[169, 68, 174, 549]
[0.519774011299435, 0.08450704225352113, 0.7417218543046357, 0.995475113122172]
[0.19203747031115137, 0.3627231730861145, 0.08889772259449084, 0.032988841410586396]
Matthews: -1.0
[169, 68, 174, 549]
[0.014065742482569534, -0.9154754164341269, 0.5480207368137314, 0.9885857654363286]
[0.19203747031115137, 0.3627231730861145, 0.08889772259449084, 0.032988841410586396]

Analysis for phoneme (5400)
Precision: 1.0
[1055, 750, 2910, 685]
[0.39387755102040817, 0.9492868462757528, 0.0, 0.9841269841269841]
[0.08786986489522505, 0.14378285030510135, 0.007903954695738678, 0.2691368512949288]
Recall: 0.2000000000000001
[1055, 750, 2910, 685]
[0.9507389162561576, 0.8520625889046942, 0.0, 0.5478645066273933]
[0.08786986489522505, 0.14378285030510135, 0.007903954695738678, 0.2691368512949288]
Accuracy: -0.8
[1055, 750, 2910, 685]
[0.7090047393364929, 0.8186666666666667, 0.9810996563573883, 0.5430656934306569]
[0.08786986489522505, 0.14378285030510135, 0.007903954695738678, 0.2691368512949288]
FScore: 0.8
[1055, 750, 2910, 685]
[0.556998556998557, 0.8980509745127437, 0.0, 0.7038789025543993]
[0.08786986489522505, 0.14378285030510135, 0.007903954695738678, 0.2691368512949288]
Matthews: -0.39999999999999997
[1055, 750, 2910, 685]
[0.4759357674417001, 0.11357204005749405, 0.0, -0.08471572382419482]
[0.08786986489522505, 0.14378285030510135, 0.007903954695738678, 0.2691368512949288]

Analysis for pima (700)
Precision: -0.6324555320336759
[118, 146, 114, 322]
[1.0, 0.010526315789473684, 0.08333333333333333, 1.0]
[0.07790477234536873, 0.15809062322760686, 0.057087008643435196, 0.015288088210199259]
Recall: -0.39999999999999997
[118, 146, 114, 322]
[0.6, 0.3333333333333333, 0.1111111111111111, 0.9373040752351097]
[0.07790477234536873, 0.15809062322760686, 0.057087008643435196, 0.015288088210199259]
Accuracy: -1.0
[118, 146, 114, 322]
[0.6271186440677966, 0.3424657534246575, 0.6666666666666666, 0.937888198757764]
[0.07790477234536873, 0.15809062322760686, 0.057087008643435196, 0.015288088210199259]
FScore: -0.8
[118, 146, 114, 322]
[0.7499999999999999, 0.020408163265306124, 0.09523809523809525, 0.9676375404530744]
[0.07790477234536873, 0.15809062322760686, 0.057087008643435196, 0.015288088210199259]
Matthews: -0.39999999999999997
[118, 146, 114, 322]
[0.3038218101251, -0.09641381403673234, -0.10559209893749007, 0.3496527610237563]
[0.07790477234536873, 0.15809062322760686, 0.057087008643435196, 0.015288088210199259]

Analysis for ring (7400)
Precision: -0.6000000000000001
[732, 821, 1287, 4560]
[0.07086614173228346, 0.8856209150326797, 0.9890572390572391, 0.9748311847759361]
[0.08802120041208854, 0.19688820011552025, 0.059493425109990644, 0.01614970991465538]
Recall: -0.39999999999999997
[732, 821, 1287, 4560]
[1.0, 0.3452229299363057, 0.9251968503937008, 0.9981143934632307]
[0.08802120041208854, 0.19688820011552025, 0.059493425109990644, 0.01614970991465538]
Accuracy: -1.0
[732, 821, 1287, 4560]
[0.6775956284153005, 0.3313032886723508, 0.916083916083916, 0.9903508771929824]
[0.08802120041208854, 0.19688820011552025, 0.059493425109990644, 0.01614970991465538]
FScore: -0.8
[732, 821, 1287, 4560]
[0.13235294117647056, 0.49679193400549954, 0.9560618388934093, 0.986335403726708]
[0.08802120041208854, 0.19688820011552025, 0.059493425109990644, 0.01614970991465538]
Matthews: -0.8
[732, 821, 1287, 4560]
[0.21781322064300607, -0.2655148413419997, 0.06876241168298339, 0.9790422675323643]
[0.08802120041208854, 0.19688820011552025, 0.059493425109990644, 0.01614970991465538]

Analysis for spambase (4550)
Precision: -1.0
[251, 845, 460, 2994]
[0.11510791366906475, 0.9027355623100304, 0.4588235294117647, 0.9976787372330548]
[0.25233588624648956, 0.05731428173387792, 0.12905665965533572, 0.009687989167557401]
Recall: -1.0
[251, 845, 460, 2994]
[0.1951219512195122, 0.8092643051771117, 0.5571428571428572, 0.9898664210041456]
[0.25233588624648956, 0.05731428173387792, 0.12905665965533572, 0.009687989167557401]
Accuracy: -1.0
[251, 845, 460, 2994]
[0.24701195219123506, 0.8792899408284024, 0.6652173913043479, 0.9909819639278558]
[0.25233588624648956, 0.05731428173387792, 0.12905665965533572, 0.009687989167557401]
FScore: -1.0
[251, 845, 460, 2994]
[0.14479638009049775, 0.8534482758620688, 0.503225806451613, 0.9937572254335261]
[0.25233588624648956, 0.05731428173387792, 0.12905665965533572, 0.009687989167557401]
Matthews: -1.0
[251, 845, 460, 2994]
[-0.5025824867839551, 0.7545961427604471, 0.2570422224921938, 0.9776203210876683]
[0.25233588624648956, 0.05731428173387792, 0.12905665965533572, 0.009687989167557401]

Analysis for twonorm (7400)
Precision: -0.9486832980505138
[180, 4911, 580, 1729]
[0.13829787234042554, 1.0, 0.9751552795031055, 1.0]
[0.17273137709946967, 0.0024788726109215755, 0.06803144427278142, 0.019237077191876173]
Recall: -0.9486832980505138
[180, 4911, 580, 1729]
[0.16666666666666666, 1.0, 0.9781931464174455, 1.0]
[0.17273137709946967, 0.0024788726109215755, 0.06803144427278142, 0.019237077191876173]
Accuracy: -0.9486832980505138
[180, 4911, 580, 1729]
[0.18888888888888888, 1.0, 0.9741379310344828, 1.0]
[0.17273137709946967, 0.0024788726109215755, 0.06803144427278142, 0.019237077191876173]
FScore: -0.9486832980505138
[180, 4911, 580, 1729]
[0.1511627906976744, 1.0, 0.9766718506998445, 1.0]
[0.17273137709946967, 0.0024788726109215755, 0.06803144427278142, 0.019237077191876173]
Matthews: -0.9486832980505138
[180, 4911, 580, 1729]
[-0.6224637102066287, 1.0, 0.9476642379719086, 1.0]
[0.17273137709946967, 0.0024788726109215755, 0.06803144427278142, 0.019237077191876173]

Analysis for wdbc (560)
Precision: 0.6324555320336759
[48, 95, 61, 356]
[1.0, 0.9886363636363636, 1.0, 0.15789473684210525]
[0.03337491913091505, 0.014193828700680875, 0.004607913809615119, 7.192343034570463E-4]
Recall: -1.0
[48, 95, 61, 356]
[0.7916666666666666, 0.925531914893617, 0.9836065573770492, 1.0]
[0.03337491913091505, 0.014193828700680875, 0.004607913809615119, 7.192343034570463E-4]
Accuracy: -0.8
[48, 95, 61, 356]
[0.7916666666666666, 0.9157894736842105, 0.9836065573770492, 0.9550561797752809]
[0.03337491913091505, 0.014193828700680875, 0.004607913809615119, 7.192343034570463E-4]
FScore: 0.2000000000000001
[48, 95, 61, 356]
[0.8837209302325582, 0.9560439560439561, 0.9917355371900827, 0.2727272727272727]
[0.03337491913091505, 0.014193828700680875, 0.004607913809615119, 7.192343034570463E-4]
Matthews: -0.6324555320336759
[48, 95, 61, 356]
[0.0, -0.02909000240366544, 0.0, 0.38824996444162363]
[0.03337491913091505, 0.014193828700680875, 0.004607913809615119, 7.192343034570463E-4]
