MultiResolutionExperiment(3, 10, MultiResolutionTransform(30, 0.30)

Analysis for appendicitis (100)
Precision: -0.8660254037844386
[7, 78, 15]
[0.0, 1.0, 0.0]
[0.28422522753101426, 0.007288140332182707, 0.08813936415636084]
Recall: -0.8660254037844386
[7, 78, 15]
[0.0, 0.987012987012987, 0.0]
[0.28422522753101426, 0.007288140332182707, 0.08813936415636084]
Accuracy: -1.0
[7, 78, 15]
[0.14285714285714285, 0.9871794871794872, 0.5333333333333333]
[0.28422522753101426, 0.007288140332182707, 0.08813936415636084]
FScore: -0.8660254037844386
[7, 78, 15]
[0.0, 0.9934640522875817, 0.0]
[0.28422522753101426, 0.007288140332182707, 0.08813936415636084]
Matthews: -0.5
[7, 78, 15]
[0.0, 0.7025001733142089, -0.30151134457776363]
[0.28422522753101426, 0.007288140332182707, 0.08813936415636084]

Analysis for banana (5300)
Precision: -1.0
[638, 2983, 1679]
[0.02710843373493976, 0.9970501474926253, 0.9923430321592649]
[0.3135832152748117, 0.04331189697882263, 0.13353554609177806]
Recall: -1.0
[638, 2983, 1679]
[0.08108108108108109, 0.9950932286555446, 0.8361290322580646]
[0.3135832152748117, 0.04331189697882263, 0.13353554609177806]
Accuracy: -1.0
[638, 2983, 1679]
[0.3338557993730408, 0.9946362722091854, 0.9213817748659917]
[0.3135832152748117, 0.04331189697882263, 0.13353554609177806]
FScore: -1.0
[638, 2983, 1679]
[0.040632054176072234, 0.9960707269155207, 0.907563025210084]
[0.3135832152748117, 0.04331189697882263, 0.13353554609177806]
Matthews: -1.0
[638, 2983, 1679]
[-0.4035556750595002, 0.9876277508770317, 0.8493676330289395]
[0.3135832152748117, 0.04331189697882263, 0.13353554609177806]

Analysis for breast-cancer-original (650)
Precision: -0.8660254037844386
[572, 17, 61]
[1.0, 0.0, 1.0]
[0.0012937711773408753, 0.1650297278808861, 0.045488595285872874]
Recall: -1.0
[572, 17, 61]
[0.9879807692307693, 0.0, 0.2857142857142857]
[0.0012937711773408753, 0.1650297278808861, 0.045488595285872874]
Accuracy: -1.0
[572, 17, 61]
[0.9912587412587412, 0.6470588235294118, 0.9180327868852459]
[0.0012937711773408753, 0.1650297278808861, 0.045488595285872874]
FScore: -1.0
[572, 17, 61]
[0.9939540507859734, 0.0, 0.4444444444444445]
[0.0012937711773408753, 0.1650297278808861, 0.045488595285872874]
Matthews: -1.0
[572, 17, 61]
[0.9784161367465086, 0.0, 0.5113718907544225]
[0.0012937711773408753, 0.1650297278808861, 0.045488595285872874]

Analysis for mammographic-masses (960)
Precision: -1.0
[136, 499, 325]
[0.2875, 0.9910714285714286, 0.6030534351145038]
[0.314916049620225, 0.039487276050951016, 0.12939047267518083]
Recall: -1.0
[136, 499, 325]
[0.2987012987012987, 0.9823008849557522, 0.797979797979798]
[0.314916049620225, 0.039487276050951016, 0.12939047267518083]
Accuracy: -1.0
[136, 499, 325]
[0.18382352941176472, 0.9819639278557114, 0.7784615384615384]
[0.314916049620225, 0.039487276050951016, 0.12939047267518083]
FScore: -1.0
[136, 499, 325]
[0.2929936305732484, 0.9866666666666667, 0.6869565217391305]
[0.314916049620225, 0.039487276050951016, 0.12939047267518083]
Matthews: -1.0
[136, 499, 325]
[-0.6720766726097779, 0.9588950001537154, 0.5328445416755944]
[0.314916049620225, 0.039487276050951016, 0.12939047267518083]

Analysis for phoneme (5400)
Precision: 1.0
[1034, 3083, 1283]
[0.47440273037542663, 0.024691358024691357, 0.9966178128523112]
[0.11584611680291451, 0.016214238647614777, 0.2649923775193201]
Recall: -1.0
[1034, 3083, 1283]
[0.9084967320261438, 1.0, 0.692247454972592]
[0.11584611680291451, 0.016214238647614777, 0.2649923775193201]
Accuracy: -0.5
[1034, 3083, 1283]
[0.6750483558994197, 0.9743756081738566, 0.691348402182385]
[0.11584611680291451, 0.016214238647614777, 0.2649923775193201]
FScore: 1.0
[1034, 3083, 1283]
[0.6233183856502242, 0.048192771084337345, 0.8170055452865065]
[0.11584611680291451, 0.016214238647614777, 0.2649923775193201]
Matthews: -0.5
[1034, 3083, 1283]
[0.44715293209874174, 0.1551072089893584, 0.028393718355378145]
[0.11584611680291451, 0.016214238647614777, 0.2649923775193201]

Analysis for pima (700)
Precision: -1.0
[129, 137, 434]
[0.0, 0.35135135135135137, 0.9861111111111112]
[0.2311102876666439, 0.09537877893946353, 0.03659833034718162]
Recall: -1.0
[129, 137, 434]
[0.0, 0.28888888888888886, 0.8787128712871287]
[0.2311102876666439, 0.09537877893946353, 0.03659833034718162]
Accuracy: -1.0
[129, 137, 434]
[0.3178294573643411, 0.5912408759124088, 0.8755760368663594]
[0.2311102876666439, 0.09537877893946353, 0.03659833034718162]
FScore: -1.0
[129, 137, 434]
[0.0, 0.31707317073170727, 0.9293193717277487]
[0.2311102876666439, 0.09537877893946353, 0.03659833034718162]
Matthews: -1.0
[129, 137, 434]
[-0.12721256114977686, 0.0296385502522029, 0.4802776484387827]
[0.2311102876666439, 0.09537877893946353, 0.03659833034718162]

Analysis for ring (7400)
Precision: 0.5
[747, 1243, 5410]
[0.9190283400809717, 0.8765880217785844, 0.9166666666666666]
[0.2702585569052544, 0.10196831279775635, 0.03176149617930283]
Recall: -1.0
[747, 1243, 5410]
[0.312242090784044, 0.9078947368421053, 0.9925253603844101]
[0.2702585569052544, 0.10196831279775635, 0.03176149617930283]
Accuracy: -1.0
[747, 1243, 5410]
[0.3038821954484605, 0.8117457763475463, 0.966173752310536]
[0.2702585569052544, 0.10196831279775635, 0.03176149617930283]
FScore: -1.0
[747, 1243, 5410]
[0.4661190965092402, 0.8919667590027701, 0.9530889515508844]
[0.2702585569052544, 0.10196831279775635, 0.03176149617930283]
Matthews: -1.0
[747, 1243, 5410]
[-0.23598495615537946, 0.1639854829094722, 0.9284962013291528]
[0.2702585569052544, 0.10196831279775635, 0.03176149617930283]

Analysis for spambase (4550)
Precision: -1.0
[698, 1088, 2764]
[0.1308016877637131, 0.9244060475161987, 0.9947418738049714]
[0.2587635429715827, 0.09982830746934732, 0.021672573494027438]
Recall: -1.0
[698, 1088, 2764]
[0.2605042016806723, 0.8090737240075614, 0.9853219696969697]
[0.2587635429715827, 0.09982830746934732, 0.021672573494027438]
Accuracy: -1.0
[698, 1088, 2764]
[0.5787965616045845, 0.875, 0.9848046309696092]
[0.2587635429715827, 0.09982830746934732, 0.021672573494027438]
FScore: -1.0
[698, 1088, 2764]
[0.17415730337078653, 0.8629032258064516, 0.9900095147478591]
[0.2587635429715827, 0.09982830746934732, 0.021672573494027438]
Matthews: -1.0
[698, 1088, 2764]
[-0.07566539997925338, 0.7545897326945957, 0.9584795300820758]
[0.2587635429715827, 0.09982830746934732, 0.021672573494027438]

Analysis for twonorm (7400)
Precision: -1.0
[475, 4530, 2395]
[0.6589147286821705, 1.0, 0.9991546914623838]
[0.153407226408863, 0.008092291196487836, 0.04050991207913757]
Recall: -0.8660254037844386
[475, 4530, 2395]
[0.7024793388429752, 1.0, 1.0]
[0.153407226408863, 0.008092291196487836, 0.04050991207913757]
Accuracy: -1.0
[475, 4530, 2395]
[0.6631578947368421, 1.0, 0.9995824634655532]
[0.153407226408863, 0.008092291196487836, 0.04050991207913757]
FScore: -1.0
[475, 4530, 2395]
[0.68, 1.0, 0.9995771670190275]
[0.153407226408863, 0.008092291196487836, 0.04050991207913757]
Matthews: -1.0
[475, 4530, 2395]
[0.32595514945973975, 1.0, 0.9991651445223493]
[0.153407226408863, 0.008092291196487836, 0.04050991207913757]

Analysis for wdbc (560)
Precision: 0.8660254037844386
[67, 61, 432]
[1.0, 1.0, 0.8191489361702128]
[0.08002422048025669, 0.02172910872104889, 0.003513183847042172]
Recall: -1.0
[67, 61, 432]
[0.8208955223880597, 0.9180327868852459, 0.9871794871794872]
[0.08002422048025669, 0.02172910872104889, 0.003513183847042172]
Accuracy: -1.0
[67, 61, 432]
[0.8208955223880597, 0.9180327868852459, 0.9583333333333334]
[0.08002422048025669, 0.02172910872104889, 0.003513183847042172]
FScore: 0.5
[67, 61, 432]
[0.9016393442622952, 0.9572649572649572, 0.8953488372093025]
[0.08002422048025669, 0.02172910872104889, 0.003513183847042172]
Matthews: -0.8660254037844386
[67, 61, 432]
[0.0, 0.0, 0.8755174443037248]
[0.08002422048025669, 0.02172910872104889, 0.003513183847042172]
