MultiResolutionExperiment(4, 10, MultiResolutionTransform(30, 0.10))

Analysis for appendicitis (100)
Precision: -0.9486832980505138
[13, 7, 10, 70]
[0.5, 1.0, 0.0, 1.0]
[0.04047426110583886, 0.020096277080182152, 0.15183654579737924, 8.680318832096837E-4]
Recall: -0.8
[13, 7, 10, 70]
[0.25, 1.0, 0.0, 0.9855072463768116]
[0.04047426110583886, 0.020096277080182152, 0.15183654579737924, 8.680318832096837E-4]
Accuracy: -0.8
[13, 7, 10, 70]
[0.6923076923076923, 1.0, 0.1, 0.9857142857142858]
[0.04047426110583886, 0.020096277080182152, 0.15183654579737924, 8.680318832096837E-4]
FScore: -0.8
[13, 7, 10, 70]
[0.3333333333333333, 1.0, 0.0, 0.9927007299270074]
[0.04047426110583886, 0.020096277080182152, 0.15183654579737924, 8.680318832096837E-4]
Matthews: -0.6324555320336759
[13, 7, 10, 70]
[0.17766726362967536, 0.0, 0.0, 0.7019641181630338]
[0.04047426110583886, 0.020096277080182152, 0.15183654579737924, 8.680318832096837E-4]

Analysis for banana (5300)
Precision: -1.0
[2607, 783, 463, 1447]
[1.0, 0.926829268292683, 0.013071895424836602, 0.9865546218487395]
[0.009855353924623257, 0.1652692010641211, 0.32682594455090097, 0.055868207050702653]
Recall: -1.0
[2607, 783, 463, 1447]
[0.9994416527079844, 0.6551724137931034, 0.056338028169014086, 0.9816053511705686]
[0.009855353924623257, 0.1652692010641211, 0.32682594455090097, 0.055868207050702653]
Accuracy: -1.0
[2607, 783, 463, 1447]
[0.9996164173379364, 0.7650063856960408, 0.20302375809935205, 0.986869384934347]
[0.009855353924623257, 0.1652692010641211, 0.32682594455090097, 0.055868207050702653]
FScore: -1.0
[2607, 783, 463, 1447]
[0.9997207483943032, 0.7676767676767676, 0.021220159151193636, 0.9840737636211232]
[0.009855353924623257, 0.1652692010641211, 0.32682594455090097, 0.055868207050702653]
Matthews: -1.0
[2607, 783, 463, 1447]
[0.9991087758154885, 0.5775542140390251, -0.5435037415462015, 0.9729128878776812]
[0.009855353924623257, 0.1652692010641211, 0.32682594455090097, 0.055868207050702653]

Analysis for breast-cancer-original (650)
Precision: NaN
[426, 155, 36, 33]
[1.0, 1.0, 1.0, 1.0]
[6.079380666738822E-4, 0.018728386153995774, 0.12018506502828388, 0.03701409463216797]
Recall: -0.4
[426, 155, 36, 33]
[0.9951219512195122, 0.3333333333333333, 0.09090909090909091, 1.0]
[6.079380666738822E-4, 0.018728386153995774, 0.12018506502828388, 0.03701409463216797]
Accuracy: -0.4
[426, 155, 36, 33]
[0.9953051643192489, 0.9741935483870968, 0.7222222222222222, 1.0]
[6.079380666738822E-4, 0.018728386153995774, 0.12018506502828388, 0.03701409463216797]
FScore: -0.4
[426, 155, 36, 33]
[0.9975550122249389, 0.5, 0.16666666666666669, 1.0]
[6.079380666738822E-4, 0.018728386153995774, 0.12018506502828388, 0.03701409463216797]
Matthews: -0.4
[426, 155, 36, 33]
[0.9405066961635389, 0.5697532241097388, 0.2548235957188128, 1.0]
[6.079380666738822E-4, 0.018728386153995774, 0.12018506502828388, 0.03701409463216797]

Analysis for mammographic-masses (960)
Precision: -1.0
[162, 60, 218, 520]
[0.3673469387755102, 0.06896551724137931, 0.7684210526315789, 0.9969230769230769]
[0.2045786391797216, 0.3803933057728211, 0.09306343992724238, 0.030713158492053576]
Recall: -1.0
[162, 60, 218, 520]
[0.5217391304347826, 0.06060606060606061, 0.8295454545454546, 0.9969230769230769]
[0.2045786391797216, 0.3803933057728211, 0.09306343992724238, 0.030713158492053576]
Accuracy: -1.0
[162, 60, 218, 520]
[0.41358024691358025, 0.03333333333333333, 0.8302752293577982, 0.9961538461538462]
[0.2045786391797216, 0.3803933057728211, 0.09306343992724238, 0.030713158492053576]
FScore: -1.0
[162, 60, 218, 520]
[0.4311377245508982, 0.06451612903225808, 0.7978142076502732, 0.9969230769230769]
[0.2045786391797216, 0.3803933057728211, 0.09306343992724238, 0.030713158492053576]
Matthews: -1.0
[162, 60, 218, 520]
[-0.14659322661878266, -0.9352048708546269, 0.6533555880389048, 0.9917948717948718]
[0.2045786391797216, 0.3803933057728211, 0.09306343992724238, 0.030713158492053576]

Analysis for phoneme (5400)
Precision: 1.0
[1073, 754, 2909, 664]
[0.4090909090909091, 0.9507936507936507, 0.0, 0.9862258953168044]
[0.08973026441394936, 0.15042560002087405, 0.008081968363828155, 0.2765408362015159]
Recall: 0.2000000000000001
[1073, 754, 2909, 664]
[0.9539170506912442, 0.844851904090268, 0.0, 0.543247344461305]
[0.08973026441394936, 0.15042560002087405, 0.008081968363828155, 0.2765408362015159]
Accuracy: -0.8
[1073, 754, 2909, 664]
[0.712022367194781, 0.8129973474801061, 0.9810931591612237, 0.5391566265060241]
[0.08973026441394936, 0.15042560002087405, 0.008081968363828155, 0.2765408362015159]
FScore: 0.8
[1073, 754, 2909, 664]
[0.5726141078838174, 0.8946975354742345, 0.0, 0.7005870841487281]
[0.08973026441394936, 0.15042560002087405, 0.008081968363828155, 0.2765408362015159]
Matthews: -0.39999999999999997
[1073, 754, 2909, 664]
[0.4864979596223921, 0.09967124426564634, 0.0, -0.07931808678805585]
[0.08973026441394936, 0.15042560002087405, 0.008081968363828155, 0.2765408362015159]

Analysis for pima (700)
Precision: -0.6324555320336759
[117, 145, 115, 323]
[1.0, 0.010638297872340425, 0.11538461538461539, 1.0]
[0.08098871587399757, 0.1620201726967648, 0.05871822332333933, 0.015833316591664058]
Recall: -0.39999999999999997
[117, 145, 115, 323]
[0.5909090909090909, 0.3333333333333333, 0.17647058823529413, 0.934375]
[0.08098871587399757, 0.1620201726967648, 0.05871822332333933, 0.015833316591664058]
Accuracy: -1.0
[117, 145, 115, 323]
[0.6153846153846154, 0.3448275862068966, 0.6782608695652174, 0.934984520123839]
[0.08098871587399757, 0.1620201726967648, 0.05871822332333933, 0.015833316591664058]
FScore: -0.8
[117, 145, 115, 323]
[0.7428571428571429, 0.020618556701030927, 0.13953488372093026, 0.9660743134087237]
[0.08098871587399757, 0.1620201726967648, 0.05871822332333933, 0.015833316591664058]
Matthews: -0.8
[117, 145, 115, 323]
[0.2820380374088831, -0.09586647368722544, -0.049402913107630335, 0.3417555778623079]
[0.08098871587399757, 0.1620201726967648, 0.05871822332333933, 0.015833316591664058]

Analysis for ring (7400)
Precision: -0.6000000000000001
[728, 833, 1303, 4536]
[0.07751937984496124, 0.8878205128205128, 0.9925742574257426, 0.9730407523510972]
[0.09044964258056233, 0.20024148472160283, 0.059788760604685756, 0.016671815335282388]
Recall: -0.39999999999999997
[728, 833, 1303, 4536]
[1.0, 0.3475533249686324, 0.9311145510835913, 0.9980707395498393]
[0.09044964258056233, 0.20024148472160283, 0.059788760604685756, 0.016671815335282388]
Accuracy: -1.0
[728, 833, 1303, 4536]
[0.6730769230769231, 0.33373349339735897, 0.9247889485801996, 0.9898589065255732]
[0.09044964258056233, 0.20024148472160283, 0.059788760604685756, 0.016671815335282388]
FScore: -0.8
[728, 833, 1303, 4536]
[0.14388489208633096, 0.4995491433724075, 0.9608626198083067, 0.9853968253968255]
[0.09044964258056233, 0.20024148472160283, 0.059788760604685756, 0.016671815335282388]
Matthews: -0.8
[728, 833, 1303, 4536]
[0.22684930077985785, -0.2624424812067426, 0.04053922400610693, 0.9778160937610267]
[0.09044964258056233, 0.20024148472160283, 0.059788760604685756, 0.016671815335282388]

Analysis for spambase (4550)
Precision: -1.0
[255, 840, 458, 2997]
[0.11428571428571428, 0.9024390243902439, 0.4647058823529412, 0.9976787372330548]
[0.2560372118130078, 0.05857425766436969, 0.13164922650829194, 0.010036509989321105]
Recall: -1.0
[255, 840, 458, 2997]
[0.1951219512195122, 0.810958904109589, 0.5563380281690141, 0.9898664210041456]
[0.2560372118130078, 0.05857425766436969, 0.13164922650829194, 0.010036509989321105]
Accuracy: -1.0
[255, 840, 458, 2997]
[0.2549019607843137, 0.8797619047619047, 0.6637554585152838, 0.990990990990991]
[0.2560372118130078, 0.05857425766436969, 0.13164922650829194, 0.010036509989321105]
FScore: -1.0
[255, 840, 458, 2997]
[0.14414414414414414, 0.8542568542568542, 0.5064102564102564, 0.9937572254335261]
[0.2560372118130078, 0.05857425766436969, 0.13164922650829194, 0.010036509989321105]
Matthews: -1.0
[255, 840, 458, 2997]
[-0.48965343326171, 0.7555359911232344, 0.2569154398208816, 0.9776781803402248]
[0.2560372118130078, 0.05857425766436969, 0.13164922650829194, 0.010036509989321105]

Analysis for twonorm (7400)
Precision: -0.9486832980505138
[170, 4922, 568, 1740]
[0.1348314606741573, 1.0, 0.9617834394904459, 1.0]
[0.1795798027526821, 0.0026174268149594393, 0.07177910935679661, 0.020298584157286352]
Recall: -0.9486832980505138
[170, 4922, 568, 1740]
[0.16, 1.0, 0.9710610932475884, 1.0]
[0.1795798027526821, 0.0026174268149594393, 0.07177910935679661, 0.020298584157286352]
Accuracy: -0.9486832980505138
[170, 4922, 568, 1740]
[0.17647058823529413, 1.0, 0.9630281690140845, 1.0]
[0.1795798027526821, 0.0026174268149594393, 0.07177910935679661, 0.020298584157286352]
FScore: -0.9486832980505138
[170, 4922, 568, 1740]
[0.14634146341463414, 1.0, 0.9663999999999999, 1.0]
[0.1795798027526821, 0.0026174268149594393, 0.07177910935679661, 0.020298584157286352]
Matthews: -0.9486832980505138
[170, 4922, 568, 1740]
[-0.6467252112882479, 1.0, 0.9253588968484278, 1.0]
[0.1795798027526821, 0.0026174268149594393, 0.07177910935679661, 0.020298584157286352]

Analysis for wdbc (560)
Precision: 0.6324555320336759
[51, 90, 63, 356]
[1.0, 0.9879518072289156, 1.0, 0.15789473684210525]
[0.03466008356483086, 0.014965263158679404, 0.005334079924229442, 7.649123688347336E-4]
Recall: -1.0
[51, 90, 63, 356]
[0.803921568627451, 0.9213483146067416, 0.9841269841269841, 1.0]
[0.03466008356483086, 0.014965263158679404, 0.005334079924229442, 7.649123688347336E-4]
Accuracy: -0.8
[51, 90, 63, 356]
[0.803921568627451, 0.9111111111111111, 0.9841269841269841, 0.9550561797752809]
[0.03466008356483086, 0.014965263158679404, 0.005334079924229442, 7.649123688347336E-4]
FScore: 0.2000000000000001
[51, 90, 63, 356]
[0.891304347826087, 0.9534883720930233, 0.9919999999999999, 0.2727272727272727]
[0.03466008356483086, 0.014965263158679404, 0.005334079924229442, 7.649123688347336E-4]
Matthews: -0.6324555320336759
[51, 90, 63, 356]
[0.0, -0.030783285519720857, 0.0, 0.38824996444162363]
[0.03466008356483086, 0.014965263158679404, 0.005334079924229442, 7.649123688347336E-4]
