MultiResolutionExperiment(3, 10, MultiResolutionTransform(40, 0.30))

Analysis for appendicitis (100)
Precision: -0.8660254037844386
[19, 76, 5]
[0.0, 1.0, 1.0]
[0.1748920400702417, 0.004694435956672614, 0.09101880442941769]
Recall: -1.0
[19, 76, 5]
[0.0, 0.9868421052631579, 0.25]
[0.1748920400702417, 0.004694435956672614, 0.09101880442941769]
Accuracy: -0.5
[19, 76, 5]
[0.47368421052631576, 0.9868421052631579, 0.4]
[0.1748920400702417, 0.004694435956672614, 0.09101880442941769]
FScore: -1.0
[19, 76, 5]
[0.0, 0.9933774834437086, 0.4]
[0.1748920400702417, 0.004694435956672614, 0.09101880442941769]
Matthews: 0.0
[19, 76, 5]
[0.0, 0.0, 0.25]
[0.1748920400702417, 0.004694435956672614, 0.09101880442941769]

Analysis for banana (5300)
Precision: -1.0
[1509, 3146, 645]
[0.9734513274336283, 1.0, 0.04451038575667656]
[0.12579034138316478, 0.04820017080712513, 0.31033236658684465]
Recall: -1.0
[1509, 3146, 645]
[0.8349146110056926, 0.9836788707543008, 0.11538461538461539]
[0.12579034138316478, 0.04820017080712513, 0.31033236658684465]
Accuracy: -1.0
[1509, 3146, 645]
[0.9343936381709742, 0.9882390336935791, 0.32248062015503876]
[0.12579034138316478, 0.04820017080712513, 0.31033236658684465]
FScore: -1.0
[1509, 3146, 645]
[0.898876404494382, 0.9917722926395374, 0.06423982869379015]
[0.12579034138316478, 0.04820017080712513, 0.31033236658684465]
Matthews: -1.0
[1509, 3146, 645]
[0.8562350751014531, 0.9715683801160367, -0.409481521040985]
[0.12579034138316478, 0.04820017080712513, 0.31033236658684465]

Analysis for breast-cancer-original (650)
Precision: NaN
[415, 56, 179]
[1.0, 1.0, 1.0]
[0.0010887539474517258, 0.11265397029589053, 0.027618625346093818]
Recall: -1.0
[415, 56, 179]
[0.9879518072289156, 0.09090909090909091, 0.6666666666666666]
[0.0010887539474517258, 0.11265397029589053, 0.027618625346093818]
Accuracy: -0.5
[415, 56, 179]
[0.9879518072289156, 0.8214285714285714, 0.994413407821229]
[0.0010887539474517258, 0.11265397029589053, 0.027618625346093818]
FScore: -1.0
[415, 56, 179]
[0.993939393939394, 0.16666666666666669, 0.8]
[0.0010887539474517258, 0.11265397029589053, 0.027618625346093818]
Matthews: 0.5
[415, 56, 179]
[0.0, 0.2727272727272727, 0.814186826424941]
[0.0010887539474517258, 0.11265397029589053, 0.027618625346093818]

Analysis for mammographic-masses (960)
Precision: -1.0
[140, 518, 302]
[0.22784810126582278, 0.996969696969697, 0.6376811594202898]
[0.30648153623169, 0.04001425099553522, 0.1354722064219248]
Recall: -1.0
[140, 518, 302]
[0.2465753424657534, 0.9909638554216867, 0.8]
[0.30648153623169, 0.04001425099553522, 0.1354722064219248]
Accuracy: -1.0
[140, 518, 302]
[0.17142857142857143, 0.9922779922779923, 0.7615894039735099]
[0.30648153623169, 0.04001425099553522, 0.1354722064219248]
FScore: -1.0
[140, 518, 302]
[0.23684210526315788, 0.9939577039274925, 0.7096774193548386]
[0.30648153623169, 0.04001425099553522, 0.1354722064219248]
Matthews: -1.0
[140, 518, 302]
[-0.668813443499755, 0.9832972196778371, 0.5212475376657083]
[0.30648153623169, 0.04001425099553522, 0.1354722064219248]

Analysis for phoneme (5400)
Precision: 1.0
[1054, 3181, 1165]
[0.5814648729446936, 0.0, 1.0]
[0.12973072828348295, 0.017034603687323176, 0.2668165686514748]
Recall: 0.5
[1054, 3181, 1165]
[0.9261904761904762, 0.0, 0.6652360515021459]
[0.12973072828348295, 0.017034603687323176, 0.2668165686514748]
Accuracy: -1.0
[1054, 3181, 1165]
[0.7049335863377609, 0.9654196793461176, 0.6652360515021459]
[0.12973072828348295, 0.017034603687323176, 0.2668165686514748]
FScore: 1.0
[1054, 3181, 1165]
[0.7144168962350781, 0.0, 0.7989690721649485]
[0.12973072828348295, 0.017034603687323176, 0.2668165686514748]
Matthews: 0.0
[1054, 3181, 1165]
[0.4926795498219271, 0.0, 0.0]
[0.12973072828348295, 0.017034603687323176, 0.2668165686514748]

Analysis for pima (700)
Precision: -1.0
[145, 147, 408]
[0.3548387096774194, 0.0, 1.0]
[0.10060823913031373, 0.20496078997277192, 0.03578178269176056]
Recall: -1.0
[145, 147, 408]
[0.2619047619047619, 0.0, 0.8793103448275862]
[0.10060823913031373, 0.20496078997277192, 0.03578178269176056]
Accuracy: -1.0
[145, 147, 408]
[0.6482758620689655, 0.3333333333333333, 0.8799019607843137]
[0.10060823913031373, 0.20496078997277192, 0.03578178269176056]
FScore: -1.0
[145, 147, 408]
[0.3013698630136986, 0.0, 0.9357798165137614]
[0.10060823913031373, 0.20496078997277192, 0.03578178269176056]
Matthews: -1.0
[145, 147, 408]
[0.07493610059385807, -0.16113189890215215, 0.18569533817705186]
[0.10060823913031373, 0.20496078997277192, 0.03578178269176056]

Analysis for ring (7400)
Precision: 0.5
[1938, 4467, 995]
[0.9613941018766756, 0.8044692737430168, 0.9018264840182648]
[0.06623088065845185, 0.032666512082720645, 0.22390969449987103]
Recall: -1.0
[1938, 4467, 995]
[0.968665586169638, 1.0, 0.41622760800842995]
[0.06623088065845185, 0.032666512082720645, 0.22390969449987103]
Accuracy: -1.0
[1938, 4467, 995]
[0.932920536635707, 0.9529885829415715, 0.4]
[0.06623088065845185, 0.032666512082720645, 0.22390969449987103]
FScore: -0.5
[1938, 4467, 995]
[0.965016146393972, 0.891640866873065, 0.5695746214852199]
[0.06623088065845185, 0.032666512082720645, 0.22390969449987103]
Matthews: -1.0
[1938, 4467, 995]
[0.15343538511616445, 0.8703912758209794, -0.21935230173315082]
[0.06623088065845185, 0.032666512082720645, 0.22390969449987103]

Analysis for spambase (4550)
Precision: -1.0
[502, 958, 3090]
[0.19383259911894274, 0.7733812949640287, 0.9973764757324005]
[0.24679444405267906, 0.09528225685871955, 0.019448092095684027]
Recall: -1.0
[502, 958, 3090]
[0.3055555555555556, 0.7166666666666667, 0.9848877374784111]
[0.24679444405267906, 0.09528225685871955, 0.019448092095684027]
Accuracy: -1.0
[502, 958, 3090]
[0.4362549800796813, 0.8455114822546973, 0.9867313915857605]
[0.24679444405267906, 0.09528225685871955, 0.019448092095684027]
FScore: -1.0
[502, 958, 3090]
[0.2371967654986523, 0.7439446366782007, 0.9910927655876604]
[0.24679444405267906, 0.09528225685871955, 0.019448092095684027]
Matthews: -1.0
[502, 958, 3090]
[-0.18685461573566478, 0.6345031136525312, 0.96539229394266]
[0.24679444405267906, 0.09528225685871955, 0.019448092095684027]

Analysis for twonorm (7400)
Precision: -0.8660254037844386
[2116, 4842, 442]
[1.0, 1.0, 0.6196581196581197]
[0.04021867274398246, 0.008297601555805724, 0.14804555429888716]
Recall: -0.8660254037844386
[2116, 4842, 442]
[1.0, 1.0, 0.6682027649769585]
[0.04021867274398246, 0.008297601555805724, 0.14804555429888716]
Accuracy: -0.8660254037844386
[2116, 4842, 442]
[1.0, 1.0, 0.6357466063348416]
[0.04021867274398246, 0.008297601555805724, 0.14804555429888716]
FScore: -0.8660254037844386
[2116, 4842, 442]
[1.0, 1.0, 0.6430155210643015]
[0.04021867274398246, 0.008297601555805724, 0.14804555429888716]
Matthews: -0.8660254037844386
[2116, 4842, 442]
[1.0, 1.0, 0.2730754052194528]
[0.04021867274398246, 0.008297601555805724, 0.14804555429888716]

Analysis for wdbc (560)
Precision: 0.8660254037844386
[91, 110, 359]
[1.0, 1.0, 0.22727272727272727]
[0.046041817934359915, 0.01597260736943268, 0.0016527821811080574]
Recall: -1.0
[91, 110, 359]
[0.8351648351648352, 0.9727272727272728, 1.0]
[0.046041817934359915, 0.01597260736943268, 0.0016527821811080574]
Accuracy: -0.5
[91, 110, 359]
[0.8351648351648352, 0.9727272727272728, 0.9526462395543176]
[0.046041817934359915, 0.01597260736943268, 0.0016527821811080574]
FScore: 0.5
[91, 110, 359]
[0.9101796407185628, 0.9861751152073733, 0.37037037037037035]
[0.046041817934359915, 0.01597260736943268, 0.0016527821811080574]
Matthews: -0.8660254037844386
[91, 110, 359]
[0.0, 0.0, 0.4651435265128446]
[0.046041817934359915, 0.01597260736943268, 0.0016527821811080574]
