MultiResolutionExperiment(3, 10, MultiResolutionTransform(20, 0.10)

Analysis for appendicitis (100)
Precision: -1.0
[6, 78, 16]
[0.0, 1.0, 0.2]
[0.24177411777403704, 0.0036815912944714265, 0.041018361533276475]
Recall: -1.0
[6, 78, 16]
[0.0, 0.974025974025974, 0.3333333333333333]
[0.24177411777403704, 0.0036815912944714265, 0.041018361533276475]
Accuracy: -1.0
[6, 78, 16]
[0.0, 0.9743589743589743, 0.625]
[0.24177411777403704, 0.0036815912944714265, 0.041018361533276475]
FScore: -1.0
[6, 78, 16]
[0.0, 0.9868421052631579, 0.25]
[0.24177411777403704, 0.0036815912944714265, 0.041018361533276475]
Matthews: -1.0
[6, 78, 16]
[0.0, 0.5698028822981897, 0.021591675854376522]
[0.24177411777403704, 0.0036815912944714265, 0.041018361533276475]

Analysis for banana (5300)
Precision: -1.0
[587, 3407, 1306]
[0.03343465045592705, 0.9971028488652824, 0.9838449111470113]
[0.31662862527126606, 0.015789030303093247, 0.12202479371792403]
Recall: -1.0
[587, 3407, 1306]
[0.0873015873015873, 0.9990324141267537, 0.8331053351573188]
[0.31662862527126606, 0.015789030303093247, 0.12202479371792403]
Accuracy: -1.0
[587, 3407, 1306]
[0.262350936967632, 0.9976518931611388, 0.8989280245022971]
[0.31662862527126606, 0.015789030303093247, 0.12202479371792403]
FScore: -1.0
[587, 3407, 1306]
[0.048351648351648346, 0.9980666988883518, 0.9022222222222223]
[0.31662862527126606, 0.015789030303093247, 0.12202479371792403]
Matthews: -1.0
[587, 3407, 1306]
[-0.4984106116487878, 0.9950801837633343, 0.8109738495697932]
[0.31662862527126606, 0.015789030303093247, 0.12202479371792403]

Analysis for breast-cancer-original (650)
Precision: -0.8660254037844386
[582, 50, 18]
[1.0, 1.0, 0.0]
[6.332961101969479E-4, 0.02999856581890131, 0.12792304137834146]
Recall: -1.0
[582, 50, 18]
[0.9927536231884058, 0.2, 0.0]
[6.332961101969479E-4, 0.02999856581890131, 0.12792304137834146]
Accuracy: -1.0
[582, 50, 18]
[0.9948453608247423, 0.84, 0.7222222222222222]
[6.332961101969479E-4, 0.02999856581890131, 0.12792304137834146]
FScore: -1.0
[582, 50, 18]
[0.9963636363636363, 0.33333333333333337, 0.0]
[6.332961101969479E-4, 0.02999856581890131, 0.12792304137834146]
Matthews: -1.0
[582, 50, 18]
[0.9875914605529102, 0.408248290463863, 0.0]
[6.332961101969479E-4, 0.02999856581890131, 0.12792304137834146]

Analysis for mammographic-masses (960)
Precision: -1.0
[135, 531, 294]
[0.2875, 0.9824046920821115, 0.6111111111111112]
[0.30679388269662405, 0.03072915955149574, 0.11727160745150829]
Recall: -1.0
[135, 531, 294]
[0.2987012987012987, 0.9824046920821115, 0.7938144329896907]
[0.30679388269662405, 0.03072915955149574, 0.11727160745150829]
Accuracy: -1.0
[135, 531, 294]
[0.17777777777777778, 0.9774011299435028, 0.7653061224489796]
[0.30679388269662405, 0.03072915955149574, 0.11727160745150829]
FScore: -1.0
[135, 531, 294]
[0.2929936305732484, 0.9824046920821115, 0.6905829596412556]
[0.30679388269662405, 0.03072915955149574, 0.11727160745150829]
Matthews: -1.0
[135, 531, 294]
[-0.6891686557457254, 0.9508257447136904, 0.5178954286217955]
[0.30679388269662405, 0.03072915955149574, 0.11727160745150829]

Analysis for phoneme (5400)
Precision: 1.0
[1151, 3253, 996]
[0.602510460251046, 0.48756218905472637, 0.9968553459119497]
[0.10878848564287742, 0.01261939840095541, 0.2523023954703863]
Recall: -1.0
[1151, 3253, 996]
[0.8744939271255061, 0.9607843137254902, 0.641051567239636]
[0.10878848564287742, 0.01261939840095541, 0.2523023954703863]
Accuracy: -1.0
[1151, 3253, 996]
[0.6985230234578628, 0.9671072855825392, 0.641566265060241]
[0.10878848564287742, 0.01261939840095541, 0.2523023954703863]
FScore: 1.0
[1151, 3253, 996]
[0.7134599504541701, 0.6468646864686469, 0.7803076923076924]
[0.10878848564287742, 0.01261939840095541, 0.2523023954703863]
Matthews: -1.0
[1151, 3253, 996]
[0.4500789298339745, 0.6717799306481145, 0.06178856841034629]
[0.10878848564287742, 0.01261939840095541, 0.2523023954703863]

Analysis for pima (700)
Precision: -1.0
[125, 164, 411]
[0.0, 0.6461538461538462, 0.9731343283582089]
[0.19681109171869826, 0.07642112510857488, 0.021647075482018486]
Recall: -1.0
[125, 164, 411]
[0.0, 0.4772727272727273, 0.9055555555555556]
[0.19681109171869826, 0.07642112510857488, 0.021647075482018486]
Accuracy: -1.0
[125, 164, 411]
[0.312, 0.5792682926829268, 0.8953771289537713]
[0.19681109171869826, 0.07642112510857488, 0.021647075482018486]
FScore: -1.0
[125, 164, 411]
[0.0, 0.5490196078431372, 0.9381294964028777]
[0.19681109171869826, 0.07642112510857488, 0.021647075482018486]
Matthews: -1.0
[125, 164, 411]
[-0.18251987252555812, 0.17804116809316353, 0.6191348959201012]
[0.19681109171869826, 0.07642112510857488, 0.021647075482018486]

Analysis for ring (7400)
Precision: -0.5
[680, 1213, 5507]
[0.9025641025641026, 0.7837837837837838, 0.9558558558558559]
[0.2557972790283523, 0.0949782124590897, 0.02378231441222038]
Recall: -1.0
[680, 1213, 5507]
[0.26666666666666666, 0.8726851851851852, 0.991588785046729]
[0.2557972790283523, 0.0949782124590897, 0.02378231441222038]
Accuracy: -1.0
[680, 1213, 5507]
[0.26029411764705884, 0.7378400659521847, 0.9789358997639368]
[0.2557972790283523, 0.0949782124590897, 0.02378231441222038]
FScore: -1.0
[680, 1213, 5507]
[0.4116959064327485, 0.8258488499452356, 0.9733944954128441]
[0.2557972790283523, 0.0949782124590897, 0.02378231441222038]
Matthews: -1.0
[680, 1213, 5507]
[-0.25528858547395494, 0.30920683370416596, 0.9564121022041006]
[0.2557972790283523, 0.0949782124590897, 0.02378231441222038]

Analysis for spambase (4550)
Precision: -1.0
[573, 969, 3008]
[0.13963963963963963, 0.8679245283018868, 0.9945429740791268]
[0.2636756844411208, 0.1018017924109191, 0.017944787580198126]
Recall: -1.0
[573, 969, 3008]
[0.25833333333333336, 0.7684964200477327, 0.984691580369203]
[0.2636756844411208, 0.1018017924109191, 0.017944787580198126]
Accuracy: -1.0
[573, 969, 3008]
[0.5113438045375218, 0.849329205366357, 0.9847074468085106]
[0.2636756844411208, 0.1018017924109191, 0.017944787580198126]
FScore: -1.0
[573, 969, 3008]
[0.18128654970760236, 0.8151898734177214, 0.9895927601809955]
[0.2636756844411208, 0.1018017924109191, 0.017944787580198126]
Matthews: -1.0
[573, 969, 3008]
[-0.13639437195741874, 0.6924363759764445, 0.9609425170884721]
[0.2636756844411208, 0.1018017924109191, 0.017944787580198126]

Analysis for twonorm (7400)
Precision: -1.0
[353, 5530, 1517]
[0.532258064516129, 1.0, 0.9974259974259975]
[0.15086325953444488, 0.004030045561507492, 0.036371767872352564]
Recall: -1.0
[353, 5530, 1517]
[0.5892857142857143, 1.0, 0.9961439588688946]
[0.15086325953444488, 0.004030045561507492, 0.036371767872352564]
Accuracy: -1.0
[353, 5530, 1517]
[0.5580736543909348, 1.0, 0.996704021094265]
[0.15086325953444488, 0.004030045561507492, 0.036371767872352564]
FScore: -1.0
[353, 5530, 1517]
[0.5593220338983049, 1.0, 0.9967845659163987]
[0.15086325953444488, 0.004030045561507492, 0.036371767872352564]
Matthews: -1.0
[353, 5530, 1517]
[0.1190499229241917, 1.0, 0.9934047706050738]
[0.15086325953444488, 0.004030045561507492, 0.036371767872352564]

Analysis for wdbc (560)
Precision: 0.8660254037844386
[58, 53, 449]
[1.0, 1.0, 0.8440366972477065]
[0.0675255586339961, 0.017038833949365333, 0.002225804772448237]
Recall: -1.0
[58, 53, 449]
[0.8103448275862069, 0.9245283018867925, 0.968421052631579]
[0.0675255586339961, 0.017038833949365333, 0.002225804772448237]
Accuracy: -1.0
[58, 53, 449]
[0.8103448275862069, 0.9245283018867925, 0.955456570155902]
[0.0675255586339961, 0.017038833949365333, 0.002225804772448237]
FScore: -0.5
[58, 53, 449]
[0.8952380952380952, 0.9607843137254902, 0.9019607843137255]
[0.0675255586339961, 0.017038833949365333, 0.002225804772448237]
Matthews: -0.8660254037844386
[58, 53, 449]
[0.0, 0.0, 0.8767718678410387]
[0.0675255586339961, 0.017038833949365333, 0.002225804772448237]
