MultiResolutionExperiment(3, 10, MultiResolutionTransform(50, 0.30))

Analysis for appendicitis (100)
Precision: -0.8660254037844386
[19, 76, 5]
[0.0, 1.0, 1.0]
[0.17299737977335305, 0.004599155429067147, 0.08888451268199615]
Recall: -1.0
[19, 76, 5]
[0.0, 0.9868421052631579, 0.25]
[0.17299737977335305, 0.004599155429067147, 0.08888451268199615]
Accuracy: -0.5
[19, 76, 5]
[0.47368421052631576, 0.9868421052631579, 0.4]
[0.17299737977335305, 0.004599155429067147, 0.08888451268199615]
FScore: -1.0
[19, 76, 5]
[0.0, 0.9933774834437086, 0.4]
[0.17299737977335305, 0.004599155429067147, 0.08888451268199615]
Matthews: 0.0
[19, 76, 5]
[0.0, 0.0, 0.25]
[0.17299737977335305, 0.004599155429067147, 0.08888451268199615]

Analysis for banana (5300)
Precision: -1.0
[1516, 3142, 642]
[0.973741794310722, 1.0, 0.041666666666666664]
[0.12444838772167359, 0.04724114775932952, 0.3079776404962566]
Recall: -1.0
[1516, 3142, 642]
[0.8317757009345794, 0.9849557522123894, 0.10852713178294573]
[0.12444838772167359, 0.04724114775932952, 0.3079776404962566]
Accuracy: -1.0
[1516, 3142, 642]
[0.9327176781002638, 0.9891788669637174, 0.31931464174454827]
[0.12444838772167359, 0.04724114775932952, 0.3079776404962566]
FScore: -1.0
[1516, 3142, 642]
[0.8971774193548387, 0.9924208649130628, 0.06021505376344086]
[0.12444838772167359, 0.04724114775932952, 0.3079776404962566]
Matthews: -1.0
[1516, 3142, 642]
[0.8534482866095993, 0.9738563853188724, -0.4165035471529075]
[0.12444838772167359, 0.04724114775932952, 0.3079776404962566]

Analysis for breast-cancer-original (650)
Precision: NaN
[417, 56, 177]
[1.0, 1.0, 1.0]
[0.001101350721217178, 0.11118532127189416, 0.026991675673422307]
Recall: -1.0
[417, 56, 177]
[0.9879518072289156, 0.09090909090909091, 0.6666666666666666]
[0.001101350721217178, 0.11118532127189416, 0.026991675673422307]
Accuracy: -0.5
[417, 56, 177]
[0.988009592326139, 0.8214285714285714, 0.9943502824858758]
[0.001101350721217178, 0.11118532127189416, 0.026991675673422307]
FScore: -1.0
[417, 56, 177]
[0.993939393939394, 0.16666666666666669, 0.8]
[0.001101350721217178, 0.11118532127189416, 0.026991675673422307]
Matthews: -0.5
[417, 56, 177]
[0.5312927111513458, 0.2727272727272727, 0.8141603913585718]
[0.001101350721217178, 0.11118532127189416, 0.026991675673422307]

Analysis for mammographic-masses (960)
Precision: -1.0
[138, 520, 302]
[0.22784810126582278, 0.996969696969697, 0.6376811594202898]
[0.3059124126507068, 0.03976828122743615, 0.13450757779286568]
Recall: -1.0
[138, 520, 302]
[0.2535211267605634, 0.9909638554216867, 0.7857142857142857]
[0.3059124126507068, 0.03976828122743615, 0.13450757779286568]
Accuracy: -1.0
[138, 520, 302]
[0.17391304347826086, 0.9923076923076923, 0.7549668874172185]
[0.3059124126507068, 0.03976828122743615, 0.13450757779286568]
FScore: -1.0
[138, 520, 302]
[0.24, 0.9939577039274925, 0.7039999999999998]
[0.3059124126507068, 0.03976828122743615, 0.13450757779286568]
Matthews: -1.0
[138, 520, 302]
[-0.6636573285136623, 0.9834099314068457, 0.506707704982537]
[0.3059124126507068, 0.03976828122743615, 0.13450757779286568]

Analysis for phoneme (5400)
Precision: 1.0
[1059, 3182, 1159]
[0.586053412462908, 0.0, 1.0]
[0.12835059832210693, 0.01683173625292039, 0.26421390768279424]
Recall: 0.5
[1059, 3182, 1159]
[0.9272300469483568, 0.0, 0.6635030198446937]
[0.12835059832210693, 0.01683173625292039, 0.26421390768279424]
Accuracy: -1.0
[1059, 3182, 1159]
[0.7072710103871577, 0.9651162790697675, 0.6635030198446937]
[0.12835059832210693, 0.01683173625292039, 0.26421390768279424]
FScore: 1.0
[1059, 3182, 1159]
[0.7181818181818181, 0.0, 0.7977178423236514]
[0.12835059832210693, 0.01683173625292039, 0.26421390768279424]
Matthews: 0.0
[1059, 3182, 1159]
[0.4959112603368217, 0.0, 0.0]
[0.12835059832210693, 0.01683173625292039, 0.26421390768279424]

Analysis for pima (700)
Precision: -1.0
[146, 153, 401]
[0.45454545454545453, 0.0, 1.0]
[0.09703944664041128, 0.19993122721579204, 0.034384868940560455]
Recall: -1.0
[146, 153, 401]
[0.30612244897959184, 0.0, 0.8847117794486216]
[0.09703944664041128, 0.19993122721579204, 0.034384868940560455]
Accuracy: -1.0
[146, 153, 401]
[0.6438356164383562, 0.3464052287581699, 0.885286783042394]
[0.09703944664041128, 0.19993122721579204, 0.034384868940560455]
FScore: -1.0
[146, 153, 401]
[0.3658536585365854, 0.0, 0.9388297872340426]
[0.09703944664041128, 0.19993122721579204, 0.034384868940560455]
Matthews: -1.0
[146, 153, 401]
[0.1361051389122339, -0.15362369875375304, 0.1919973718839902]
[0.09703944664041128, 0.19993122721579204, 0.034384868940560455]

Analysis for ring (7400)
Precision: 0.5
[1920, 4468, 1012]
[0.9621826039978391, 0.8046511627906977, 0.9002217294900222]
[0.06438406118076155, 0.03219597152310667, 0.21959469521556]
Recall: -1.0
[1920, 4468, 1012]
[0.9705722070844687, 1.0, 0.4211618257261411]
[0.06438406118076155, 0.03219597152310667, 0.21959469521556]
Accuracy: -1.0
[1920, 4468, 1012]
[0.9354166666666667, 0.9529991047448523, 0.4041501976284585]
[0.06438406118076155, 0.03219597152310667, 0.21959469521556]
FScore: -0.5
[1920, 4468, 1012]
[0.9663591969614759, 0.8917525773195877, 0.5738515901060072]
[0.06438406118076155, 0.03219597152310667, 0.21959469521556]
Matthews: -1.0
[1920, 4468, 1012]
[0.16249630595690928, 0.8704896672063211, -0.22081250716383422]
[0.06438406118076155, 0.03219597152310667, 0.21959469521556]

Analysis for spambase (4550)
Precision: -1.0
[498, 957, 3095]
[0.19383259911894274, 0.7733812949640287, 0.9973764757324005]
[0.24445116356815175, 0.0942258010067426, 0.01917703819322868]
Recall: -1.0
[498, 957, 3095]
[0.3120567375886525, 0.7119205298013245, 0.9844626672421234]
[0.24445116356815175, 0.0942258010067426, 0.01917703819322868]
Accuracy: -1.0
[498, 957, 3095]
[0.43775100401606426, 0.8432601880877743, 0.9864297253634895]
[0.24445116356815175, 0.0942258010067426, 0.01917703819322868]
FScore: -1.0
[498, 957, 3095]
[0.2391304347826087, 0.7413793103448276, 0.9908774978279757]
[0.24445116356815175, 0.0942258010067426, 0.01917703819322868]
Matthews: -1.0
[498, 957, 3095]
[-0.18141161301715905, 0.6303217831516963, 0.9647121154504741]
[0.24445116356815175, 0.0942258010067426, 0.01917703819322868]

Analysis for twonorm (7400)
Precision: -0.8660254037844386
[2127, 4815, 458]
[1.0, 1.0, 0.636734693877551]
[0.03887432047238793, 0.007999139475445546, 0.14426652863093933]
Recall: -0.8660254037844386
[2127, 4815, 458]
[1.0, 1.0, 0.6842105263157895]
[0.03887432047238793, 0.007999139475445546, 0.14426652863093933]
Accuracy: -0.8660254037844386
[2127, 4815, 458]
[1.0, 1.0, 0.648471615720524]
[0.03887432047238793, 0.007999139475445546, 0.14426652863093933]
FScore: -0.8660254037844386
[2127, 4815, 458]
[1.0, 1.0, 0.6596194503171248]
[0.03887432047238793, 0.007999139475445546, 0.14426652863093933]
Matthews: -0.8660254037844386
[2127, 4815, 458]
[1.0, 1.0, 0.297979379670545]
[0.03887432047238793, 0.007999139475445546, 0.14426652863093933]

Analysis for wdbc (560)
Precision: 0.8660254037844386
[89, 112, 359]
[1.0, 1.0, 0.22727272727272727]
[0.045010348051347994, 0.015442088236830876, 0.0015989599145180184]
Recall: -1.0
[89, 112, 359]
[0.8202247191011236, 0.9821428571428571, 1.0]
[0.045010348051347994, 0.015442088236830876, 0.0015989599145180184]
Accuracy: -0.5
[89, 112, 359]
[0.8202247191011236, 0.9821428571428571, 0.9526462395543176]
[0.045010348051347994, 0.015442088236830876, 0.0015989599145180184]
FScore: 0.5
[89, 112, 359]
[0.9012345679012346, 0.9909909909909909, 0.37037037037037035]
[0.045010348051347994, 0.015442088236830876, 0.0015989599145180184]
Matthews: -0.8660254037844386
[89, 112, 359]
[0.0, 0.0, 0.4651435265128446]
[0.045010348051347994, 0.015442088236830876, 0.0015989599145180184]
