MultiResolutionExperiment(5, 10, MultiResolutionTransform(30, 0.15)

Analysis for appendicitis (100)
Precision: -0.5773502691896258
[3, 13, 77, 6, 1]
[0.0, 0.0, 1.0, 0.0, 1.0]
[0.32868125962948574, 0.043003000876378365, 0.0040890095162155835, 0.13272031318251895, 0.12832678921048946]
Recall: -0.4472135954999579
[3, 13, 77, 6, 1]
[0.0, 0.0, 0.9868421052631579, 0.0, 1.0]
[0.32868125962948574, 0.043003000876378365, 0.0040890095162155835, 0.13272031318251895, 0.12832678921048946]
Accuracy: -0.7000000000000001
[3, 13, 77, 6, 1]
[0.0, 0.6153846153846154, 0.987012987012987, 0.16666666666666666, 1.0]
[0.32868125962948574, 0.043003000876378365, 0.0040890095162155835, 0.13272031318251895, 0.12832678921048946]
FScore: -0.4472135954999579
[3, 13, 77, 6, 1]
[0.0, 0.0, 0.9933774834437086, 0.0, 1.0]
[0.32868125962948574, 0.043003000876378365, 0.0040890095162155835, 0.13272031318251895, 0.12832678921048946]
Matthews: -0.22360679774997896
[3, 13, 77, 6, 1]
[0.0, -0.23354968324845687, 0.7024393586862705, 0.0, 0.0]
[0.32868125962948574, 0.043003000876378365, 0.0040890095162155835, 0.13272031318251895, 0.12832678921048946]

Analysis for banana (5300)
Precision: -0.8
[1405, 446, 463, 2444, 542]
[0.9972862957937585, 0.5384615384615384, 0.006493506493506494, 0.9961759082217974, 0.994535519125683]
[0.05942518869244669, 0.16023717940362364, 0.3332718763443465, 0.012904901360049638, 0.16288573129952297]
Recall: -0.9
[1405, 446, 463, 2444, 542]
[0.9919028340080972, 0.5121951219512195, 0.031746031746031744, 0.9993606138107417, 0.7067961165048544]
[0.05942518869244669, 0.16023717940362364, 0.3332718763443465, 0.012904901360049638, 0.16288573129952297]
Accuracy: -1.0
[1405, 446, 463, 2444, 542]
[0.994306049822064, 0.9147982062780269, 0.20734341252699784, 0.9971358428805237, 0.7177121771217713]
[0.05942518869244669, 0.16023717940362364, 0.3332718763443465, 0.012904901360049638, 0.16288573129952297]
FScore: -0.9
[1405, 446, 463, 2444, 542]
[0.9945872801082545, 0.525, 0.01078167115902965, 0.997765719757421, 0.8263337116912599]
[0.05942518869244669, 0.16023717940362364, 0.3332718763443465, 0.012904901360049638, 0.16288573129952297]
Matthews: -1.0
[1405, 446, 463, 2444, 542]
[0.9885974793429033, 0.4784145254366247, -0.5327377658233101, 0.993786961290431, 0.29396903343445346]
[0.05942518869244669, 0.16023717940362364, 0.3332718763443465, 0.012904901360049638, 0.16288573129952297]

Analysis for breast-cancer-original (650)
Precision: -0.5773502691896258
[11, 565, 12, 40, 22]
[1.0, 1.0, 0.0, 1.0, 0.0]
[0.08056421002489565, 5.345997299350804E-4, 0.1537490873894286, 0.013182449011070973, 0.05005488931292267]
Recall: -0.8207826816681233
[11, 565, 12, 40, 22]
[0.5, 0.9927007299270073, 0.0, 0.5714285714285714, 0.0]
[0.08056421002489565, 5.345997299350804E-4, 0.1537490873894286, 0.013182449011070973, 0.05005488931292267]
Accuracy: -0.9
[11, 565, 12, 40, 22]
[0.9090909090909091, 0.9946902654867257, 0.6666666666666666, 0.925, 0.7727272727272727]
[0.08056421002489565, 5.345997299350804E-4, 0.1537490873894286, 0.013182449011070973, 0.05005488931292267]
FScore: -0.8207826816681233
[11, 565, 12, 40, 22]
[0.6666666666666666, 0.9963369963369962, 0.0, 0.7272727272727273, 0.0]
[0.08056421002489565, 5.345997299350804E-4, 0.1537490873894286, 0.013182449011070973, 0.05005488931292267]
Matthews: -0.8207826816681233
[11, 565, 12, 40, 22]
[0.6708203932499369, 0.9867785598453385, 0.0, 0.723746864455746, 0.0]
[0.08056421002489565, 5.345997299350804E-4, 0.1537490873894286, 0.013182449011070973, 0.05005488931292267]

Analysis for mammographic-masses (960)
Precision: -0.9
[60, 93, 233, 472, 102]
[0.10714285714285714, 0.45614035087719296, 0.8378378378378378, 0.990909090909091, 0.29310344827586204]
[0.38854653192839556, 0.21658151418407082, 0.08091568648033746, 0.029997334700106047, 0.18195438916940643]
Recall: -1.0
[60, 93, 233, 472, 102]
[0.08571428571428572, 0.4727272727272727, 0.8493150684931506, 0.990909090909091, 0.7727272727272727]
[0.38854653192839556, 0.21658151418407082, 0.08091568648033746, 0.029997334700106047, 0.18195438916940643]
Accuracy: -1.0
[60, 93, 233, 472, 102]
[0.05, 0.3548387096774194, 0.9012875536480687, 0.9872881355932204, 0.5490196078431373]
[0.38854653192839556, 0.21658151418407082, 0.08091568648033746, 0.029997334700106047, 0.18195438916940643]
FScore: -0.9
[60, 93, 233, 472, 102]
[0.09523809523809523, 0.46428571428571425, 0.8435374149659863, 0.990909090909091, 0.425]
[0.38854653192839556, 0.21658151418407082, 0.08091568648033746, 0.029997334700106047, 0.18195438916940643]
Matthews: -1.0
[60, 93, 233, 472, 102]
[-0.9035079029052513, -0.3462241314015792, 0.7714800683030559, 0.9697823303457106, 0.21610698734666423]
[0.38854653192839556, 0.21658151418407082, 0.08091568648033746, 0.029997334700106047, 0.18195438916940643]

Analysis for phoneme (5400)
Precision: 0.9
[713, 646, 2834, 545, 662]
[0.972972972972973, 0.625, 0.08333333333333333, 0.2026578073089701, 1.0]
[0.16511993476315082, 0.056468472934258315, 0.009206642642581395, 0.12982325167682948, 0.2924828795746609]
Recall: -0.39999999999999997
[713, 646, 2834, 545, 662]
[0.8396501457725948, 0.9146341463414634, 0.8, 0.8970588235294118, 0.5634441087613293]
[0.16511993476315082, 0.056468472934258315, 0.009206642642581395, 0.12982325167682948, 0.2924828795746609]
Accuracy: -0.7000000000000001
[713, 646, 2834, 545, 662]
[0.82328190743338, 0.8390092879256966, 0.984121383203952, 0.5467889908256881, 0.5634441087613293]
[0.16511993476315082, 0.056468472934258315, 0.009206642642581395, 0.12982325167682948, 0.2924828795746609]
FScore: 0.5
[713, 646, 2834, 545, 662]
[0.9014084507042253, 0.7425742574257426, 0.1509433962264151, 0.3306233062330623, 0.7207729468599035]
[0.16511993476315082, 0.056468472934258315, 0.009206642642581395, 0.12982325167682948, 0.2924828795746609]
Matthews: -0.7000000000000001
[713, 646, 2834, 545, 662]
[0.12562860500217016, 0.6556254094562015, 0.2551254580403915, 0.2617803764809118, 0.0]
[0.16511993476315082, 0.056468472934258315, 0.009206642642581395, 0.12982325167682948, 0.2924828795746609]

Analysis for pima (700)
Precision: -0.9
[85, 80, 157, 343, 35]
[0.03125, 0.0, 0.9375, 0.9795221843003413, 0.35714285714285715]
[0.09793300271670072, 0.22690244983391633, 0.06273390836693717, 0.019001844149657325, 0.17445245692488862]
Recall: -0.9
[85, 80, 157, 343, 35]
[0.2, 0.0, 0.6097560975609756, 0.9258064516129032, 0.4166666666666667]
[0.09793300271670072, 0.22690244983391633, 0.06273390836693717, 0.019001844149657325, 0.17445245692488862]
Accuracy: -1.0
[85, 80, 157, 343, 35]
[0.5882352941176471, 0.1875, 0.6624203821656051, 0.9154518950437318, 0.5428571428571428]
[0.09793300271670072, 0.22690244983391633, 0.06273390836693717, 0.019001844149657325, 0.17445245692488862]
FScore: -0.9
[85, 80, 157, 343, 35]
[0.05405405405405406, 0.0, 0.7389162561576355, 0.9519071310116086, 0.3846153846153846]
[0.09793300271670072, 0.22690244983391633, 0.06273390836693717, 0.019001844149657325, 0.17445245692488862]
Matthews: -0.7000000000000001
[85, 80, 157, 343, 35]
[-0.0910580495959935, 0.0, 0.3812401212795246, 0.621706048722051, 0.024573659359149524]
[0.09793300271670072, 0.22690244983391633, 0.06273390836693717, 0.019001844149657325, 0.17445245692488862]

Analysis for ring (7400)
Precision: -0.7000000000000001
[786, 897, 483, 601, 4633]
[0.9880636604774535, 0.07196969696969698, 0.898876404494382, 0.903755868544601, 0.9886117136659436]
[0.05217955530353718, 0.08772974848380082, 0.2856916958503178, 0.14789700456329669, 0.01866197736030446]
Recall: -0.7000000000000001
[786, 897, 483, 601, 4633]
[0.9612903225806452, 1.0, 0.16877637130801687, 0.6887298747763864, 0.9923788786064235]
[0.05217955530353718, 0.08772974848380082, 0.2856916958503178, 0.14789700456329669, 0.01866197736030446]
Accuracy: -1.0
[786, 897, 483, 601, 4633]
[0.950381679389313, 0.7268673355629878, 0.16563146997929606, 0.6422628951747088, 0.9924454996762357]
[0.05217955530353718, 0.08772974848380082, 0.2856916958503178, 0.14789700456329669, 0.01866197736030446]
FScore: -0.7000000000000001
[786, 897, 483, 601, 4633]
[0.9744931327665141, 0.13427561837455831, 0.2841918294849023, 0.7817258883248731, 0.9904917142080957]
[0.05217955530353718, 0.08772974848380082, 0.2856916958503178, 0.14789700456329669, 0.01866197736030446]
Matthews: -0.9
[786, 897, 483, 601, 4633]
[0.08506520926829286, 0.2277872618333858, -0.2899246833275154, -0.1613188268698518, 0.9842298643309556]
[0.05217955530353718, 0.08772974848380082, 0.2856916958503178, 0.14789700456329669, 0.01866197736030446]

Analysis for spambase (4550)
Precision: -0.9
[336, 1422, 667, 445, 1680]
[0.08875739644970414, 0.9954296160877514, 0.8929889298892989, 0.3333333333333333, 0.9931856899488927]
[0.30757149449409804, 0.03938905087338245, 0.10062375680278599, 0.1699911778435574, 0.005083371686544245]
Recall: -1.0
[336, 1422, 667, 445, 1680]
[0.19736842105263158, 0.9731903485254692, 0.7311178247734139, 0.4745762711864407, 0.9923404255319149]
[0.30757149449409804, 0.03938905087338245, 0.10062375680278599, 0.1699911778435574, 0.005083371686544245]
Accuracy: -1.0
[336, 1422, 667, 445, 1680]
[0.3601190476190476, 0.9753867791842475, 0.823088455772114, 0.8044943820224719, 0.9898809523809524]
[0.30757149449409804, 0.03938905087338245, 0.10062375680278599, 0.1699911778435574, 0.005083371686544245]
FScore: -1.0
[336, 1422, 667, 445, 1680]
[0.12244897959183672, 0.9841843651152281, 0.8039867109634551, 0.39160839160839156, 0.992762877820349]
[0.30757149449409804, 0.03938905087338245, 0.10062375680278599, 0.1699911778435574, 0.005083371686544245]
Matthews: -1.0
[336, 1422, 667, 445, 1680]
[-0.3304625142092064, 0.929953895970382, 0.6564203206205893, 0.2855485263613354, 0.9759488301323567]
[0.30757149449409804, 0.03938905087338245, 0.10062375680278599, 0.1699911778435574, 0.005083371686544245]

Analysis for twonorm (7400)
Precision: -0.9746794344808963
[151, 2144, 1008, 3689, 408]
[0.14634146341463414, 1.0, 0.9980544747081712, 1.0, 0.9196428571428571]
[0.20518297215295184, 0.013085236872004106, 0.03939868989813076, 0.0024392224022661635, 0.09704584331844396]
Recall: -0.8944271909999159
[151, 2144, 1008, 3689, 408]
[0.18181818181818182, 1.0, 1.0, 1.0, 0.9196428571428571]
[0.20518297215295184, 0.013085236872004106, 0.03939868989813076, 0.0024392224022661635, 0.09704584331844396]
Accuracy: -0.9746794344808963
[151, 2144, 1008, 3689, 408]
[0.17880794701986755, 1.0, 0.9990079365079365, 1.0, 0.9117647058823529]
[0.20518297215295184, 0.013085236872004106, 0.03939868989813076, 0.0024392224022661635, 0.09704584331844396]
FScore: -0.9746794344808963
[151, 2144, 1008, 3689, 408]
[0.16216216216216217, 1.0, 0.9990262901655307, 1.0, 0.9196428571428571]
[0.20518297215295184, 0.013085236872004106, 0.03939868989813076, 0.0024392224022661635, 0.09704584331844396]
Matthews: -0.9746794344808963
[151, 2144, 1008, 3689, 408]
[-0.638983433411088, 1.0, 0.9980171356455229, 1.0, 0.8218167701863354]
[0.20518297215295184, 0.013085236872004106, 0.03939868989813076, 0.0024392224022661635, 0.09704584331844396]

Analysis for wdbc (560)
Precision: 0.9733285267845752
[60, 0, 0, 51, 449]
[1.0, 0.0, 0.0, 1.0, 0.8440366972477065]
[0.06807174319049766, 0.0, 0.0, 0.018311499762466668, 0.0024019213473511214]
Recall: 0.5789473684210527
[60, 0, 0, 51, 449]
[0.8166666666666667, 0.0, 0.0, 0.9215686274509803, 0.968421052631579]
[0.06807174319049766, 0.0, 0.0, 0.018311499762466668, 0.0024019213473511214]
Accuracy: 0.5789473684210527
[60, 0, 0, 51, 449]
[0.8166666666666667, 0.0, 0.0, 0.9215686274509803, 0.955456570155902]
[0.06807174319049766, 0.0, 0.0, 0.018311499762466668, 0.0024019213473511214]
FScore: 0.6842105263157895
[60, 0, 0, 51, 449]
[0.8990825688073394, 0.0, 0.0, 0.9591836734693878, 0.9019607843137255]
[0.06807174319049766, 0.0, 0.0, 0.018311499762466668, 0.0024019213473511214]
Matthews: 0.0
[60, 0, 0, 51, 449]
[0.0, 0.0, 0.0, 0.0, 0.8767718678410387]
[0.06807174319049766, 0.0, 0.0, 0.018311499762466668, 0.0024019213473511214]
