MultiResolutionExperiment(3, 10, MultiResolutionTransform(40, 0.15)

Analysis for appendicitis (100)
Precision: -0.8660254037844386
[7, 78, 15]
[0.0, 1.0, 0.0]
[0.22841392340025532, 0.0055110463355229344, 0.046324285095215086]
Recall: -0.8660254037844386
[7, 78, 15]
[0.0, 0.987012987012987, 0.0]
[0.22841392340025532, 0.0055110463355229344, 0.046324285095215086]
Accuracy: -1.0
[7, 78, 15]
[0.14285714285714285, 0.9871794871794872, 0.5333333333333333]
[0.22841392340025532, 0.0055110463355229344, 0.046324285095215086]
FScore: -0.8660254037844386
[7, 78, 15]
[0.0, 0.9934640522875817, 0.0]
[0.22841392340025532, 0.0055110463355229344, 0.046324285095215086]
Matthews: -0.5
[7, 78, 15]
[0.0, 0.7025001733142089, -0.30151134457776363]
[0.22841392340025532, 0.0055110463355229344, 0.046324285095215086]

Analysis for banana (5300)
Precision: -1.0
[618, 3193, 1489]
[0.03303303303303303, 0.9970193740685543, 0.9910846953937593]
[0.3027366299581268, 0.019573842188754458, 0.11486060084248542]
Recall: -1.0
[618, 3193, 1489]
[0.09016393442622951, 0.9985074626865672, 0.8421717171717171]
[0.3027366299581268, 0.019573842188754458, 0.11486060084248542]
Accuracy: -1.0
[618, 3193, 1489]
[0.2993527508090615, 0.9971813341684935, 0.9120214909335125]
[0.3027366299581268, 0.019573842188754458, 0.11486060084248542]
FScore: -1.0
[618, 3193, 1489]
[0.048351648351648346, 0.9977628635346756, 0.910580204778157]
[0.3027366299581268, 0.019573842188754458, 0.11486060084248542]
Matthews: -1.0
[618, 3193, 1489]
[-0.4463864689119891, 0.9939561699381801, 0.8357280975549304]
[0.3027366299581268, 0.019573842188754458, 0.11486060084248542]

Analysis for breast-cancer-original (650)
Precision: -0.8660254037844386
[579, 51, 20]
[1.0, 1.0, 0.0]
[7.159263468973958E-4, 0.03261769552971199, 0.12297828174202141]
Recall: -1.0
[579, 51, 20]
[0.9927536231884058, 0.25, 0.0]
[7.159263468973958E-4, 0.03261769552971199, 0.12297828174202141]
Accuracy: -1.0
[579, 51, 20]
[0.9948186528497409, 0.8823529411764706, 0.65]
[7.159263468973958E-4, 0.03261769552971199, 0.12297828174202141]
FScore: -1.0
[579, 51, 20]
[0.9963636363636363, 0.4, 0.0]
[7.159263468973958E-4, 0.03261769552971199, 0.12297828174202141]
Matthews: -1.0
[579, 51, 20]
[0.987433987625089, 0.46838846602157147, 0.0]
[7.159263468973958E-4, 0.03261769552971199, 0.12297828174202141]

Analysis for mammographic-masses (960)
Precision: -1.0
[135, 525, 300]
[0.27848101265822783, 0.9882005899705014, 0.6046511627906976]
[0.3068221489536113, 0.032208255154841776, 0.11887223047899473]
Recall: -1.0
[135, 525, 300]
[0.2857142857142857, 0.9824046920821115, 0.8041237113402062]
[0.3068221489536113, 0.032208255154841776, 0.11887223047899473]
Accuracy: -1.0
[135, 525, 300]
[0.17037037037037037, 0.9809523809523809, 0.7666666666666667]
[0.3068221489536113, 0.032208255154841776, 0.11887223047899473]
FScore: -1.0
[135, 525, 300]
[0.282051282051282, 0.9852941176470589, 0.6902654867256637]
[0.3068221489536113, 0.032208255154841776, 0.11887223047899473]
Matthews: -1.0
[135, 525, 300]
[-0.7003452737302724, 0.9583011338395623, 0.5223738481071879]
[0.3068221489536113, 0.032208255154841776, 0.11887223047899473]

Analysis for phoneme (5400)
Precision: 1.0
[1132, 3227, 1041]
[0.5935302390998594, 0.4107142857142857, 0.997037037037037]
[0.1121143778517321, 0.013915019736704077, 0.2529818922887583]
Recall: -1.0
[1132, 3227, 1041]
[0.8773388773388774, 0.9857142857142858, 0.6508704061895552]
[0.1121143778517321, 0.013915019736704077, 0.2529818922887583]
Accuracy: -1.0
[1132, 3227, 1041]
[0.6925795053003534, 0.9690114657576696, 0.6512968299711815]
[0.1121143778517321, 0.013915019736704077, 0.2529818922887583]
FScore: 1.0
[1132, 3227, 1041]
[0.7080536912751677, 0.5798319327731093, 0.7875950848449386]
[0.1121143778517321, 0.013915019736704077, 0.2529818922887583]
Matthews: -1.0
[1132, 3227, 1041]
[0.4432845247218589, 0.6258237882261408, 0.06250222020476344]
[0.1121143778517321, 0.013915019736704077, 0.2529818922887583]

Analysis for pima (700)
Precision: -1.0
[127, 165, 408]
[0.0, 0.639344262295082, 0.9791666666666666]
[0.1978620274330247, 0.07877160383352218, 0.02379911191285369]
Recall: -1.0
[127, 165, 408]
[0.0, 0.46987951807228917, 0.8989071038251366]
[0.1978620274330247, 0.07877160383352218, 0.02379911191285369]
Accuracy: -1.0
[127, 165, 408]
[0.30708661417322836, 0.6, 0.8921568627450981]
[0.1978620274330247, 0.07877160383352218, 0.02379911191285369]
FScore: -1.0
[127, 165, 408]
[0.0, 0.5416666666666666, 0.9373219373219372]
[0.1978620274330247, 0.07877160383352218, 0.02379911191285369]
Matthews: -1.0
[127, 165, 408]
[-0.13138456820306088, 0.20879810453717784, 0.5836910170630702]
[0.1978620274330247, 0.07877160383352218, 0.02379911191285369]

Analysis for ring (7400)
Precision: -0.5
[685, 1200, 5515]
[0.8994974874371859, 0.8136958710976838, 0.9450800915331807]
[0.2515473045966487, 0.09424779143683298, 0.024925198470976483]
Recall: -1.0
[685, 1200, 5515]
[0.26957831325301207, 0.8782608695652174, 0.9927884615384616]
[0.2515473045966487, 0.09424779143683298, 0.024925198470976483]
Accuracy: -1.0
[685, 1200, 5515]
[0.26277372262773724, 0.7525, 0.9755213055303718]
[0.2515473045966487, 0.09424779143683298, 0.024925198470976483]
FScore: -1.0
[685, 1200, 5515]
[0.4148319814600232, 0.8447464715107161, 0.9683470105509966]
[0.2515473045966487, 0.09424779143683298, 0.024925198470976483]
Matthews: -1.0
[685, 1200, 5515]
[-0.25926518685502126, 0.24353725144566574, 0.949175460183964]
[0.2515473045966487, 0.09424779143683298, 0.024925198470976483]

Analysis for spambase (4550)
Precision: -1.0
[583, 1010, 2957]
[0.13063063063063063, 0.8723404255319149, 0.9949863263445761]
[0.25587096716061825, 0.09923452088167051, 0.018441180757262702]
Recall: -1.0
[583, 1010, 2957]
[0.25217391304347825, 0.7663551401869159, 0.9846639603067208]
[0.25587096716061825, 0.09923452088167051, 0.018441180757262702]
Accuracy: -1.0
[583, 1010, 2957]
[0.5214408233276158, 0.8534653465346534, 0.9847818735204599]
[0.25587096716061825, 0.09923452088167051, 0.018441180757262702]
FScore: -1.0
[583, 1010, 2957]
[0.172106824925816, 0.8159203980099503, 0.9897982316934936]
[0.25587096716061825, 0.09923452088167051, 0.018441180757262702]
Matthews: -1.0
[583, 1010, 2957]
[-0.13129749828387963, 0.6990774742761905, 0.9600633710482195]
[0.25587096716061825, 0.09923452088167051, 0.018441180757262702]

Analysis for twonorm (7400)
Precision: -1.0
[395, 5245, 1760]
[0.5797101449275363, 1.0, 0.9977678571428571]
[0.14499778748314865, 0.004589769038962471, 0.03497405289959026]
Recall: -1.0
[395, 5245, 1760]
[0.6282722513089005, 1.0, 0.9988826815642458]
[0.14499778748314865, 0.004589769038962471, 0.03497405289959026]
Accuracy: -1.0
[395, 5245, 1760]
[0.6, 1.0, 0.9982954545454545]
[0.14499778748314865, 0.004589769038962471, 0.03497405289959026]
FScore: -1.0
[395, 5245, 1760]
[0.6030150753768844, 1.0, 0.998324958123953]
[0.14499778748314865, 0.004589769038962471, 0.03497405289959026]
Matthews: -1.0
[395, 5245, 1760]
[0.20192607841407736, 1.0, 0.9965904960859348]
[0.14499778748314865, 0.004589769038962471, 0.03497405289959026]

Analysis for wdbc (560)
Precision: 0.8660254037844386
[59, 51, 450]
[1.0, 1.0, 0.8454545454545455]
[0.06561278313724256, 0.017619493434438, 0.0022699020281610987]
Recall: -1.0
[59, 51, 450]
[0.8135593220338984, 0.9215686274509803, 0.96875]
[0.06561278313724256, 0.017619493434438, 0.0022699020281610987]
Accuracy: -1.0
[59, 51, 450]
[0.8135593220338984, 0.9215686274509803, 0.9555555555555556]
[0.06561278313724256, 0.017619493434438, 0.0022699020281610987]
FScore: -0.5
[59, 51, 450]
[0.897196261682243, 0.9591836734693878, 0.9029126213592233]
[0.06561278313724256, 0.017619493434438, 0.0022699020281610987]
Matthews: -0.8660254037844386
[59, 51, 450]
[0.0, 0.0, 0.8776725477681147]
[0.06561278313724256, 0.017619493434438, 0.0022699020281610987]
