MultiResolutionExperiment(4, 10, MultiResolutionTransform(50, 0.30))

Analysis for appendicitis (100)
Precision: -0.8944271909999159
[1, 76, 18, 5]
[0.0, 1.0, 0.0, 1.0]
[0.3573639896092229, 0.004599155429067147, 0.16275479033802698, 0.08888451268199615]
Recall: -0.9486832980505139
[1, 76, 18, 5]
[0.0, 0.9868421052631579, 0.0, 0.25]
[0.3573639896092229, 0.004599155429067147, 0.16275479033802698, 0.08888451268199615]
Accuracy: -0.8
[1, 76, 18, 5]
[0.0, 0.9868421052631579, 0.5, 0.4]
[0.3573639896092229, 0.004599155429067147, 0.16275479033802698, 0.08888451268199615]
FScore: -0.9486832980505139
[1, 76, 18, 5]
[0.0, 0.9933774834437086, 0.0, 0.4]
[0.3573639896092229, 0.004599155429067147, 0.16275479033802698, 0.08888451268199615]
Matthews: -0.25819888974716104
[1, 76, 18, 5]
[0.0, 0.0, 0.0, 0.25]
[0.3573639896092229, 0.004599155429067147, 0.16275479033802698, 0.08888451268199615]

Analysis for banana (5300)
Precision: -0.8
[2864, 575, 771, 1090]
[1.0, 0.02147239263803681, 0.9887640449438202, 0.9497206703910615]
[0.03974063562880087, 0.3166131453859212, 0.1521467503861263, 0.1115983519807093]
Recall: -1.0
[2864, 575, 771, 1090]
[0.9994952044422009, 0.09722222222222222, 0.7542857142857143, 0.9941520467836257]
[0.03974063562880087, 0.3166131453859212, 0.1521467503861263, 0.1115983519807093]
Accuracy: -1.0
[2864, 575, 771, 1090]
[0.9996508379888268, 0.33217391304347826, 0.7691309987029832, 0.9908256880733946]
[0.03974063562880087, 0.3166131453859212, 0.1521467503861263, 0.1115983519807093]
FScore: -1.0
[2864, 575, 771, 1090]
[0.9997475385003786, 0.035175879396984924, 0.8557536466774717, 0.9714285714285714]
[0.03974063562880087, 0.3166131453859212, 0.1521467503861263, 0.1115983519807093]
Matthews: -1.0
[2864, 575, 771, 1090]
[0.9991819422699966, -0.3586690478481505, 0.41972487350851545, 0.9663257046457805]
[0.03974063562880087, 0.3166131453859212, 0.1521467503861263, 0.1115983519807093]

Analysis for breast-cancer-original (650)
Precision: NaN
[415, 150, 30, 55]
[1.0, 1.0, 1.0, 1.0]
[0.0010908312478591768, 0.02337368046979648, 0.14386303767807015, 0.057973266681749916]
Recall: -0.4
[415, 150, 30, 55]
[0.9879518072289156, 0.5, 0.09090909090909091, 1.0]
[0.0010908312478591768, 0.02337368046979648, 0.14386303767807015, 0.057973266681749916]
Accuracy: -0.2000000000000001
[415, 150, 30, 55]
[0.9879518072289156, 0.9933333333333333, 0.6666666666666666, 1.0]
[0.0010908312478591768, 0.02337368046979648, 0.14386303767807015, 0.057973266681749916]
FScore: -0.4
[415, 150, 30, 55]
[0.993939393939394, 0.6666666666666666, 0.16666666666666669, 1.0]
[0.0010908312478591768, 0.02337368046979648, 0.14386303767807015, 0.057973266681749916]
Matthews: 0.4
[415, 150, 30, 55]
[0.0, 0.7047299449448798, 0.24405148745018082, 1.0]
[0.0010908312478591768, 0.02337368046979648, 0.14386303767807015, 0.057973266681749916]

Analysis for mammographic-masses (960)
Precision: -1.0
[135, 127, 200, 498]
[0.42857142857142855, 0.24285714285714285, 0.8205128205128205, 0.9968944099378882]
[0.1821183667002911, 0.3109759513511416, 0.1005083719498344, 0.03882551799479636]
Recall: -1.0
[135, 127, 200, 498]
[0.7021276595744681, 0.25, 0.8311688311688312, 0.9938080495356038]
[0.1821183667002911, 0.3109759513511416, 0.1005083719498344, 0.03882551799479636]
Accuracy: -1.0
[135, 127, 200, 498]
[0.5703703703703704, 0.18110236220472442, 0.865, 0.9939759036144579]
[0.1821183667002911, 0.3109759513511416, 0.1005083719498344, 0.03882551799479636]
FScore: -1.0
[135, 127, 200, 498]
[0.532258064516129, 0.24637681159420288, 0.8258064516129032, 0.9953488372093025]
[0.1821183667002911, 0.3109759513511416, 0.1005083719498344, 0.03882551799479636]
Matthews: -1.0
[135, 127, 200, 498]
[0.19451659247460099, -0.6500899350590615, 0.715649558263718, 0.9868114366092022]
[0.1821183667002911, 0.3109759513511416, 0.1005083719498344, 0.03882551799479636]

Analysis for phoneme (5400)
Precision: 0.9486832980505138
[839, 740, 2973, 848]
[0.0, 0.9984779299847792, 0.0, 1.0]
[0.11568015909438098, 0.1583141060039652, 0.012516936868612058, 0.2880717478192908]
Recall: 0.7378647873726218
[839, 740, 2973, 848]
[0.0, 0.8900949796472184, 0.0, 0.5990566037735849]
[0.11568015909438098, 0.1583141060039652, 0.012516936868612058, 0.2880717478192908]
Accuracy: -0.8
[839, 740, 2973, 848]
[0.6054827175208581, 0.8891891891891892, 0.9804910864446686, 0.5990566037735849]
[0.11568015909438098, 0.1583141060039652, 0.012516936868612058, 0.2880717478192908]
FScore: 0.7378647873726218
[839, 740, 2973, 848]
[0.0, 0.9411764705882353, 0.0, 0.7492625368731564]
[0.11568015909438098, 0.1583141060039652, 0.012516936868612058, 0.2880717478192908]
Matthews: 0.2581988897471614
[839, 740, 2973, 848]
[0.0, 0.11210937996970928, 0.0, 0.0]
[0.11568015909438098, 0.1583141060039652, 0.012516936868612058, 0.2880717478192908]

Analysis for pima (700)
Precision: -0.9486832980505138
[131, 143, 112, 314]
[1.0, 0.0, 0.041666666666666664, 1.0]
[0.08812719947886072, 0.20459336316731694, 0.09469321956375994, 0.02273380497733375]
Recall: -1.0
[131, 143, 112, 314]
[0.5692307692307692, 0.0, 0.16666666666666666, 0.9391025641025641]
[0.08812719947886072, 0.20459336316731694, 0.09469321956375994, 0.02273380497733375]
Accuracy: -0.8
[131, 143, 112, 314]
[0.5725190839694656, 0.3356643356643357, 0.75, 0.9394904458598726]
[0.08812719947886072, 0.20459336316731694, 0.09469321956375994, 0.02273380497733375]
FScore: -1.0
[131, 143, 112, 314]
[0.7254901960784313, 0.0, 0.06666666666666667, 0.968595041322314]
[0.08812719947886072, 0.20459336316731694, 0.09469321956375994, 0.02273380497733375]
Matthews: -1.0
[131, 143, 112, 314]
[0.09993250083604847, -0.16242838028929626, -0.027610512218752742, 0.29906243401393534]
[0.08812719947886072, 0.20459336316731694, 0.09469321956375994, 0.02273380497733375]

Analysis for ring (7400)
Precision: 0.0
[672, 996, 3892, 1840]
[0.0, 0.9675925925925926, 0.9503386004514672, 1.0]
[0.10178096650891366, 0.21937113956976392, 0.02374753985667232, 0.059990728349351034]
Recall: -0.8
[672, 996, 3892, 1840]
[0.0, 0.4256619144602851, 1.0, 0.9739130434782609]
[0.10178096650891366, 0.21937113956976392, 0.02374753985667232, 0.059990728349351034]
Accuracy: -1.0
[672, 996, 3892, 1840]
[0.6026785714285714, 0.41967871485943775, 0.9886947584789312, 0.9739130434782609]
[0.10178096650891366, 0.21937113956976392, 0.02374753985667232, 0.059990728349351034]
FScore: -0.6000000000000001
[672, 996, 3892, 1840]
[0.0, 0.5912305516265912, 0.9745370370370371, 0.986784140969163]
[0.10178096650891366, 0.21937113956976392, 0.02374753985667232, 0.059990728349351034]
Matthews: -0.9486832980505139
[672, 996, 3892, 1840]
[0.0, -0.1364287664962047, 0.9677958450473197, 0.0]
[0.10178096650891366, 0.21937113956976392, 0.02374753985667232, 0.059990728349351034]

Analysis for spambase (4550)
Precision: -1.0
[341, 981, 575, 2653]
[0.11494252873563218, 0.9280205655526992, 0.5818181818181818, 0.999515503875969]
[0.273375633059019, 0.05957817060463283, 0.1402823747939024, 0.014675485294259586]
Recall: -1.0
[341, 981, 575, 2653]
[0.21505376344086022, 0.8615751789976134, 0.5783132530120482, 0.9908741594620557]
[0.273375633059019, 0.05957817060463283, 0.1402823747939024, 0.014675485294259586]
Accuracy: -1.0
[341, 981, 575, 2653]
[0.3343108504398827, 0.9123343527013251, 0.7582608695652174, 0.9924613644930268]
[0.273375633059019, 0.05957817060463283, 0.1402823747939024, 0.014675485294259586]
FScore: -1.0
[341, 981, 575, 2653]
[0.149812734082397, 0.8935643564356436, 0.580060422960725, 0.9951760733236855]
[0.273375633059019, 0.05957817060463283, 0.1402823747939024, 0.014675485294259586]
Matthews: -1.0
[341, 981, 575, 2653]
[-0.3616333399176264, 0.8208493886369169, 0.4103471206396672, 0.9781290462980712]
[0.273375633059019, 0.05957817060463283, 0.1402823747939024, 0.014675485294259586]

Analysis for twonorm (7400)
Precision: -0.9486832980505138
[267, 3679, 888, 2566]
[0.3582089552238806, 1.0, 0.9937629937629938, 1.0]
[0.17573393674792262, 0.005709257352371678, 0.06837991130889595, 0.022848373413343406]
Recall: -0.9486832980505138
[267, 3679, 888, 2566]
[0.4067796610169492, 1.0, 0.9958333333333333, 1.0]
[0.17573393674792262, 0.005709257352371678, 0.06837991130889595, 0.022848373413343406]
Accuracy: -0.9486832980505138
[267, 3679, 888, 2566]
[0.4157303370786517, 1.0, 0.9943693693693694, 1.0]
[0.17573393674792262, 0.005709257352371678, 0.06837991130889595, 0.022848373413343406]
FScore: -0.9486832980505138
[267, 3679, 888, 2566]
[0.380952380952381, 1.0, 0.9947970863683663, 1.0]
[0.17573393674792262, 0.005709257352371678, 0.06837991130889595, 0.022848373413343406]
Matthews: -0.9486832980505138
[267, 3679, 888, 2566]
[-0.16925030169431227, 1.0, 0.9886646733252714, 1.0]
[0.17573393674792262, 0.005709257352371678, 0.06837991130889595, 0.022848373413343406]

Analysis for wdbc (560)
Precision: 0.7745966692414834
[52, 83, 68, 357]
[1.0, 1.0, 1.0, 0.15]
[0.053825872255630854, 0.026740824629529366, 0.010633714616703024, 0.0015908545460152628]
Recall: -1.0
[52, 83, 68, 357]
[0.8076923076923077, 0.9156626506024096, 0.9852941176470589, 1.0]
[0.053825872255630854, 0.026740824629529366, 0.010633714616703024, 0.0015908545460152628]
Accuracy: -0.8
[52, 83, 68, 357]
[0.8076923076923077, 0.9156626506024096, 0.9852941176470589, 0.9523809523809523]
[0.053825872255630854, 0.026740824629529366, 0.010633714616703024, 0.0015908545460152628]
FScore: 0.2000000000000001
[52, 83, 68, 357]
[0.8936170212765957, 0.9559748427672956, 0.9925925925925926, 0.2608695652173913]
[0.053825872255630854, 0.026740824629529366, 0.010633714616703024, 0.0015908545460152628]
Matthews: -0.7745966692414834
[52, 83, 68, 357]
[0.0, 0.0, 0.0, 0.3778843873058155]
[0.053825872255630854, 0.026740824629529366, 0.010633714616703024, 0.0015908545460152628]
