MultiResolutionExperiment(3, 10, MultiResolutionTransform(10, 0.20))

Analysis for appendicitis (100)
Precision: -0.8660254037844386
[11, 76, 13]
[0.0, 1.0, 1.0]
[0.23637638172541112, 0.00461291763852267, 0.10484566278944572]
Recall: -1.0
[11, 76, 13]
[0.0, 0.9868421052631579, 0.25]
[0.23637638172541112, 0.00461291763852267, 0.10484566278944572]
Accuracy: -1.0
[11, 76, 13]
[0.09090909090909091, 0.9868421052631579, 0.7692307692307693]
[0.23637638172541112, 0.00461291763852267, 0.10484566278944572]
FScore: -1.0
[11, 76, 13]
[0.0, 0.9933774834437086, 0.4]
[0.23637638172541112, 0.00461291763852267, 0.10484566278944572]
Matthews: 0.0
[11, 76, 13]
[0.0, 0.0, 0.4330127018922193]
[0.23637638172541112, 0.00461291763852267, 0.10484566278944572]

Analysis for banana (5300)
Precision: -1.0
[650, 2837, 1813]
[0.04451038575667656, 1.0, 0.983026874115983]
[0.3422538629362041, 0.033318305950572495, 0.1277610957978873]
Recall: -1.0
[650, 2837, 1813]
[0.11450381679389313, 0.9964682139253279, 0.8569667077681874]
[0.3422538629362041, 0.033318305950572495, 0.1277610957978873]
Accuracy: -1.0
[650, 2837, 1813]
[0.3261538461538461, 0.9975326048642933, 0.9293987865416437]
[0.3422538629362041, 0.033318305950572495, 0.1277610957978873]
FScore: -1.0
[650, 2837, 1813]
[0.0641025641025641, 0.9982309830679809, 0.9156785243741765]
[0.3422538629362041, 0.033318305950572495, 0.1277610957978873]
Matthews: -1.0
[650, 2837, 1813]
[-0.40617587099966207, 0.9941711344988416, 0.8614080499510038]
[0.3422538629362041, 0.033318305950572495, 0.1277610957978873]

Analysis for breast-cancer-original (650)
Precision: NaN
[416, 64, 170]
[1.0, 1.0, 1.0]
[0.0012238410726669305, 0.12324041065087087, 0.03267319577076056]
Recall: -1.0
[416, 64, 170]
[0.9879518072289156, 0.09090909090909091, 0.6666666666666666]
[0.0012238410726669305, 0.12324041065087087, 0.03267319577076056]
Accuracy: -0.5
[416, 64, 170]
[0.9879807692307693, 0.84375, 0.9941176470588236]
[0.0012238410726669305, 0.12324041065087087, 0.03267319577076056]
FScore: -1.0
[416, 64, 170]
[0.993939393939394, 0.16666666666666669, 0.8]
[0.0012238410726669305, 0.12324041065087087, 0.03267319577076056]
Matthews: -0.5
[416, 64, 170]
[0.4057815108382251, 0.2765485065573063, 0.8140629046323218]
[0.0012238410726669305, 0.12324041065087087, 0.03267319577076056]

Analysis for mammographic-masses (960)
Precision: -1.0
[138, 522, 300]
[0.23076923076923078, 0.9969418960244648, 0.6408450704225352]
[0.3397537929766227, 0.04119361308929084, 0.15265144449939463]
Recall: -1.0
[138, 522, 300]
[0.2535211267605634, 0.9939024390243902, 0.7844827586206896]
[0.3397537929766227, 0.04119361308929084, 0.15265144449939463]
Accuracy: -1.0
[138, 522, 300]
[0.18115942028985507, 0.9942528735632183, 0.7466666666666667]
[0.3397537929766227, 0.04119361308929084, 0.15265144449939463]
FScore: -1.0
[138, 522, 300]
[0.24161073825503357, 0.9954198473282444, 0.7054263565891472]
[0.3397537929766227, 0.04119361308929084, 0.15265144449939463]
Matthews: -1.0
[138, 522, 300]
[-0.6472611350333759, 0.9877161045544597, 0.4948090398441438]
[0.3397537929766227, 0.04119361308929084, 0.15265144449939463]

Analysis for phoneme (5400)
Precision: 1.0
[1130, 3171, 1099]
[0.6141304347826086, 0.0, 0.9985974754558204]
[0.14692769259606056, 0.018456456993762978, 0.30572462235993725]
Recall: 0.5
[1130, 3171, 1099]
[0.9243353783231084, 0.0, 0.6496350364963503]
[0.14692769259606056, 0.018456456993762978, 0.30572462235993725]
Accuracy: -1.0
[1130, 3171, 1099]
[0.715929203539823, 0.9668874172185431, 0.6496815286624203]
[0.14692769259606056, 0.018456456993762978, 0.30572462235993725]
FScore: 1.0
[1130, 3171, 1099]
[0.7379591836734695, 0.0, 0.7871752349364289]
[0.14692769259606056, 0.018456456993762978, 0.30572462235993725]
Matthews: 0.5
[1130, 3171, 1099]
[0.5003709934458558, 0.0, 0.03457235928099022]
[0.14692769259606056, 0.018456456993762978, 0.30572462235993725]

Analysis for pima (700)
Precision: -1.0
[182, 160, 358]
[0.7142857142857143, 0.0, 1.0]
[0.10777990579881186, 0.22132298526902297, 0.031247677626604266]
Recall: -1.0
[182, 160, 358]
[0.4444444444444444, 0.0, 0.9162011173184358]
[0.10777990579881186, 0.22132298526902297, 0.031247677626604266]
Accuracy: -1.0
[182, 160, 358]
[0.6373626373626373, 0.3625, 0.9162011173184358]
[0.10777990579881186, 0.22132298526902297, 0.031247677626604266]
FScore: -1.0
[182, 160, 358]
[0.5479452054794521, 0.0, 0.956268221574344]
[0.10777990579881186, 0.22132298526902297, 0.031247677626604266]
Matthews: -0.5
[182, 160, 358]
[0.29305798817590534, -0.1452482234435317, 0.0]
[0.10777990579881186, 0.22132298526902297, 0.031247677626604266]

Analysis for ring (7400)
Precision: 0.5
[940, 4554, 1906]
[0.8903061224489796, 0.8697829716193656, 0.9294907666480134]
[0.25507018985789914, 0.03410935962967755, 0.08299884556547622]
Recall: -1.0
[940, 4554, 1906]
[0.38994413407821227, 1.0, 0.9617834394904459]
[0.25507018985789914, 0.03410935962967755, 0.08299884556547622]
Accuracy: -1.0
[940, 4554, 1906]
[0.37340425531914895, 0.9657444005270093, 0.8992654774396642]
[0.25507018985789914, 0.03410935962967755, 0.08299884556547622]
FScore: -0.5
[940, 4554, 1906]
[0.5423465423465423, 0.9303571428571428, 0.9453614114968697]
[0.25507018985789914, 0.03410935962967755, 0.08299884556547622]
Matthews: -1.0
[940, 4554, 1906]
[-0.2449078086711979, 0.9116731678114387, 0.31091559441873756]
[0.25507018985789914, 0.03410935962967755, 0.08299884556547622]

Analysis for spambase (4550)
Precision: -1.0
[493, 896, 3161]
[0.19736842105263158, 0.7725631768953068, 0.9973764757324005]
[0.27356522340933964, 0.10741609229286316, 0.020608103603119297]
Recall: -1.0
[493, 896, 3161]
[0.3082191780821918, 0.7181208053691275, 0.9848877374784111]
[0.27356522340933964, 0.10741609229286316, 0.020608103603119297]
Accuracy: -1.0
[493, 896, 3161]
[0.4239350912778905, 0.8359375, 0.9870294210692818]
[0.27356522340933964, 0.10741609229286316, 0.020608103603119297]
FScore: -1.0
[493, 896, 3161]
[0.24064171122994657, 0.7443478260869565, 0.9910927655876604]
[0.27356522340933964, 0.10741609229286316, 0.020608103603119297]
Matthews: -1.0
[493, 896, 3161]
[-0.20068218182938802, 0.6246989142258236, 0.9675048638858075]
[0.27356522340933964, 0.10741609229286316, 0.020608103603119297]

Analysis for twonorm (7400)
Precision: -0.8660254037844386
[1976, 5009, 415]
[1.0, 1.0, 0.5879629629629629]
[0.04579899953335509, 0.008367604484870636, 0.17124975697437078]
Recall: -0.8660254037844386
[1976, 5009, 415]
[1.0, 1.0, 0.6381909547738693]
[0.04579899953335509, 0.008367604484870636, 0.17124975697437078]
Accuracy: -0.8660254037844386
[1976, 5009, 415]
[1.0, 1.0, 0.6120481927710844]
[0.04579899953335509, 0.008367604484870636, 0.17124975697437078]
FScore: -0.8660254037844386
[1976, 5009, 415]
[1.0, 1.0, 0.6120481927710842]
[0.04579899953335509, 0.008367604484870636, 0.17124975697437078]
Matthews: -0.8660254037844386
[1976, 5009, 415]
[1.0, 1.0, 0.2261539177368323]
[0.04579899953335509, 0.008367604484870636, 0.17124975697437078]

Analysis for wdbc (560)
Precision: 0.8660254037844386
[110, 96, 354]
[1.0, 1.0, 0.0]
[0.05325443339391447, 0.019914295695661405, 0.0020217338743862847]
Recall: 0.5
[110, 96, 354]
[0.8454545454545455, 0.9895833333333334, 0.0]
[0.05325443339391447, 0.019914295695661405, 0.0020217338743862847]
Accuracy: -0.5
[110, 96, 354]
[0.8454545454545455, 0.9895833333333334, 0.9519774011299436]
[0.05325443339391447, 0.019914295695661405, 0.0020217338743862847]
FScore: 0.5
[110, 96, 354]
[0.916256157635468, 0.9947643979057591, 0.0]
[0.05325443339391447, 0.019914295695661405, 0.0020217338743862847]
Matthews: NaN
[110, 96, 354]
[0.0, 0.0, 0.0]
[0.05325443339391447, 0.019914295695661405, 0.0020217338743862847]
