MultiResolutionExperiment(5, 10, MultiResolutionTransform(50, 0.15))

Analysis for appendicitis (100)
Precision: -0.33541019662496846
[1, 0, 77, 9, 13]
[0.0, 0.0, 1.0, 0.0, 0.5]
[0.36002777891019117, 0.0, 0.0032644192573348767, 0.1546599160731529, 0.07718022948211173]
Recall: -0.33541019662496846
[1, 0, 77, 9, 13]
[0.0, 0.0, 0.9868421052631579, 0.0, 0.25]
[0.36002777891019117, 0.0, 0.0032644192573348767, 0.1546599160731529, 0.07718022948211173]
Accuracy: -0.2051956704170307
[1, 0, 77, 9, 13]
[0.0, 0.0, 0.987012987012987, 0.1111111111111111, 0.6923076923076923]
[0.36002777891019117, 0.0, 0.0032644192573348767, 0.1546599160731529, 0.07718022948211173]
FScore: -0.33541019662496846
[1, 0, 77, 9, 13]
[0.0, 0.0, 0.9933774834437086, 0.0, 0.3333333333333333]
[0.36002777891019117, 0.0, 0.0032644192573348767, 0.1546599160731529, 0.07718022948211173]
Matthews: -0.33541019662496846
[1, 0, 77, 9, 13]
[0.0, 0.0, 0.7024393586862705, 0.0, 0.17766726362967536]
[0.36002777891019117, 0.0, 0.0032644192573348767, 0.1546599160731529, 0.07718022948211173]

Analysis for banana (5300)
Precision: -1.0
[1184, 758, 656, 2253, 449]
[0.9987819732034104, 0.9230769230769231, 0.8951612903225806, 1.0, 0.0033222591362126247]
[0.06388914965728708, 0.06782200798962515, 0.1800826235829634, 0.011765171366267415, 0.32772502455348657]
Recall: -0.8207826816681233
[1184, 758, 656, 2253, 449]
[0.9750297265160524, 1.0, 0.5692307692307692, 1.0, 0.0196078431372549]
[0.06388914965728708, 0.06782200798962515, 0.1800826235829634, 0.011765171366267415, 0.32772502455348657]
Accuracy: -0.9
[1184, 758, 656, 2253, 449]
[0.981418918918919, 0.9907651715039578, 0.7042682926829268, 1.0, 0.22048997772828507]
[0.06388914965728708, 0.06782200798962515, 0.1800826235829634, 0.011765171366267415, 0.32772502455348657]
FScore: -1.0
[1184, 758, 656, 2253, 449]
[0.98676293622142, 0.9600000000000001, 0.6959247648902821, 1.0, 0.005681818181818182]
[0.06388914965728708, 0.06782200798962515, 0.1800826235829634, 0.011765171366267415, 0.32772502455348657]
Matthews: -1.0
[1184, 758, 656, 2253, 449]
[0.9563954190072259, 0.9557667449540711, 0.47740435628091415, 1.0, -0.4955686553220742]
[0.06388914965728708, 0.06782200798962515, 0.1800826235829634, 0.011765171366267415, 0.32772502455348657]

Analysis for breast-cancer-original (650)
Precision: -0.3535533905932738
[416, 126, 28, 60, 20]
[1.0, 1.0, 1.0, 1.0, 0.0]
[8.676142920780814E-4, 0.013055007476229277, 0.132152969500106, 0.044202377147039625, 0.05364419484936804]
Recall: -0.8
[416, 126, 28, 60, 20]
[0.9927184466019418, 0.3333333333333333, 0.09090909090909091, 0.6666666666666666, 0.0]
[8.676142920780814E-4, 0.013055007476229277, 0.132152969500106, 0.044202377147039625, 0.05364419484936804]
Accuracy: -0.39999999999999997
[416, 126, 28, 60, 20]
[0.9927884615384616, 0.9841269841269841, 0.6428571428571429, 0.9833333333333333, 1.0]
[8.676142920780814E-4, 0.013055007476229277, 0.132152969500106, 0.044202377147039625, 0.05364419484936804]
FScore: -0.8
[416, 126, 28, 60, 20]
[0.9963459196102314, 0.5, 0.16666666666666669, 0.8, 0.0]
[8.676142920780814E-4, 0.013055007476229277, 0.132152969500106, 0.044202377147039625, 0.05364419484936804]
Matthews: -0.6
[416, 126, 28, 60, 20]
[0.7531717491864244, 0.5727128425310541, 0.23924685418842448, 0.8094272134003795, 0.0]
[8.676142920780814E-4, 0.013055007476229277, 0.132152969500106, 0.044202377147039625, 0.05364419484936804]

Analysis for mammographic-masses (960)
Precision: -0.9
[113, 58, 107, 168, 514]
[0.3870967741935484, 0.10344827586206896, 0.42857142857142855, 0.8450704225352113, 0.9968944099378882]
[0.17522286180018787, 0.3803919208948828, 0.20313771277117723, 0.0813122195703758, 0.032271041275204845]
Recall: -1.0
[113, 58, 107, 168, 514]
[0.7272727272727273, 0.09375, 0.46551724137931033, 0.8571428571428571, 0.9968944099378882]
[0.17522286180018787, 0.3803919208948828, 0.20313771277117723, 0.0813122195703758, 0.032271041275204845]
Accuracy: -1.0
[113, 58, 107, 168, 514]
[0.584070796460177, 0.05172413793103448, 0.37383177570093457, 0.875, 0.9961089494163424]
[0.17522286180018787, 0.3803919208948828, 0.20313771277117723, 0.0813122195703758, 0.032271041275204845]
FScore: -1.0
[113, 58, 107, 168, 514]
[0.505263157894737, 0.09836065573770493, 0.44628099173553715, 0.851063829787234, 0.9968944099378882]
[0.17522286180018787, 0.3803919208948828, 0.20313771277117723, 0.0813122195703758, 0.032271041275204845]
Matthews: -1.0
[113, 58, 107, 168, 514]
[0.23051082917455615, -0.9013878188659973, -0.2725541413782819, 0.7434363651809142, 0.9916860766045549]
[0.17522286180018787, 0.3803919208948828, 0.20313771277117723, 0.0813122195703758, 0.032271041275204845]

Analysis for phoneme (5400)
Precision: 0.9
[449, 680, 2888, 700, 683]
[0.23443223443223443, 0.5176470588235295, 0.0, 0.9898305084745763, 0.9974025974025974]
[0.14158385352606598, 0.07283699816963783, 0.008964367186200355, 0.15612362022847276, 0.2801375558513455]
Recall: 0.0
[449, 680, 2888, 700, 683]
[0.8533333333333334, 0.9565217391304348, 0.0, 0.8463768115942029, 0.5630498533724341]
[0.14158385352606598, 0.07283699816963783, 0.008964367186200355, 0.15612362022847276, 0.2801375558513455]
Accuracy: -0.5
[449, 680, 2888, 700, 683]
[0.5100222717149221, 0.8102941176470588, 0.9823407202216067, 0.84, 0.5622254758418741]
[0.14158385352606598, 0.07283699816963783, 0.008964367186200355, 0.15612362022847276, 0.2801375558513455]
FScore: 0.8
[449, 680, 2888, 700, 683]
[0.367816091954023, 0.6717557251908397, 0.0, 0.9125, 0.7197750702905343]
[0.14158385352606598, 0.07283699816963783, 0.008964367186200355, 0.15612362022847276, 0.2801375558513455]
Matthews: -0.39999999999999997
[449, 680, 2888, 700, 683]
[0.22502384018240051, 0.6061082732398396, 0.0, 0.08033448753602387, -0.033688802973478975]
[0.14158385352606598, 0.07283699816963783, 0.008964367186200355, 0.15612362022847276, 0.2801375558513455]

Analysis for pima (700)
Precision: -0.4743416490252569
[100, 110, 112, 296, 82]
[0.0, 0.9361702127659575, 0.0, 1.0, 1.0]
[0.09574477804089163, 0.047158693453551025, 0.1866628240070359, 0.016437855565158373, 0.09620108849865086]
Recall: -0.8207826816681233
[100, 110, 112, 296, 82]
[0.0, 0.6376811594202898, 0.0, 0.9425675675675675, 0.569620253164557]
[0.09574477804089163, 0.047158693453551025, 0.1866628240070359, 0.016437855565158373, 0.09620108849865086]
Accuracy: -0.9
[100, 110, 112, 296, 82]
[0.56, 0.7454545454545455, 0.33035714285714285, 0.9425675675675675, 0.5853658536585366]
[0.09574477804089163, 0.047158693453551025, 0.1866628240070359, 0.016437855565158373, 0.09620108849865086]
FScore: -0.8207826816681233
[100, 110, 112, 296, 82]
[0.0, 0.7586206896551724, 0.0, 0.9704347826086956, 0.7258064516129034]
[0.09574477804089163, 0.047158693453551025, 0.1866628240070359, 0.016437855565158373, 0.09620108849865086]
Matthews: -0.5
[100, 110, 112, 296, 82]
[-0.16666666666666666, 0.551784172237099, -0.18447935936747514, 0.0, 0.2149079475781698]
[0.09574477804089163, 0.047158693453551025, 0.1866628240070359, 0.016437855565158373, 0.09620108849865086]

Analysis for ring (7400)
Precision: -0.09999999999999983
[987, 324, 819, 1444, 3826]
[0.0743801652892562, 0.15418502202643172, 0.9690721649484536, 0.998533724340176, 0.992721979621543]
[0.05819932027624035, 0.12696075358530645, 0.20746462467839688, 0.0593650777667733, 0.014452015534249666]
Recall: -0.9
[987, 324, 819, 1444, 3826]
[1.0, 0.9210526315789473, 0.34814814814814815, 0.945176960444136, 0.9985358711566618]
[0.05819932027624035, 0.12696075358530645, 0.20746462467839688, 0.0593650777667733, 0.014452015534249666]
Accuracy: -0.9
[987, 324, 819, 1444, 3826]
[0.8865248226950354, 0.39814814814814814, 0.3443223443223443, 0.9439058171745153, 0.9968635650810246]
[0.05819932027624035, 0.12696075358530645, 0.20746462467839688, 0.0593650777667733, 0.014452015534249666]
FScore: -0.30000000000000004
[987, 324, 819, 1444, 3826]
[0.13846153846153847, 0.26415094339622636, 0.5122615803814713, 0.9711229946524064, 0.9956204379562044]
[0.05819932027624035, 0.12696075358530645, 0.20746462467839688, 0.0593650777667733, 0.014452015534249666]
Matthews: -0.9
[987, 324, 819, 1444, 3826]
[0.25663630169989643, 0.17544307584135974, -0.14198720559303618, 0.055434698587094516, 0.9931877469930205]
[0.05819932027624035, 0.12696075358530645, 0.20746462467839688, 0.0593650777667733, 0.014452015534249666]

Analysis for spambase (4550)
Precision: -1.0
[267, 347, 2814, 265, 857]
[0.11805555555555555, 0.5087719298245614, 0.9985590778097982, 0.5, 0.9347826086956522]
[0.2616446729222116, 0.11622668040173915, 0.010571210357202687, 0.14413610357812107, 0.04984816151339547]
Recall: -1.0
[267, 347, 2814, 265, 857]
[0.20481927710843373, 0.7341772151898734, 0.9909437559580553, 0.40384615384615385, 0.8686868686868687]
[0.2616446729222116, 0.11622668040173915, 0.010571210357202687, 0.14413610357812107, 0.04984816151339547]
Accuracy: -1.0
[267, 347, 2814, 265, 857]
[0.27715355805243447, 0.7780979827089337, 0.992181947405828, 0.6075471698113207, 0.911318553092182]
[0.2616446729222116, 0.11622668040173915, 0.010571210357202687, 0.14413610357812107, 0.04984816151339547]
FScore: -1.0
[267, 347, 2814, 265, 857]
[0.14977973568281935, 0.6010362694300517, 0.9947368421052631, 0.44680851063829785, 0.9005235602094241]
[0.2616446729222116, 0.11622668040173915, 0.010571210357202687, 0.14413610357812107, 0.04984816151339547]
Matthews: -1.0
[267, 347, 2814, 265, 857]
[-0.45072561570591135, 0.46891427973328886, 0.9796527517602803, 0.1500429547321363, 0.8225134142522947]
[0.2616446729222116, 0.11622668040173915, 0.010571210357202687, 0.14413610357812107, 0.04984816151339547]

Analysis for twonorm (7400)
Precision: -0.8944271909999159
[145, 2151, 392, 3713, 999]
[0.06578947368421052, 1.0, 0.9174311926605505, 1.0, 1.0]
[0.19264003894485415, 0.011904732029802629, 0.09175760612995437, 0.0022149167965015816, 0.03690750566640488]
Recall: -0.8944271909999159
[145, 2151, 392, 3713, 999]
[0.07575757575757576, 1.0, 0.9478672985781991, 1.0, 1.0]
[0.19264003894485415, 0.011904732029802629, 0.09175760612995437, 0.0022149167965015816, 0.03690750566640488]
Accuracy: -0.8944271909999159
[145, 2151, 392, 3713, 999]
[0.0896551724137931, 1.0, 0.9260204081632653, 1.0, 1.0]
[0.19264003894485415, 0.011904732029802629, 0.09175760612995437, 0.0022149167965015816, 0.03690750566640488]
FScore: -0.8944271909999159
[145, 2151, 392, 3713, 999]
[0.07042253521126761, 1.0, 0.9324009324009324, 1.0, 1.0]
[0.19264003894485415, 0.011904732029802629, 0.09175760612995437, 0.0022149167965015816, 0.03690750566640488]
Matthews: -0.8944271909999159
[145, 2151, 392, 3713, 999]
[-0.8206191729497334, 1.0, 0.8513113657734326, 1.0, 1.0]
[0.19264003894485415, 0.011904732029802629, 0.09175760612995437, 0.0022149167965015816, 0.03690750566640488]

Analysis for wdbc (560)
Precision: 0.4472135954999579
[54, 6, 84, 63, 353]
[1.0, 0.0, 1.0, 1.0, 0.2631578947368421]
[0.03746286922897628, 0.008950892368460516, 0.0169751360204632, 0.0062922692427537594, 7.991988241463939E-4]
Recall: -0.7000000000000001
[54, 6, 84, 63, 353]
[0.8148148148148148, 0.0, 0.9166666666666666, 0.9841269841269841, 1.0]
[0.03746286922897628, 0.008950892368460516, 0.0169751360204632, 0.0062922692427537594, 7.991988241463939E-4]
Accuracy: -0.6
[54, 6, 84, 63, 353]
[0.8148148148148148, 0.5, 0.9166666666666666, 0.9841269841269841, 0.9603399433427762]
[0.03746286922897628, 0.008950892368460516, 0.0169751360204632, 0.0062922692427537594, 7.991988241463939E-4]
FScore: 0.09999999999999983
[54, 6, 84, 63, 353]
[0.8979591836734693, 0.0, 0.9565217391304348, 0.9919999999999999, 0.4166666666666667]
[0.03746286922897628, 0.008950892368460516, 0.0169751360204632, 0.0062922692427537594, 7.991988241463939E-4]
Matthews: -0.7071067811865476
[54, 6, 84, 63, 353]
[0.0, 0.0, 0.0, 0.0, 0.5025645061876265]
[0.03746286922897628, 0.008950892368460516, 0.0169751360204632, 0.0062922692427537594, 7.991988241463939E-4]
