MultiResolutionExperiment(3, 10, MultiResolutionTransform(50, 0.20))

Analysis for appendicitis (100)
Precision: -0.8660254037844386
[5, 79, 16]
[0.0, 1.0, 0.0]
[0.24241355853281732, 0.006205198393583956, 0.10783566675177315]
Recall: -0.8660254037844386
[5, 79, 16]
[0.0, 0.9743589743589743, 0.0]
[0.24241355853281732, 0.006205198393583956, 0.10783566675177315]
Accuracy: -1.0
[5, 79, 16]
[0.0, 0.9746835443037974, 0.5625]
[0.24241355853281732, 0.006205198393583956, 0.10783566675177315]
FScore: -0.8660254037844386
[5, 79, 16]
[0.0, 0.9870129870129869, 0.0]
[0.24241355853281732, 0.006205198393583956, 0.10783566675177315]
Matthews: -0.5
[5, 79, 16]
[0.0, 0.5699002761767402, -0.2548235957188128]
[0.24241355853281732, 0.006205198393583956, 0.10783566675177315]

Analysis for banana (5300)
Precision: -1.0
[1810, 2845, 645]
[0.9831697054698457, 1.0, 0.05014749262536873]
[0.10661931287003414, 0.025207692790530953, 0.3015206842667152]
Recall: -1.0
[1810, 2845, 645]
[0.8569682151589242, 0.9969589457678661, 0.12781954887218044]
[0.10661931287003414, 0.025207692790530953, 0.3015206842667152]
Accuracy: -1.0
[1810, 2845, 645]
[0.9287292817679558, 0.9978910369068541, 0.3209302325581395]
[0.10661931287003414, 0.025207692790530953, 0.3015206842667152]
FScore: -1.0
[1810, 2845, 645]
[0.9157413455258001, 0.9984771573604061, 0.07203389830508475]
[0.10661931287003414, 0.025207692790530953, 0.3015206842667152]
Matthews: -1.0
[1810, 2845, 645]
[0.8605478802926296, 0.9950608094360881, -0.40598792355460456]
[0.10661931287003414, 0.025207692790530953, 0.3015206842667152]

Analysis for breast-cancer-original (650)
Precision: NaN
[420, 46, 184]
[1.0, 1.0, 1.0]
[0.001031585309997272, 0.11240895436981699, 0.024991447926231893]
Recall: -1.0
[420, 46, 184]
[0.9903381642512077, 0.09090909090909091, 0.5]
[0.001031585309997272, 0.11240895436981699, 0.024991447926231893]
Accuracy: -1.0
[420, 46, 184]
[0.9904761904761905, 0.782608695652174, 0.9891304347826086]
[0.001031585309997272, 0.11240895436981699, 0.024991447926231893]
FScore: -1.0
[420, 46, 184]
[0.9951456310679612, 0.16666666666666669, 0.6666666666666666]
[0.001031585309997272, 0.11240895436981699, 0.024991447926231893]
Matthews: -1.0
[420, 46, 184]
[0.7708455737375188, 0.2659080117391552, 0.7032108464077431]
[0.001031585309997272, 0.11240895436981699, 0.024991447926231893]

Analysis for mammographic-masses (960)
Precision: -1.0
[137, 525, 298]
[0.23076923076923078, 0.996969696969697, 0.6330935251798561]
[0.29796045032544, 0.03454188194032907, 0.12954280788337721]
Recall: -1.0
[137, 525, 298]
[0.25, 0.9909638554216867, 0.7927927927927928]
[0.29796045032544, 0.03454188194032907, 0.12954280788337721]
Accuracy: -1.0
[137, 525, 298]
[0.1678832116788321, 0.9923809523809524, 0.7516778523489933]
[0.29796045032544, 0.03454188194032907, 0.12954280788337721]
FScore: -1.0
[137, 525, 298]
[0.24000000000000002, 0.9939577039274925, 0.704]
[0.29796045032544, 0.03454188194032907, 0.12954280788337721]
Matthews: -1.0
[137, 525, 298]
[-0.6787569978129375, 0.9836815560976813, 0.5040044740786385]
[0.29796045032544, 0.03454188194032907, 0.12954280788337721]

Analysis for phoneme (5400)
Precision: 1.0
[1152, 3150, 1098]
[0.6093959731543624, 0.0, 0.9971910112359551]
[0.11959435185403744, 0.014584275015545716, 0.2550518841433005]
Recall: 0.5
[1152, 3150, 1098]
[0.924643584521385, 0.0, 0.6489945155393053]
[0.11959435185403744, 0.014584275015545716, 0.2550518841433005]
Accuracy: -1.0
[1152, 3150, 1098]
[0.7152777777777778, 0.9692063492063492, 0.6484517304189436]
[0.11959435185403744, 0.014584275015545716, 0.2550518841433005]
FScore: 1.0
[1152, 3150, 1098]
[0.7346278317152104, 0.0, 0.7862679955703212]
[0.11959435185403744, 0.014584275015545716, 0.2550518841433005]
Matthews: 0.5
[1152, 3150, 1098]
[0.50115450462512, 0.0, 0.018800754996530895]
[0.11959435185403744, 0.014584275015545716, 0.2550518841433005]

Analysis for pima (700)
Precision: -1.0
[187, 156, 357]
[0.7166666666666667, 0.0, 1.0]
[0.084068701851695, 0.18035282107534692, 0.024519438308716036]
Recall: -1.0
[187, 156, 357]
[0.46236559139784944, 0.0, 0.9154929577464789]
[0.084068701851695, 0.18035282107534692, 0.024519438308716036]
Accuracy: -1.0
[187, 156, 357]
[0.6417112299465241, 0.3525641025641026, 0.9159663865546218]
[0.084068701851695, 0.18035282107534692, 0.024519438308716036]
FScore: -1.0
[187, 156, 357]
[0.5620915032679739, 0.0, 0.9558823529411764]
[0.084068701851695, 0.18035282107534692, 0.024519438308716036]
Matthews: -0.5
[187, 156, 357]
[0.30152874974356286, -0.15018785229652767, 0.23920349048279985]
[0.084068701851695, 0.18035282107534692, 0.024519438308716036]

Analysis for ring (7400)
Precision: -1.0
[871, 4783, 1746]
[0.8902077151335311, 0.9054242002781642, 0.9051186017478152]
[0.21567620875732274, 0.026259493868293557, 0.07262639374242283]
Recall: -1.0
[871, 4783, 1746]
[0.36014405762304924, 0.9992325402916347, 0.9489528795811518]
[0.21567620875732274, 0.026259493868293557, 0.07262639374242283]
Accuracy: -1.0
[871, 4783, 1746]
[0.3455797933409874, 0.9713568889818106, 0.868270332187858]
[0.21567620875732274, 0.026259493868293557, 0.07262639374242283]
FScore: -1.0
[871, 4783, 1746]
[0.5128205128205129, 0.9500182415176942, 0.926517571884984]
[0.21567620875732274, 0.026259493868293557, 0.07262639374242283]
Matthews: -1.0
[871, 4783, 1746]
[-0.2573189142822097, 0.9322327438311147, 0.30246112519565654]
[0.21567620875732274, 0.026259493868293557, 0.07262639374242283]

Analysis for spambase (4550)
Precision: -1.0
[499, 888, 3163]
[0.1965065502183406, 0.7852112676056338, 0.9969284774023695]
[0.22650778069356792, 0.08599922492427857, 0.01591062721393184]
Recall: -1.0
[499, 888, 3163]
[0.30405405405405406, 0.7287581699346405, 0.9852558542931483]
[0.22650778069356792, 0.08599922492427857, 0.01591062721393184]
Accuracy: -1.0
[499, 888, 3163]
[0.4248496993987976, 0.8378378378378378, 0.987037622510275]
[0.22650778069356792, 0.08599922492427857, 0.01591062721393184]
FScore: -1.0
[499, 888, 3163]
[0.23872679045092837, 0.7559322033898306, 0.9910577971646674]
[0.22650778069356792, 0.08599922492427857, 0.01591062721393184]
Matthews: -1.0
[499, 888, 3163]
[-0.2018032154972418, 0.6357588110590363, 0.9677325962987248]
[0.22650778069356792, 0.08599922492427857, 0.01591062721393184]

Analysis for twonorm (7400)
Precision: -0.8660254037844386
[1735, 5315, 350]
[1.0, 1.0, 0.5055555555555555]
[0.039456844531153674, 0.006030802372489713, 0.15000198603030546]
Recall: -0.8660254037844386
[1735, 5315, 350]
[1.0, 1.0, 0.558282208588957]
[0.039456844531153674, 0.006030802372489713, 0.15000198603030546]
Accuracy: -0.8660254037844386
[1735, 5315, 350]
[1.0, 1.0, 0.54]
[0.039456844531153674, 0.006030802372489713, 0.15000198603030546]
FScore: -0.8660254037844386
[1735, 5315, 350]
[1.0, 1.0, 0.5306122448979592]
[0.039456844531153674, 0.006030802372489713, 0.15000198603030546]
Matthews: -0.8660254037844386
[1735, 5315, 350]
[1.0, 1.0, 0.08218610577773142]
[0.039456844531153674, 0.006030802372489713, 0.15000198603030546]

Analysis for wdbc (560)
Precision: 0.8660254037844386
[91, 110, 359]
[1.0, 1.0, 0.22727272727272727]
[0.03571343203839505, 0.011531193446432964, 0.0011477974875710483]
Recall: -1.0
[91, 110, 359]
[0.8351648351648352, 0.9727272727272728, 1.0]
[0.03571343203839505, 0.011531193446432964, 0.0011477974875710483]
Accuracy: -0.5
[91, 110, 359]
[0.8351648351648352, 0.9727272727272728, 0.9526462395543176]
[0.03571343203839505, 0.011531193446432964, 0.0011477974875710483]
FScore: 0.5
[91, 110, 359]
[0.9101796407185628, 0.9861751152073733, 0.37037037037037035]
[0.03571343203839505, 0.011531193446432964, 0.0011477974875710483]
Matthews: -0.8660254037844386
[91, 110, 359]
[0.0, 0.0, 0.4651435265128446]
[0.03571343203839505, 0.011531193446432964, 0.0011477974875710483]
