MultiResolutionExperiment(4, 10, MultiResolutionTransform(50, 0.25)

Analysis for appendicitis (100)
Precision: -0.4472135954999579
[1, 15, 7, 77]
[1.0, 0.0, 0.0, 1.0]
[0.12664929673358594, 0.07193006968216262, 0.26209792653841063, 0.005023435900371827]
Recall: -0.210818510677892
[1, 15, 7, 77]
[1.0, 0.0, 0.0, 0.9868421052631579]
[0.12664929673358594, 0.07193006968216262, 0.26209792653841063, 0.005023435900371827]
Accuracy: -0.39999999999999997
[1, 15, 7, 77]
[1.0, 0.5333333333333333, 0.14285714285714285, 0.987012987012987]
[0.12664929673358594, 0.07193006968216262, 0.26209792653841063, 0.005023435900371827]
FScore: -0.210818510677892
[1, 15, 7, 77]
[1.0, 0.0, 0.0, 0.9933774834437086]
[0.12664929673358594, 0.07193006968216262, 0.26209792653841063, 0.005023435900371827]
Matthews: -0.31622776601683794
[1, 15, 7, 77]
[0.0, -0.30151134457776363, 0.0, 0.7024393586862705]
[0.12664929673358594, 0.07193006968216262, 0.26209792653841063, 0.005023435900371827]

Analysis for banana (5300)
Precision: -1.0
[2439, 812, 476, 1573]
[0.9975845410628019, 0.9427480916030534, 0.003205128205128205, 0.9949302915082383]
[0.026922841915129204, 0.17838085289364397, 0.32831697787279424, 0.08266432262495936]
Recall: -1.0
[2439, 812, 476, 1573]
[0.9969824984912492, 0.5995145631067961, 0.018518518518518517, 0.9800249687890137]
[0.026922841915129204, 0.17838085289364397, 0.32831697787279424, 0.08266432262495936]
Accuracy: -1.0
[2439, 812, 476, 1573]
[0.996309963099631, 0.7783251231527094, 0.23529411764705882, 0.9872854418308964]
[0.026922841915129204, 0.17838085289364397, 0.32831697787279424, 0.08266432262495936]
FScore: -1.0
[2439, 812, 476, 1573]
[0.99728342891639, 0.7329376854599406, 0.00546448087431694, 0.9874213836477987]
[0.026922841915129204, 0.17838085289364397, 0.32831697787279424, 0.08266432262495936]
Matthews: -1.0
[2439, 812, 476, 1573]
[0.9915330706502337, 0.6010272771597118, -0.47945671948022683, 0.9746828616855058]
[0.026922841915129204, 0.17838085289364397, 0.32831697787279424, 0.08266432262495936]

Analysis for breast-cancer-original (650)
Precision: -0.8944271909999159
[566, 39, 17, 28]
[1.0, 1.0, 0.0, 0.0]
[9.842276782923184E-4, 0.019210416227398077, 0.1500014496069842, 0.06150186787867455]
Recall: -0.9486832980505139
[566, 39, 17, 28]
[0.9903614457831326, 0.4, 0.0, 0.0]
[9.842276782923184E-4, 0.019210416227398077, 0.1500014496069842, 0.06150186787867455]
Accuracy: -1.0
[566, 39, 17, 28]
[0.9929328621908127, 0.9230769230769231, 0.6470588235294118, 0.8928571428571429]
[9.842276782923184E-4, 0.019210416227398077, 0.1500014496069842, 0.06150186787867455]
FScore: -0.9486832980505139
[566, 39, 17, 28]
[0.9951573849878934, 0.5714285714285715, 0.0, 0.0]
[9.842276782923184E-4, 0.019210416227398077, 0.1500014496069842, 0.06150186787867455]
Matthews: -0.9486832980505139
[566, 39, 17, 28]
[0.982244231875782, 0.6062735088782681, 0.0, 0.0]
[9.842276782923184E-4, 0.019210416227398077, 0.1500014496069842, 0.06150186787867455]

Analysis for mammographic-masses (960)
Precision: -1.0
[133, 127, 527, 173]
[0.7428571428571429, 0.2876712328767123, 0.9881656804733728, 0.42424242424242425]
[0.11213125882239398, 0.3173124659317198, 0.03742412182348259, 0.1458467478436722]
Recall: -0.8000000000000002
[133, 127, 527, 173]
[0.7536231884057971, 0.28378378378378377, 0.9852507374631269, 0.8484848484848485]
[0.11213125882239398, 0.3173124659317198, 0.03742412182348259, 0.1458467478436722]
Accuracy: -0.8000000000000002
[133, 127, 527, 173]
[0.7368421052631579, 0.1732283464566929, 0.9829222011385199, 0.7514450867052023]
[0.11213125882239398, 0.3173124659317198, 0.03742412182348259, 0.1458467478436722]
FScore: -1.0
[133, 127, 527, 173]
[0.748201438848921, 0.28571428571428564, 0.9867060561299853, 0.5656565656565657]
[0.11213125882239398, 0.3173124659317198, 0.03742412182348259, 0.1458467478436722]
Matthews: -1.0
[133, 127, 527, 173]
[0.47269442148502194, -0.6955770206239587, 0.9628417327312007, 0.46674029964344]
[0.11213125882239398, 0.3173124659317198, 0.03742412182348259, 0.1458467478436722]

Analysis for phoneme (5400)
Precision: 1.0
[691, 993, 2969, 747]
[0.9740034662045061, 0.3382352941176471, 0.03225806451612903, 1.0]
[0.17432164584845034, 0.10090324304921867, 0.01265650408811951, 0.2943013766288983]
Recall: -1.0
[691, 993, 2969, 747]
[0.8438438438438438, 0.9470588235294117, 1.0, 0.5876840696117804]
[0.17432164584845034, 0.10090324304921867, 0.01265650408811951, 0.2943013766288983]
Accuracy: -0.8
[691, 993, 2969, 747]
[0.8277858176555717, 0.6737160120845922, 0.9797911754799595, 0.5876840696117804]
[0.17432164584845034, 0.10090324304921867, 0.01265650408811951, 0.2943013766288983]
FScore: 0.8
[691, 993, 2969, 747]
[0.9042638777152051, 0.49845201238390097, 0.0625, 0.7403035413153457]
[0.17432164584845034, 0.10090324304921867, 0.01265650408811951, 0.2943013766288983]
Matthews: -0.8
[691, 993, 2969, 747]
[0.12268136018232535, 0.4254960281591508, 0.17777999752175785, 0.0]
[0.17432164584845034, 0.10090324304921867, 0.01265650408811951, 0.2943013766288983]

Analysis for pima (700)
Precision: -0.39999999999999997
[117, 133, 97, 353]
[1.0, 0.0, 0.041666666666666664, 0.9835526315789473]
[0.08627985676266277, 0.21322422616743752, 0.07633746433851601, 0.022848919620288864]
Recall: -0.8
[117, 133, 97, 353]
[0.5964912280701754, 0.0, 0.07692307692307693, 0.9285714285714286]
[0.08627985676266277, 0.21322422616743752, 0.07633746433851601, 0.022848919620288864]
Accuracy: -1.0
[117, 133, 97, 353]
[0.6068376068376068, 0.3308270676691729, 0.6391752577319587, 0.9206798866855525]
[0.08627985676266277, 0.21322422616743752, 0.07633746433851601, 0.022848919620288864]
FScore: -0.8
[117, 133, 97, 353]
[0.7472527472527472, 0.0, 0.05405405405405406, 0.9552715654952076]
[0.08627985676266277, 0.21322422616743752, 0.07633746433851601, 0.022848919620288864]
Matthews: -0.39999999999999997
[117, 133, 97, 353]
[0.19110172973141104, -0.12171612389003693, -0.15543903443148396, 0.6280995104956024]
[0.08627985676266277, 0.21322422616743752, 0.07633746433851601, 0.022848919620288864]

Analysis for ring (7400)
Precision: -0.6000000000000001
[1023, 721, 861, 4795]
[0.9869423286180631, 0.915929203539823, 0.07586206896551724, 0.9866117404737385]
[0.09055236789180951, 0.25901826571785097, 0.09204375105709803, 0.021673775372914574]
Recall: -0.39999999999999997
[1023, 721, 861, 4795]
[0.897131552917903, 0.29529243937232524, 1.0, 0.9927461139896373]
[0.09055236789180951, 0.25901826571785097, 0.09204375105709803, 0.021673775372914574]
Accuracy: -1.0
[1023, 721, 861, 4795]
[0.8866080156402737, 0.2884882108183079, 0.6887340301974448, 0.9916579770594369]
[0.09055236789180951, 0.25901826571785097, 0.09204375105709803, 0.021673775372914574]
FScore: -0.8
[1023, 721, 861, 4795]
[0.9398963730569948, 0.4466019417475728, 0.14102564102564102, 0.9896694214876033]
[0.09055236789180951, 0.25901826571785097, 0.09204375105709803, 0.021673775372914574]
Matthews: -0.8
[1023, 721, 861, 4795]
[-0.03664999832971601, -0.23177390822490496, 0.2272214961631181, 0.9826873558791278]
[0.09055236789180951, 0.25901826571785097, 0.09204375105709803, 0.021673775372914574]

Analysis for spambase (4550)
Precision: -1.0
[435, 1573, 653, 1889]
[0.0979381443298969, 0.9814977973568282, 0.5752212389380531, 0.9940740740740741]
[0.2880899067719334, 0.05767675933730031, 0.1444410873154023, 0.00849174243147943]
Recall: -1.0
[435, 1573, 653, 1889]
[0.2261904761904762, 0.9322175732217574, 0.5118110236220472, 0.9911373707533235]
[0.2880899067719334, 0.05767675933730031, 0.1444410873154023, 0.00849174243147943]
Accuracy: -1.0
[435, 1573, 653, 1889]
[0.4482758620689655, 0.9351557533375715, 0.8315467075038285, 0.9894123875066173]
[0.2880899067719334, 0.05767675933730031, 0.1444410873154023, 0.00849174243147943]
FScore: -1.0
[435, 1573, 653, 1889]
[0.1366906474820144, 0.9562231759656653, 0.5416666666666666, 0.992603550295858]
[0.2880899067719334, 0.05767675933730031, 0.1444410873154023, 0.00849174243147943]
Matthews: -1.0
[435, 1573, 653, 1889]
[-0.21630523901816134, 0.8356550792289833, 0.4400304634544918, 0.9739949067373106]
[0.2880899067719334, 0.05767675933730031, 0.1444410873154023, 0.00849174243147943]

Analysis for twonorm (7400)
Precision: -0.9486832980505139
[283, 3685, 2463, 969]
[0.40559440559440557, 1.0, 1.0, 0.9923664122137404]
[0.1745449663739519, 0.0044284332775097, 0.020631892390154213, 0.06412393472052699]
Recall: -0.9486832980505139
[283, 3685, 2463, 969]
[0.4566929133858268, 1.0, 1.0, 0.994263862332696]
[0.1745449663739519, 0.0044284332775097, 0.020631892390154213, 0.06412393472052699]
Accuracy: -0.9486832980505139
[283, 3685, 2463, 969]
[0.4558303886925795, 1.0, 1.0, 0.9927760577915377]
[0.1745449663739519, 0.0044284332775097, 0.020631892390154213, 0.06412393472052699]
FScore: -0.9486832980505139
[283, 3685, 2463, 969]
[0.42962962962962964, 1.0, 1.0, 0.9933142311365807]
[0.1745449663739519, 0.0044284332775097, 0.020631892390154213, 0.06412393472052699]
Matthews: -0.9486832980505139
[283, 3685, 2463, 969]
[-0.08771961335546391, 1.0, 1.0, 0.9854600320448609]
[0.1745449663739519, 0.0044284332775097, 0.020631892390154213, 0.06412393472052699]

Analysis for wdbc (560)
Precision: 0.9486832980505138
[60, 0, 435, 65]
[1.0, 0.0, 0.8229166666666666, 1.0]
[0.07422394106789068, 0.0, 0.0028386272526405277, 0.019560141098379603]
Recall: 0.2000000000000001
[60, 0, 435, 65]
[0.8166666666666667, 0.0, 0.9753086419753086, 0.9230769230769231]
[0.07422394106789068, 0.0, 0.0028386272526405277, 0.019560141098379603]
Accuracy: 0.2000000000000001
[60, 0, 435, 65]
[0.8166666666666667, 0.0, 0.9563218390804598, 0.9230769230769231]
[0.07422394106789068, 0.0, 0.0028386272526405277, 0.019560141098379603]
FScore: 0.8
[60, 0, 435, 65]
[0.8990825688073394, 0.0, 0.8926553672316384, 0.9600000000000001]
[0.07422394106789068, 0.0, 0.0028386272526405277, 0.019560141098379603]
Matthews: -0.25819888974716104
[60, 0, 435, 65]
[0.0, 0.0, 0.8704070458814553, 0.0]
[0.07422394106789068, 0.0, 0.0028386272526405277, 0.019560141098379603]
