MultiResolutionExperiment(4, 10, MultiResolutionTransform(50, 0.20))

Analysis for appendicitis (100)
Precision: -0.447213595499958
[9, 76, 11, 4]
[0.0, 1.0, 0.0, 1.0]
[0.07734298197134469, 0.0037879861188540812, 0.18750206607513983, 0.09528815604600979]
Recall: -0.632455532033676
[9, 76, 11, 4]
[0.0, 0.9868421052631579, 0.0, 0.25]
[0.07734298197134469, 0.0037879861188540812, 0.18750206607513983, 0.09528815604600979]
Accuracy: -0.8
[9, 76, 11, 4]
[1.0, 0.9868421052631579, 0.09090909090909091, 0.25]
[0.07734298197134469, 0.0037879861188540812, 0.18750206607513983, 0.09528815604600979]
FScore: -0.632455532033676
[9, 76, 11, 4]
[0.0, 0.9933774834437086, 0.0, 0.4]
[0.07734298197134469, 0.0037879861188540812, 0.18750206607513983, 0.09528815604600979]
Matthews: NaN
[9, 76, 11, 4]
[0.0, 0.0, 0.0, 0.0]
[0.07734298197134469, 0.0037879861188540812, 0.18750206607513983, 0.09528815604600979]

Analysis for banana (5300)
Precision: -0.8
[2859, 521, 848, 1072]
[1.0, 0.012578616352201259, 0.9731404958677686, 0.9663461538461539]
[0.025958049673169885, 0.31970811419681483, 0.15778958651451594, 0.07890869660392824]
Recall: -1.0
[2859, 521, 848, 1072]
[0.9985089463220675, 0.06060606060606061, 0.7313664596273292, 0.995049504950495]
[0.025958049673169885, 0.31970811419681483, 0.15778958651451594, 0.07890869660392824]
Accuracy: -1.0
[2859, 521, 848, 1072]
[0.9989506820566632, 0.2783109404990403, 0.7806603773584906, 0.9925373134328358]
[0.025958049673169885, 0.31970811419681483, 0.15778958651451594, 0.07890869660392824]
FScore: -1.0
[2859, 521, 848, 1072]
[0.9992539169360856, 0.020833333333333336, 0.8351063829787234, 0.9804878048780488]
[0.025958049673169885, 0.31970811419681483, 0.15778958651451594, 0.07890869660392824]
Matthews: -1.0
[2859, 521, 848, 1072]
[0.997489246608581, -0.429352962237862, 0.5765375839660205, 0.9760351929423777]
[0.025958049673169885, 0.31970811419681483, 0.15778958651451594, 0.07890869660392824]

Analysis for breast-cancer-original (650)
Precision: -0.7745966692414834
[415, 12, 63, 160]
[1.0, 0.0, 1.0, 1.0]
[9.774972509036975E-4, 0.17498897314258985, 0.0707390984686132, 0.020252574432989764]
Recall: -0.8
[415, 12, 63, 160]
[0.9903381642512077, 0.0, 0.4, 0.3333333333333333]
[9.774972509036975E-4, 0.17498897314258985, 0.0707390984686132, 0.020252574432989764]
Accuracy: -1.0
[415, 12, 63, 160]
[0.9903614457831326, 0.4166666666666667, 0.9523809523809523, 0.9875]
[9.774972509036975E-4, 0.17498897314258985, 0.0707390984686132, 0.020252574432989764]
FScore: -0.8
[415, 12, 63, 160]
[0.9951456310679612, 0.0, 0.5714285714285715, 0.5]
[9.774972509036975E-4, 0.17498897314258985, 0.0707390984686132, 0.020252574432989764]
Matthews: -0.2000000000000001
[415, 12, 63, 160]
[0.44504789950098805, 0.0, 0.616707279714176, 0.5737076443764132]
[9.774972509036975E-4, 0.17498897314258985, 0.0707390984686132, 0.020252574432989764]

Analysis for mammographic-masses (960)
Precision: -1.0
[140, 59, 266, 495]
[0.35294117647058826, 0.10344827586206896, 0.7297297297297297, 0.9968944099378882]
[0.21595167258893477, 0.38196501493962054, 0.10699480633051632, 0.0329879554236337]
Recall: -1.0
[140, 59, 266, 495]
[0.46875, 0.09090909090909091, 0.8526315789473684, 0.9938080495356038]
[0.21595167258893477, 0.38196501493962054, 0.10699480633051632, 0.0329879554236337]
Accuracy: -1.0
[140, 59, 266, 495]
[0.36428571428571427, 0.05084745762711865, 0.8345864661654135, 0.9939393939393939]
[0.21595167258893477, 0.38196501493962054, 0.10699480633051632, 0.0329879554236337]
FScore: -1.0
[140, 59, 266, 495]
[0.4026845637583893, 0.0967741935483871, 0.7864077669902912, 0.9953488372093025]
[0.21595167258893477, 0.38196501493962054, 0.10699480633051632, 0.0329879554236337]
Matthews: -1.0
[140, 59, 266, 495]
[-0.2600363697526671, -0.9027995469336333, 0.6580289008032678, 0.9866630095108423]
[0.21595167258893477, 0.38196501493962054, 0.10699480633051632, 0.0329879554236337]

Analysis for phoneme (5400)
Precision: 1.0
[843, 780, 2951, 826]
[0.018461538461538463, 0.9795620437956204, 0.0, 0.9979508196721312]
[0.10820048984243733, 0.1437611175336328, 0.010636761356232685, 0.2772692022379094]
Recall: 0.2000000000000001
[843, 780, 2951, 826]
[1.0, 0.8875661375661376, 0.0, 0.5917375455650061]
[0.10820048984243733, 0.1437611175336328, 0.010636761356232685, 0.2772692022379094]
Accuracy: -0.8
[843, 780, 2951, 826]
[0.6215895610913404, 0.8730769230769231, 0.9810233819044392, 0.5920096852300242]
[0.10820048984243733, 0.1437611175336328, 0.010636761356232685, 0.2772692022379094]
FScore: 0.8
[843, 780, 2951, 826]
[0.03625377643504532, 0.9312977099236641, 0.0, 0.7429443173150267]
[0.10820048984243733, 0.1437611175336328, 0.010636761356232685, 0.2772692022379094]
Matthews: 0.39999999999999997
[843, 780, 2951, 826]
[0.10688975843212727, 0.16064435558048906, 0.0, 0.03161490437980815]
[0.10820048984243733, 0.1437611175336328, 0.010636761356232685, 0.2772692022379094]

Analysis for pima (700)
Precision: -0.9486832980505138
[137, 144, 110, 309]
[1.0, 0.010638297872340425, 0.041666666666666664, 1.0]
[0.0800143699458942, 0.18631650064394245, 0.08117270189485754, 0.019057556072761033]
Recall: -0.8
[137, 144, 110, 309]
[0.5833333333333334, 0.3333333333333333, 0.125, 0.9413680781758957]
[0.0800143699458942, 0.18631650064394245, 0.08117270189485754, 0.019057556072761033]
Accuracy: -0.8
[137, 144, 110, 309]
[0.5985401459854015, 0.3402777777777778, 0.7272727272727273, 0.941747572815534]
[0.0800143699458942, 0.18631650064394245, 0.08117270189485754, 0.019057556072761033]
FScore: -1.0
[137, 144, 110, 309]
[0.7368421052631579, 0.020618556701030927, 0.0625, 0.9697986577181208]
[0.0800143699458942, 0.18631650064394245, 0.08117270189485754, 0.019057556072761033]
Matthews: -1.0
[137, 144, 110, 309]
[0.22047927592204922, -0.09787234042553192, -0.06318499079097432, 0.30681722216588425]
[0.0800143699458942, 0.18631650064394245, 0.08117270189485754, 0.019057556072761033]

Analysis for ring (7400)
Precision: -0.6000000000000001
[695, 884, 4248, 1573]
[0.0, 0.9364161849710982, 0.9661949685534591, 1.0]
[0.09583772432292395, 0.21368378366875826, 0.020337443922063516, 0.06253126225391364]
Recall: -0.8
[695, 884, 4248, 1573]
[0.0, 0.37630662020905925, 0.9991869918699187, 0.9529561347743166]
[0.09583772432292395, 0.21368378366875826, 0.020337443922063516, 0.06253126225391364]
Accuracy: -1.0
[695, 884, 4248, 1573]
[0.6258992805755396, 0.36764705882352944, 0.9896421845574388, 0.9529561347743166]
[0.09583772432292395, 0.21368378366875826, 0.020337443922063516, 0.06253126225391364]
FScore: -0.8
[695, 884, 4248, 1573]
[0.0, 0.5368682684341342, 0.982414068745004, 0.9759114583333334]
[0.09583772432292395, 0.21368378366875826, 0.020337443922063516, 0.06253126225391364]
Matthews: -0.9486832980505139
[695, 884, 4248, 1573]
[0.0, -0.18924540690509398, 0.9753523907231132, 0.0]
[0.09583772432292395, 0.21368378366875826, 0.020337443922063516, 0.06253126225391364]

Analysis for spambase (4550)
Precision: -1.0
[316, 893, 537, 2804]
[0.11242603550295859, 0.9217877094972067, 0.558282208588957, 0.9990485252140818]
[0.26128598338759346, 0.057493742555892666, 0.13235158671405486, 0.012389059649849168]
Recall: -1.0
[316, 893, 537, 2804]
[0.2, 0.8483290488431876, 0.5870967741935483, 0.9900990099009901]
[0.26128598338759346, 0.057493742555892666, 0.13235158671405486, 0.012389059649849168]
Accuracy: -1.0
[316, 893, 537, 2804]
[0.2848101265822785, 0.9025755879059351, 0.7467411545623837, 0.9917974322396577]
[0.26128598338759346, 0.057493742555892666, 0.13235158671405486, 0.012389059649849168]
FScore: -1.0
[316, 893, 537, 2804]
[0.14393939393939395, 0.8835341365461847, 0.5723270440251572, 0.994553634856737]
[0.26128598338759346, 0.057493742555892666, 0.13235158671405486, 0.012389059649849168]
Matthews: -1.0
[316, 893, 537, 2804]
[-0.4400979177949066, 0.8020857219300332, 0.39284540001760043, 0.9781107990081296]
[0.26128598338759346, 0.057493742555892666, 0.13235158671405486, 0.012389059649849168]

Analysis for twonorm (7400)
Precision: -0.9486832980505138
[223, 4119, 757, 2301]
[0.2631578947368421, 1.0, 0.9877149877149877, 1.0]
[0.17495086086696202, 0.0038455939656268827, 0.068180665041099, 0.020228260768396223]
Recall: -0.9486832980505138
[223, 4119, 757, 2301]
[0.30612244897959184, 1.0, 0.9901477832512315, 1.0]
[0.17495086086696202, 0.0038455939656268827, 0.068180665041099, 0.020228260768396223]
Accuracy: -0.9486832980505138
[223, 4119, 757, 2301]
[0.3183856502242152, 1.0, 0.988110964332893, 1.0]
[0.17495086086696202, 0.0038455939656268827, 0.068180665041099, 0.020228260768396223]
FScore: -0.9486832980505138
[223, 4119, 757, 2301]
[0.28301886792452824, 1.0, 0.9889298892988929, 1.0]
[0.17495086086696202, 0.0038455939656268827, 0.068180665041099, 0.020228260768396223]
Matthews: -0.9486832980505138
[223, 4119, 757, 2301]
[-0.3632771930389416, 1.0, 0.9760945737975752, 1.0]
[0.17495086086696202, 0.0038455939656268827, 0.068180665041099, 0.020228260768396223]

Analysis for wdbc (560)
Precision: 0.7745966692414834
[64, 83, 57, 356]
[1.0, 1.0, 1.0, 0.10526315789473684]
[0.04063861499775516, 0.018478972693370406, 0.006821833014974974, 0.001143096397134645]
Recall: -1.0
[64, 83, 57, 356]
[0.828125, 0.927710843373494, 0.9824561403508771, 1.0]
[0.04063861499775516, 0.018478972693370406, 0.006821833014974974, 0.001143096397134645]
Accuracy: -0.8
[64, 83, 57, 356]
[0.828125, 0.927710843373494, 0.9824561403508771, 0.952247191011236]
[0.04063861499775516, 0.018478972693370406, 0.006821833014974974, 0.001143096397134645]
FScore: 0.2000000000000001
[64, 83, 57, 356]
[0.905982905982906, 0.9625, 0.9911504424778761, 0.1904761904761905]
[0.04063861499775516, 0.018478972693370406, 0.006821833014974974, 0.001143096397134645]
Matthews: -0.7745966692414834
[64, 83, 57, 356]
[0.0, 0.0, 0.0, 0.31655670501090716]
[0.04063861499775516, 0.018478972693370406, 0.006821833014974974, 0.001143096397134645]
