MultiResolutionExperiment(5, 10, MultiResolutionTransform(40, 0.10)

Analysis for appendicitis (100)
Precision: -0.7905694150420949
[3, 11, 7, 8, 71]
[0.0, 0.0, 1.0, 0.16666666666666666, 1.0]
[0.30466842790216925, 0.020052749049508833, 0.016958807500351118, 0.09561612418836314, 0.001977866375708554]
Recall: -0.31622776601683794
[3, 11, 7, 8, 71]
[0.0, 0.0, 1.0, 1.0, 0.9714285714285714]
[0.30466842790216925, 0.020052749049508833, 0.016958807500351118, 0.09561612418836314, 0.001977866375708554]
Accuracy: -0.9
[3, 11, 7, 8, 71]
[0.0, 0.6363636363636364, 1.0, 0.375, 0.971830985915493]
[0.30466842790216925, 0.020052749049508833, 0.016958807500351118, 0.09561612418836314, 0.001977866375708554]
FScore: -0.7181848464596079
[3, 11, 7, 8, 71]
[0.0, 0.0, 1.0, 0.2857142857142857, 0.9855072463768115]
[0.30466842790216925, 0.020052749049508833, 0.016958807500351118, 0.09561612418836314, 0.001977866375708554]
Matthews: -0.35909242322980384
[3, 11, 7, 8, 71]
[0.0, -0.2222222222222222, 0.0, 0.2182178902359924, 0.5690426379538917]
[0.30466842790216925, 0.020052749049508833, 0.016958807500351118, 0.09561612418836314, 0.001977866375708554]

Analysis for banana (5300)
Precision: -0.9
[1270, 801, 333, 2458, 438]
[0.9985714285714286, 0.9927536231884058, 0.0, 0.9960629921259843, 0.44881889763779526]
[0.04238068325522278, 0.11856606055331487, 0.34639317641736606, 0.0066431641188392405, 0.21883014251370864]
Recall: -1.0
[1270, 801, 333, 2458, 438]
[0.9943100995732574, 0.8404907975460123, 0.0, 0.9993416721527321, 0.32386363636363635]
[0.04238068325522278, 0.11856606055331487, 0.34639317641736606, 0.0066431641188392405, 0.21883014251370864]
Accuracy: -1.0
[1270, 801, 333, 2458, 438]
[0.9960629921259843, 0.898876404494382, 0.12612612612612611, 0.9971521562245729, 0.5684931506849316]
[0.04238068325522278, 0.11856606055331487, 0.34639317641736606, 0.0066431641188392405, 0.21883014251370864]
FScore: -1.0
[1270, 801, 333, 2458, 438]
[0.9964362081254455, 0.9102990033222592, 0.0, 0.9976996385146238, 0.3762376237623762]
[0.04238068325522278, 0.11856606055331487, 0.34639317641736606, 0.0066431641188392405, 0.21883014251370864]
Matthews: -1.0
[1270, 801, 333, 2458, 438]
[0.992050033796974, 0.8107967162514546, -0.633954836070532, 0.993971588477855, 0.061251474612905116]
[0.04238068325522278, 0.11856606055331487, 0.34639317641736606, 0.0066431641188392405, 0.21883014251370864]

Analysis for breast-cancer-original (650)
Precision: -0.5773502691896258
[11, 575, 12, 32, 20]
[1.0, 1.0, 0.0, 1.0, 0.0]
[0.07281435852777539, 4.4008524919702304E-4, 0.1328631220121084, 0.010934891834993741, 0.041668039508745175]
Recall: -0.6155870112510924
[11, 575, 12, 32, 20]
[0.5, 0.9927360774818402, 0.0, 0.4, 0.0]
[0.07281435852777539, 4.4008524919702304E-4, 0.1328631220121084, 0.010934891834993741, 0.041668039508745175]
Accuracy: -0.7000000000000001
[11, 575, 12, 32, 20]
[0.9090909090909091, 0.9947826086956522, 0.6666666666666666, 0.90625, 0.75]
[0.07281435852777539, 4.4008524919702304E-4, 0.1328631220121084, 0.010934891834993741, 0.041668039508745175]
FScore: -0.6155870112510924
[11, 575, 12, 32, 20]
[0.6666666666666666, 0.9963547995139732, 0.0, 0.5714285714285715, 0.0]
[0.07281435852777539, 4.4008524919702304E-4, 0.1328631220121084, 0.010934891834993741, 0.041668039508745175]
Matthews: -0.6155870112510924
[11, 575, 12, 32, 20]
[0.6708203932499369, 0.9872620374644889, 0.0, 0.6, 0.0]
[0.07281435852777539, 4.4008524919702304E-4, 0.1328631220121084, 0.010934891834993741, 0.041668039508745175]

Analysis for mammographic-masses (960)
Precision: -0.9
[58, 92, 213, 494, 103]
[0.11538461538461539, 0.43859649122807015, 0.8133333333333334, 0.990990990990991, 0.2857142857142857]
[0.38248755316317035, 0.20441251741505367, 0.07335032244845302, 0.028008445672595538, 0.17610621655482714]
Recall: -1.0
[58, 92, 213, 494, 103]
[0.08571428571428572, 0.46296296296296297, 0.8591549295774648, 0.9850746268656716, 0.8]
[0.38248755316317035, 0.20441251741505367, 0.07335032244845302, 0.028008445672595538, 0.17610621655482714]
Accuracy: -1.0
[58, 92, 213, 494, 103]
[0.05172413793103448, 0.33695652173913043, 0.8873239436619719, 0.9838056680161943, 0.5728155339805825]
[0.38248755316317035, 0.20441251741505367, 0.07335032244845302, 0.028008445672595538, 0.17610621655482714]
FScore: -0.9
[58, 92, 213, 494, 103]
[0.09836065573770493, 0.45045045045045046, 0.8356164383561644, 0.9880239520958084, 0.4210526315789473]
[0.38248755316317035, 0.20441251741505367, 0.07335032244845302, 0.028008445672595538, 0.17610621655482714]
Matthews: -1.0
[58, 92, 213, 494, 103]
[-0.899328198596713, -0.3845204737887637, 0.7506518906054692, 0.9630657911711952, 0.2526020879684295]
[0.38248755316317035, 0.20441251741505367, 0.07335032244845302, 0.028008445672595538, 0.17610621655482714]

Analysis for phoneme (5400)
Precision: 0.7000000000000001
[418, 674, 2997, 695, 616]
[0.1141732283464567, 0.7003484320557491, 0.47706422018348627, 0.9625668449197861, 0.9970845481049563]
[0.12839274577015405, 0.05843082053625925, 0.008666826423308833, 0.1494858801333657, 0.2741391202373586]
Recall: -1.0
[418, 674, 2997, 695, 616]
[0.8285714285714286, 0.9013452914798207, 0.9811320754716981, 0.8194233687405159, 0.5560975609756098]
[0.12839274577015405, 0.05843082053625925, 0.008666826423308833, 0.1494858801333657, 0.2741391202373586]
Accuracy: -0.7000000000000001
[418, 674, 2997, 695, 616]
[0.4473684210526316, 0.8397626112759644, 0.9806473139806473, 0.7985611510791367, 0.5551948051948052]
[0.12839274577015405, 0.05843082053625925, 0.008666826423308833, 0.1494858801333657, 0.2741391202373586]
FScore: 0.30000000000000004
[418, 674, 2997, 695, 616]
[0.20069204152249137, 0.7882352941176473, 0.6419753086419754, 0.8852459016393442, 0.7139874739039667]
[0.12839274577015405, 0.05843082053625925, 0.008666826423308833, 0.1494858801333657, 0.2741391202373586]
Matthews: -1.0
[418, 674, 2997, 695, 616]
[0.13677261820951367, 0.6762462630072041, 0.6771213687250724, 0.13262878318761429, -0.03597466062478134]
[0.12839274577015405, 0.05843082053625925, 0.008666826423308833, 0.1494858801333657, 0.2741391202373586]

Analysis for pima (700)
Precision: -0.7000000000000001
[76, 67, 88, 371, 98]
[0.0, 0.030303030303030304, 0.3870967741935484, 0.9739413680781759, 1.0]
[0.21565423511573945, 0.12121562592711099, 0.047329288840977375, 0.015913514989392502, 0.08355664737597268]
Recall: -0.9
[76, 67, 88, 371, 98]
[0.0, 0.3333333333333333, 0.41379310344827586, 0.9171779141104295, 0.6086956521739131]
[0.21565423511573945, 0.12121562592711099, 0.047329288840977375, 0.015913514989392502, 0.08355664737597268]
Accuracy: -0.9
[76, 67, 88, 371, 98]
[0.25, 0.4925373134328358, 0.5909090909090909, 0.9056603773584906, 0.6326530612244898]
[0.21565423511573945, 0.12121562592711099, 0.047329288840977375, 0.015913514989392502, 0.08355664737597268]
FScore: -0.9
[76, 67, 88, 371, 98]
[0.0, 0.05555555555555555, 0.39999999999999997, 0.9447077409162717, 0.7567567567567568]
[0.21565423511573945, 0.12121562592711099, 0.047329288840977375, 0.015913514989392502, 0.08355664737597268]
Matthews: -0.8
[76, 67, 88, 371, 98]
[0.0, -0.06894502533266922, 0.09029347613305583, 0.6389037077851991, 0.29488391230979427]
[0.21565423511573945, 0.12121562592711099, 0.047329288840977375, 0.015913514989392502, 0.08355664737597268]

Analysis for ring (7400)
Precision: -0.7000000000000001
[722, 884, 479, 564, 4751]
[0.977810650887574, 0.11583011583011583, 0.8426966292134831, 0.8869346733668342, 0.9887468030690537]
[0.04740303722244868, 0.08312389491715222, 0.2688833557888892, 0.136481795030951, 0.016463684655346533]
Recall: -0.7000000000000001
[722, 884, 479, 564, 4751]
[0.9389204545454546, 1.0, 0.16129032258064516, 0.6814671814671814, 0.9928094504365691]
[0.04740303722244868, 0.08312389491715222, 0.2688833557888892, 0.136481795030951, 0.016463684655346533]
Accuracy: -1.0
[722, 884, 479, 564, 4751]
[0.9196675900277008, 0.7409502262443439, 0.15657620041753653, 0.6276595744680851, 0.9924226478636077]
[0.04740303722244868, 0.08312389491715222, 0.2688833557888892, 0.136481795030951, 0.016463684655346533]
FScore: -0.7000000000000001
[722, 884, 479, 564, 4751]
[0.9579710144927537, 0.20761245674740486, 0.27075812274368233, 0.7707423580786025, 0.990773962070733]
[0.04740303722244868, 0.08312389491715222, 0.2688833557888892, 0.136481795030951, 0.016463684655346533]
Matthews: -0.9
[722, 884, 479, 564, 4751]
[0.06740331673173593, 0.2911533682331628, -0.36322425492983906, -0.17823905717811475, 0.9843513928176894]
[0.04740303722244868, 0.08312389491715222, 0.2688833557888892, 0.136481795030951, 0.016463684655346533]

Analysis for spambase (4550)
Precision: -1.0
[306, 1378, 591, 410, 1865]
[0.0875, 0.9892787524366472, 0.8634146341463415, 0.32954545454545453, 0.993907083015994]
[0.30142705778490436, 0.04030359220557537, 0.09982315268421725, 0.1698587186949767, 0.004807989774712341]
Recall: -1.0
[306, 1378, 591, 410, 1865]
[0.20588235294117646, 0.9675881792183031, 0.688715953307393, 0.4142857142857143, 0.9916413373860182]
[0.30142705778490436, 0.04030359220557537, 0.09982315268421725, 0.1698587186949767, 0.004807989774712341]
Accuracy: -1.0
[306, 1378, 591, 410, 1865]
[0.3464052287581699, 0.967343976777939, 0.817258883248731, 0.7560975609756098, 0.9898123324396783]
[0.30142705778490436, 0.04030359220557537, 0.09982315268421725, 0.1698587186949767, 0.004807989774712341]
FScore: -1.0
[306, 1378, 591, 410, 1865]
[0.12280701754385966, 0.9783132530120481, 0.7662337662337662, 0.3670886075949367, 0.9927729174591099]
[0.30142705778490436, 0.04030359220557537, 0.09982315268421725, 0.1698587186949767, 0.004807989774712341]
Matthews: -1.0
[306, 1378, 591, 410, 1865]
[-0.33923549942547304, 0.9131853584813416, 0.6300007042120477, 0.2206464129517351, 0.9755232442533677]
[0.30142705778490436, 0.04030359220557537, 0.09982315268421725, 0.1698587186949767, 0.004807989774712341]

Analysis for twonorm (7400)
Precision: -1.0
[137, 1909, 824, 4193, 337]
[0.12, 0.9989293361884368, 0.9976580796252927, 1.0, 0.8852459016393442]
[0.19668930802969073, 0.011826557797873193, 0.03790203575268818, 0.0017115799205498813, 0.09414784973968121]
Recall: -0.8944271909999159
[137, 1909, 824, 4193, 337]
[0.14754098360655737, 1.0, 1.0, 1.0, 0.8901098901098901]
[0.19668930802969073, 0.011826557797873193, 0.03790203575268818, 0.0017115799205498813, 0.09414784973968121]
Accuracy: -1.0
[137, 1909, 824, 4193, 337]
[0.1386861313868613, 0.9994761655316919, 0.9987864077669902, 1.0, 0.8783382789317508]
[0.19668930802969073, 0.011826557797873193, 0.03790203575268818, 0.0017115799205498813, 0.09414784973968121]
FScore: -1.0
[137, 1909, 824, 4193, 337]
[0.1323529411764706, 0.9994643813604713, 0.9988276670574443, 1.0, 0.8876712328767122]
[0.19668930802969073, 0.011826557797873193, 0.03790203575268818, 0.0017115799205498813, 0.09414784973968121]
Matthews: -1.0
[137, 1909, 824, 4193, 337]
[-0.7197940551762119, 0.9989523727466254, 0.9975727547568997, 1.0, 0.7550008023880703]
[0.19668930802969073, 0.011826557797873193, 0.03790203575268818, 0.0017115799205498813, 0.09414784973968121]

Analysis for wdbc (560)
Precision: 0.8944271909999159
[39, 22, 37, 29, 433]
[1.0, 1.0, 1.0, 0.9629629629629629, 0.8315789473684211]
[0.040392223685654885, 0.08921562912608394, 0.015302833432114032, 0.003074463651868971, 0.0018835513102812926]
Recall: -1.0
[39, 22, 37, 29, 433]
[0.8717948717948718, 0.7272727272727273, 0.8918918918918919, 0.9629629629629629, 0.9753086419753086]
[0.040392223685654885, 0.08921562912608394, 0.015302833432114032, 0.003074463651868971, 0.0018835513102812926]
Accuracy: -1.0
[39, 22, 37, 29, 433]
[0.8717948717948718, 0.7272727272727273, 0.8918918918918919, 0.9310344827586207, 0.9584295612009238]
[0.040392223685654885, 0.08921562912608394, 0.015302833432114032, 0.003074463651868971, 0.0018835513102812926]
FScore: -0.39999999999999997
[39, 22, 37, 29, 433]
[0.9315068493150686, 0.8421052631578948, 0.9428571428571428, 0.9629629629629629, 0.8977272727272727]
[0.040392223685654885, 0.08921562912608394, 0.015302833432114032, 0.003074463651868971, 0.0018835513102812926]
Matthews: -0.8944271909999159
[39, 22, 37, 29, 433]
[0.0, 0.0, 0.0, 0.46296296296296297, 0.8762105885831701]
[0.040392223685654885, 0.08921562912608394, 0.015302833432114032, 0.003074463651868971, 0.0018835513102812926]
