MultiResolutionExperiment(4, 10, MultiResolutionTransform(20, 0.20))

Analysis for appendicitis (100)
Precision: -0.447213595499958
[9, 76, 11, 4]
[0.0, 1.0, 0.0, 1.0]
[0.08713276308375723, 0.004091059242043468, 0.20690750706892966, 0.10301630249774663]
Recall: -0.632455532033676
[9, 76, 11, 4]
[0.0, 0.9868421052631579, 0.0, 0.25]
[0.08713276308375723, 0.004091059242043468, 0.20690750706892966, 0.10301630249774663]
Accuracy: -0.8
[9, 76, 11, 4]
[1.0, 0.9868421052631579, 0.09090909090909091, 0.25]
[0.08713276308375723, 0.004091059242043468, 0.20690750706892966, 0.10301630249774663]
FScore: -0.632455532033676
[9, 76, 11, 4]
[0.0, 0.9933774834437086, 0.0, 0.4]
[0.08713276308375723, 0.004091059242043468, 0.20690750706892966, 0.10301630249774663]
Matthews: NaN
[9, 76, 11, 4]
[0.0, 0.0, 0.0, 0.0]
[0.08713276308375723, 0.004091059242043468, 0.20690750706892966, 0.10301630249774663]

Analysis for banana (5300)
Precision: -0.8
[2857, 524, 850, 1069]
[1.0, 0.012539184952978056, 0.9752577319587629, 0.9656862745098039]
[0.028896134894039815, 0.3387661976317673, 0.16738983604557262, 0.08655092633574801]
Recall: -0.8
[2857, 524, 850, 1069]
[0.9985104270109235, 0.06060606060606061, 0.7310664605873262, 1.0]
[0.028896134894039815, 0.3387661976317673, 0.16738983604557262, 0.08655092633574801]
Accuracy: -1.0
[2857, 524, 850, 1069]
[0.9989499474973749, 0.28053435114503816, 0.7811764705882352, 0.9934518241347053]
[0.028896134894039815, 0.3387661976317673, 0.16738983604557262, 0.08655092633574801]
FScore: -1.0
[2857, 524, 850, 1069]
[0.9992546583850932, 0.02077922077922078, 0.8356890459363958, 0.9825436408977556]
[0.028896134894039815, 0.3387661976317673, 0.16738983604557262, 0.08655092633574801]
Matthews: -1.0
[2857, 524, 850, 1069]
[0.9974816338629316, -0.4263983741874677, 0.5787911187339663, 0.9787411331871205]
[0.028896134894039815, 0.3387661976317673, 0.16738983604557262, 0.08655092633574801]

Analysis for breast-cancer-original (650)
Precision: NaN
[415, 16, 60, 159]
[1.0, 1.0, 1.0, 1.0]
[0.0010662741606193113, 0.1715369086766923, 0.07507318434826149, 0.024081794695651554]
Recall: -0.9486832980505138
[415, 16, 60, 159]
[0.9903381642512077, 0.1111111111111111, 0.3333333333333333, 0.3333333333333333]
[0.0010662741606193113, 0.1715369086766923, 0.07507318434826149, 0.024081794695651554]
Accuracy: -1.0
[415, 16, 60, 159]
[0.9903614457831326, 0.5, 0.9666666666666667, 0.9874213836477987]
[0.0010662741606193113, 0.1715369086766923, 0.07507318434826149, 0.024081794695651554]
FScore: -0.9486832980505138
[415, 16, 60, 159]
[0.9951456310679612, 0.19999999999999998, 0.5, 0.5]
[0.0010662741606193113, 0.1715369086766923, 0.07507318434826149, 0.024081794695651554]
Matthews: -0.39999999999999997
[415, 16, 60, 159]
[0.44504789950098805, 0.2277100170213244, 0.567480306535024, 0.5736845161328942]
[0.0010662741606193113, 0.1715369086766923, 0.07507318434826149, 0.024081794695651554]

Analysis for mammographic-masses (960)
Precision: -1.0
[146, 82, 226, 506]
[0.375, 0.11363636363636363, 0.8152173913043478, 0.9969040247678018]
[0.21641401547589606, 0.35843406710900055, 0.10510069822256773, 0.036826919182076624]
Recall: -1.0
[146, 82, 226, 506]
[0.55, 0.11904761904761904, 0.8426966292134831, 0.9938271604938271]
[0.21641401547589606, 0.35843406710900055, 0.10510069822256773, 0.036826919182076624]
Accuracy: -1.0
[146, 82, 226, 506]
[0.4383561643835616, 0.07317073170731707, 0.8628318584070797, 0.9940711462450593]
[0.21641401547589606, 0.35843406710900055, 0.10510069822256773, 0.036826919182076624]
FScore: -1.0
[146, 82, 226, 506]
[0.44594594594594594, 0.11627906976744186, 0.8287292817679558, 0.9953632148377125]
[0.21641401547589606, 0.35843406710900055, 0.10510069822256773, 0.036826919182076624]
Matthews: -1.0
[146, 82, 226, 506]
[-0.0900247226134906, -0.8579976703222587, 0.7146635775647606, 0.9871531551876122]
[0.21641401547589606, 0.35843406710900055, 0.10510069822256773, 0.036826919182076624]

Analysis for phoneme (5400)
Precision: 1.0
[850, 773, 2941, 836]
[0.003105590062111801, 0.9823529411764705, 0.0, 0.9979838709677419]
[0.11537239400756641, 0.15537937047752168, 0.011375418203380406, 0.2951315706522351]
Recall: 0.2000000000000001
[850, 773, 2941, 836]
[1.0, 0.8894806924101198, 0.0, 0.5942376950780313]
[0.11537239400756641, 0.15537937047752168, 0.011375418203380406, 0.2951315706522351]
Accuracy: -0.8
[850, 773, 2941, 836]
[0.6223529411764706, 0.8771021992238034, 0.9809588575314518, 0.5944976076555024]
[0.11537239400756641, 0.15537937047752168, 0.011375418203380406, 0.2951315706522351]
FScore: 0.8
[850, 773, 2941, 836]
[0.006191950464396284, 0.93361285814116, 0.0, 0.744920993227991]
[0.11537239400756641, 0.15537937047752168, 0.011375418203380406, 0.2951315706522351]
Matthews: 0.39999999999999997
[850, 773, 2941, 836]
[0.04394760174805013, 0.17584370662685134, 0.0, 0.03176026891130564]
[0.11537239400756641, 0.15537937047752168, 0.011375418203380406, 0.2951315706522351]

Analysis for pima (700)
Precision: -0.9486832980505138
[135, 138, 112, 315]
[1.0, 0.0, 0.037037037037037035, 1.0]
[0.0879963811589667, 0.2041218489098872, 0.09298041061619587, 0.02168398719095226]
Recall: -1.0
[135, 138, 112, 315]
[0.5658914728682171, 0.0, 0.16666666666666666, 0.939297124600639]
[0.0879963811589667, 0.2041218489098872, 0.09298041061619587, 0.02168398719095226]
Accuracy: -0.8
[135, 138, 112, 315]
[0.5851851851851851, 0.3333333333333333, 0.7232142857142857, 0.9396825396825397]
[0.0879963811589667, 0.2041218489098872, 0.09298041061619587, 0.02168398719095226]
FScore: -1.0
[135, 138, 112, 315]
[0.7227722772277227, 0.0, 0.06060606060606061, 0.9686985172981878]
[0.0879963811589667, 0.2041218489098872, 0.09298041061619587, 0.02168398719095226]
Matthews: -1.0
[135, 138, 112, 315]
[0.23401643301856107, -0.16605279103876788, -0.041385680588358204, 0.299093411845839]
[0.0879963811589667, 0.2041218489098872, 0.09298041061619587, 0.02168398719095226]

Analysis for ring (7400)
Precision: -0.6000000000000001
[714, 893, 4161, 1632]
[0.0, 0.94, 0.9666944213155704, 1.0]
[0.10168851179570654, 0.2299285764075404, 0.022332875102157892, 0.06783478112425316]
Recall: -0.8
[714, 893, 4161, 1632]
[0.0, 0.3777267508610792, 1.0, 0.9571078431372549]
[0.10168851179570654, 0.2299285764075404, 0.022332875102157892, 0.06783478112425316]
Accuracy: -1.0
[714, 893, 4161, 1632]
[0.6302521008403361, 0.36954087346024633, 0.9903869262196587, 0.9571078431372549]
[0.10168851179570654, 0.2299285764075404, 0.022332875102157892, 0.06783478112425316]
FScore: -0.8
[714, 893, 4161, 1632]
[0.0, 0.5389025389025389, 0.983065198983912, 0.9780839073262367]
[0.10168851179570654, 0.2299285764075404, 0.022332875102157892, 0.06783478112425316]
Matthews: -0.9486832980505139
[714, 893, 4161, 1632]
[0.0, -0.18315796733641615, 0.9766294908329852, 0.0]
[0.10168851179570654, 0.2299285764075404, 0.022332875102157892, 0.06783478112425316]

Analysis for spambase (4550)
Precision: -1.0
[317, 908, 532, 2793]
[0.11242603550295859, 0.9211956521739131, 0.55625, 0.9990453460620525]
[0.27967133326666843, 0.06226842601959008, 0.14390847327452044, 0.013715320306041657]
Recall: -1.0
[317, 908, 532, 2793]
[0.2, 0.853904282115869, 0.5855263157894737, 0.9891304347826086]
[0.27967133326666843, 0.06226842601959008, 0.14390847327452044, 0.013715320306041657]
Accuracy: -1.0
[317, 908, 532, 2793]
[0.2870662460567823, 0.9041850220264317, 0.7481203007518797, 0.9910490511994271]
[0.27967133326666843, 0.06226842601959008, 0.14390847327452044, 0.013715320306041657]
FScore: -1.0
[317, 908, 532, 2793]
[0.14393939393939395, 0.8862745098039216, 0.5705128205128205, 0.9940631678936119]
[0.27967133326666843, 0.06226842601959008, 0.14390847327452044, 0.013715320306041657]
Matthews: -1.0
[317, 908, 532, 2793]
[-0.4367923501021091, 0.8054275818754467, 0.3927454543791486, 0.9760834953159427]
[0.27967133326666843, 0.06226842601959008, 0.14390847327452044, 0.013715320306041657]

Analysis for twonorm (7400)
Precision: -0.9486832980505138
[226, 4091, 757, 2326]
[0.288135593220339, 1.0, 0.9876237623762376, 1.0]
[0.18845359045152793, 0.004609831609733164, 0.07414938319447842, 0.02286857027379074]
Recall: -0.9486832980505138
[226, 4091, 757, 2326]
[0.3333333333333333, 1.0, 0.9900744416873449, 1.0]
[0.18845359045152793, 0.004609831609733164, 0.07414938319447842, 0.02286857027379074]
Accuracy: -0.9486832980505138
[226, 4091, 757, 2326]
[0.3274336283185841, 1.0, 0.988110964332893, 1.0]
[0.18845359045152793, 0.004609831609733164, 0.07414938319447842, 0.02286857027379074]
FScore: -0.9486832980505138
[226, 4091, 757, 2326]
[0.3090909090909091, 1.0, 0.9888475836431226, 1.0]
[0.18845359045152793, 0.004609831609733164, 0.07414938319447842, 0.02286857027379074]
Matthews: -0.9486832980505138
[226, 4091, 757, 2326]
[-0.3427875790571837, 1.0, 0.9761212177665032, 1.0]
[0.18845359045152793, 0.004609831609733164, 0.07414938319447842, 0.02286857027379074]

Analysis for wdbc (560)
Precision: 0.7745966692414834
[64, 99, 43, 354]
[1.0, 1.0, 1.0, 0.0]
[0.04824263222493422, 0.022188079352509393, 0.0077748915243154885, 0.0014237971201977529]
Recall: 0.2000000000000001
[64, 99, 43, 354]
[0.828125, 0.9393939393939394, 0.9767441860465116, 0.0]
[0.04824263222493422, 0.022188079352509393, 0.0077748915243154885, 0.0014237971201977529]
Accuracy: -0.8
[64, 99, 43, 354]
[0.828125, 0.9393939393939394, 0.9767441860465116, 0.9519774011299436]
[0.04824263222493422, 0.022188079352509393, 0.0077748915243154885, 0.0014237971201977529]
FScore: 0.2000000000000001
[64, 99, 43, 354]
[0.905982905982906, 0.96875, 0.988235294117647, 0.0]
[0.04824263222493422, 0.022188079352509393, 0.0077748915243154885, 0.0014237971201977529]
Matthews: NaN
[64, 99, 43, 354]
[0.0, 0.0, 0.0, 0.0]
[0.04824263222493422, 0.022188079352509393, 0.0077748915243154885, 0.0014237971201977529]
