MultiResolutionExperiment(4, 10, MultiResolutionTransform(30, 0.25))

Analysis for appendicitis (100)
Precision: -0.8944271909999159
[1, 76, 18, 5]
[0.0, 1.0, 0.0, 1.0]
[0.37880099009131446, 0.0043560931082645945, 0.15388306960613618, 0.08972370139263006]
Recall: -0.9486832980505139
[1, 76, 18, 5]
[0.0, 0.9868421052631579, 0.0, 0.25]
[0.37880099009131446, 0.0043560931082645945, 0.15388306960613618, 0.08972370139263006]
Accuracy: -0.8
[1, 76, 18, 5]
[0.0, 0.9868421052631579, 0.5, 0.4]
[0.37880099009131446, 0.0043560931082645945, 0.15388306960613618, 0.08972370139263006]
FScore: -0.9486832980505139
[1, 76, 18, 5]
[0.0, 0.9933774834437086, 0.0, 0.4]
[0.37880099009131446, 0.0043560931082645945, 0.15388306960613618, 0.08972370139263006]
Matthews: -0.25819888974716104
[1, 76, 18, 5]
[0.0, 0.0, 0.0, 0.25]
[0.37880099009131446, 0.0043560931082645945, 0.15388306960613618, 0.08972370139263006]

Analysis for banana (5300)
Precision: -0.8
[2875, 548, 811, 1066]
[1.0, 0.01238390092879257, 0.9864077669902913, 0.9534883720930233]
[0.034552854134840376, 0.32695584377153447, 0.15989182960534695, 0.1001902153030927]
Recall: -1.0
[2875, 548, 811, 1066]
[0.9985089463220675, 0.058823529411764705, 0.748159057437408, 0.9939393939393939]
[0.034552854134840376, 0.32695584377153447, 0.15989182960534695, 0.1001902153030927]
Accuracy: -1.0
[2875, 548, 811, 1066]
[0.9989565217391304, 0.3010948905109489, 0.7805178791615289, 0.9915572232645403]
[0.034552854134840376, 0.32695584377153447, 0.15989182960534695, 0.1001902153030927]
FScore: -1.0
[2875, 548, 811, 1066]
[0.9992539169360856, 0.020460358056265986, 0.8509212730318257, 0.973293768545994]
[0.034552854134840376, 0.32695584377153447, 0.15989182960534695, 0.1001902153030927]
Matthews: -1.0
[2875, 548, 811, 1066]
[0.9975218836706207, -0.4059597781736963, 0.53301279746185, 0.9685771791495875]
[0.034552854134840376, 0.32695584377153447, 0.15989182960534695, 0.1001902153030927]

Analysis for breast-cancer-original (650)
Precision: -0.7745966692414834
[414, 16, 63, 157]
[1.0, 0.0, 1.0, 1.0]
[0.0010087844896064754, 0.17013491487350807, 0.07605726540154074, 0.022953467515329163]
Recall: -0.9486832980505138
[414, 16, 63, 157]
[0.9903381642512077, 0.0, 0.3333333333333333, 0.3333333333333333]
[0.0010087844896064754, 0.17013491487350807, 0.07605726540154074, 0.022953467515329163]
Accuracy: -1.0
[414, 16, 63, 157]
[0.9903381642512077, 0.625, 0.9365079365079365, 0.9872611464968153]
[0.0010087844896064754, 0.17013491487350807, 0.07605726540154074, 0.022953467515329163]
FScore: -0.9486832980505138
[414, 16, 63, 157]
[0.9951456310679612, 0.0, 0.5, 0.5]
[0.0010087844896064754, 0.17013491487350807, 0.07605726540154074, 0.022953467515329163]
Matthews: -0.1054092553389458
[414, 16, 63, 157]
[0.0, 0.0, 0.5580998206737443, 0.5736373672101819]
[0.0010087844896064754, 0.17013491487350807, 0.07605726540154074, 0.022953467515329163]

Analysis for mammographic-masses (960)
Precision: -1.0
[135, 121, 169, 535]
[0.44871794871794873, 0.25, 0.7733333333333333, 0.9969325153374233]
[0.18416395945881198, 0.3193405584338122, 0.10778285908028701, 0.040463891094827925]
Recall: -1.0
[135, 121, 169, 535]
[0.7291666666666666, 0.25, 0.8055555555555556, 0.9938837920489296]
[0.18416395945881198, 0.3193405584338122, 0.10778285908028701, 0.040463891094827925]
Accuracy: -1.0
[135, 121, 169, 535]
[0.5851851851851851, 0.15702479338842976, 0.8165680473372781, 0.994392523364486]
[0.18416395945881198, 0.3193405584338122, 0.10778285908028701, 0.040463891094827925]
FScore: -1.0
[135, 121, 169, 535]
[0.5555555555555556, 0.25, 0.7891156462585034, 0.9954058192955589]
[0.18416395945881198, 0.3193405584338122, 0.10778285908028701, 0.040463891094827925]
Matthews: -1.0
[135, 121, 169, 535]
[0.22766906983796087, -0.7122641509433962, 0.6273405558186919, 0.9882192473917086]
[0.18416395945881198, 0.3193405584338122, 0.10778285908028701, 0.040463891094827925]

Analysis for phoneme (5400)
Precision: 0.9486832980505138
[843, 747, 2959, 851]
[0.0, 0.9894894894894894, 0.0, 0.9960552268244576]
[0.11574164310385888, 0.1562034868881348, 0.011970937467230562, 0.29075281800431824]
Recall: 0.7378647873726218
[843, 747, 2959, 851]
[0.0, 0.8953804347826086, 0.0, 0.5948174322732627]
[0.11574164310385888, 0.1562034868881348, 0.011970937467230562, 0.29075281800431824]
Accuracy: -0.8
[843, 747, 2959, 851]
[0.6168446026097272, 0.8875502008032129, 0.9803987833727611, 0.5934195064629847]
[0.11574164310385888, 0.1562034868881348, 0.011970937467230562, 0.29075281800431824]
FScore: 0.7378647873726218
[843, 747, 2959, 851]
[0.0, 0.9400855920114122, 0.0, 0.7448377581120944]
[0.11574164310385888, 0.1562034868881348, 0.011970937467230562, 0.29075281800431824]
Matthews: -0.31622776601683794
[843, 747, 2959, 851]
[0.0, 0.10034218567563158, 0.0, -0.039979411255868035]
[0.11574164310385888, 0.1562034868881348, 0.011970937467230562, 0.29075281800431824]

Analysis for pima (700)
Precision: -0.9486832980505138
[131, 141, 114, 314]
[1.0, 0.0, 0.038461538461538464, 1.0]
[0.0894289126714429, 0.20405538215808217, 0.09340547112948488, 0.021837137239906924]
Recall: -1.0
[131, 141, 114, 314]
[0.5615384615384615, 0.0, 0.16666666666666666, 0.9423076923076923]
[0.0894289126714429, 0.20405538215808217, 0.09340547112948488, 0.021837137239906924]
Accuracy: -0.8
[131, 141, 114, 314]
[0.5648854961832062, 0.3404255319148936, 0.7368421052631579, 0.9426751592356688]
[0.0894289126714429, 0.20405538215808217, 0.09340547112948488, 0.021837137239906924]
FScore: -1.0
[131, 141, 114, 314]
[0.7192118226600985, 0.0, 0.0625, 0.9702970297029703]
[0.0894289126714429, 0.20405538215808217, 0.09340547112948488, 0.021837137239906924]
Matthews: -1.0
[131, 141, 114, 314]
[0.09839561785329719, -0.16182413404592105, -0.03449322309936315, 0.30697030675746023]
[0.0894289126714429, 0.20405538215808217, 0.09340547112948488, 0.021837137239906924]

Analysis for ring (7400)
Precision: 0.0
[672, 964, 3977, 1787]
[0.0, 0.9583333333333334, 0.9548254620123203, 1.0]
[0.10247540478023888, 0.22258333232465397, 0.023166292473903345, 0.061314952552764035]
Recall: -0.8
[672, 964, 3977, 1787]
[0.0, 0.41288278775079196, 1.0, 0.9686625629546727]
[0.10247540478023888, 0.22258333232465397, 0.023166292473903345, 0.061314952552764035]
Accuracy: -1.0
[672, 964, 3977, 1787]
[0.6071428571428571, 0.40560165975103735, 0.9889363842092029, 0.9686625629546727]
[0.10247540478023888, 0.22258333232465397, 0.023166292473903345, 0.061314952552764035]
FScore: -0.6000000000000001
[672, 964, 3977, 1787]
[0.0, 0.5771217712177121, 0.976890756302521, 0.9840818646958499]
[0.10247540478023888, 0.22258333232465397, 0.023166292473903345, 0.061314952552764035]
Matthews: -0.9486832980505139
[672, 964, 3977, 1787]
[0.0, -0.15640721587270306, 0.9700708060229744, 0.0]
[0.10247540478023888, 0.22258333232465397, 0.023166292473903345, 0.061314952552764035]

Analysis for spambase (4550)
Precision: -1.0
[334, 907, 532, 2777]
[0.11046511627906977, 0.9213483146067416, 0.56875, 0.9990494296577946]
[0.27496028699246605, 0.06303987683347938, 0.14269253116785988, 0.01470645293818101]
Recall: -1.0
[334, 907, 532, 2777]
[0.20212765957446807, 0.8475452196382429, 0.5870967741935483, 0.9896421845574388]
[0.27496028699246605, 0.06303987683347938, 0.14269253116785988, 0.01470645293818101]
Accuracy: -1.0
[334, 907, 532, 2777]
[0.31736526946107785, 0.9040793825799338, 0.75, 0.9913575801224342]
[0.27496028699246605, 0.06303987683347938, 0.14269253116785988, 0.01470645293818101]
FScore: -1.0
[334, 907, 532, 2777]
[0.14285714285714285, 0.882907133243607, 0.5777777777777777, 0.9943235572374645]
[0.27496028699246605, 0.06303987683347938, 0.14269253116785988, 0.01470645293818101]
Matthews: -1.0
[334, 907, 532, 2777]
[-0.3917496809261328, 0.803918874212602, 0.40037300632815415, 0.9764173524691199]
[0.27496028699246605, 0.06303987683347938, 0.14269253116785988, 0.01470645293818101]

Analysis for twonorm (7400)
Precision: -0.9486832980505138
[240, 3912, 810, 2438]
[0.328, 1.0, 0.9882903981264637, 1.0]
[0.18286756056186493, 0.005208799089678392, 0.07218193230578206, 0.02316353125670006]
Recall: -0.9486832980505138
[240, 3912, 810, 2438]
[0.3761467889908257, 1.0, 0.9906103286384976, 1.0]
[0.18286756056186493, 0.005208799089678392, 0.07218193230578206, 0.02316353125670006]
Accuracy: -0.9486832980505138
[240, 3912, 810, 2438]
[0.36666666666666664, 1.0, 0.9888888888888889, 1.0]
[0.18286756056186493, 0.005208799089678392, 0.07218193230578206, 0.02316353125670006]
FScore: -0.9486832980505138
[240, 3912, 810, 2438]
[0.35042735042735046, 1.0, 0.9894490035169987, 1.0]
[0.18286756056186493, 0.005208799089678392, 0.07218193230578206, 0.02316353125670006]
Matthews: -0.9486832980505138
[240, 3912, 810, 2438]
[-0.2641879837221425, 1.0, 0.977718006154115, 1.0]
[0.18286756056186493, 0.005208799089678392, 0.07218193230578206, 0.02316353125670006]

Analysis for wdbc (560)
Precision: 0.7745966692414834
[59, 77, 67, 357]
[1.0, 1.0, 1.0, 0.15]
[0.0505636160230211, 0.025717045552563128, 0.010640513681606449, 0.001482516299778114]
Recall: -1.0
[59, 77, 67, 357]
[0.8305084745762712, 0.9090909090909091, 0.9850746268656716, 1.0]
[0.0505636160230211, 0.025717045552563128, 0.010640513681606449, 0.001482516299778114]
Accuracy: -0.8
[59, 77, 67, 357]
[0.8305084745762712, 0.9090909090909091, 0.9850746268656716, 0.9523809523809523]
[0.0505636160230211, 0.025717045552563128, 0.010640513681606449, 0.001482516299778114]
FScore: 0.2000000000000001
[59, 77, 67, 357]
[0.9074074074074074, 0.9523809523809523, 0.9924812030075187, 0.2608695652173913]
[0.0505636160230211, 0.025717045552563128, 0.010640513681606449, 0.001482516299778114]
Matthews: -0.7745966692414834
[59, 77, 67, 357]
[0.0, 0.0, 0.0, 0.3778843873058155]
[0.0505636160230211, 0.025717045552563128, 0.010640513681606449, 0.001482516299778114]
