MultiResolutionExperiment(4, 10, MultiResolutionTransform(30, 0.15))

Analysis for appendicitis (100)
Precision: -0.9486832980505138
[1, 8, 21, 70]
[0.0, 1.0, 0.1, 1.0]
[0.3550385868051772, 0.025427967501231597, 0.11682535439981102, 0.001640740665760608]
Recall: -1.0
[1, 8, 21, 70]
[0.0, 0.875, 0.3333333333333333, 0.9855072463768116]
[0.3550385868051772, 0.025427967501231597, 0.11682535439981102, 0.001640740665760608]
Accuracy: -1.0
[1, 8, 21, 70]
[0.0, 0.875, 0.47619047619047616, 0.9857142857142858]
[0.3550385868051772, 0.025427967501231597, 0.11682535439981102, 0.001640740665760608]
FScore: -1.0
[1, 8, 21, 70]
[0.0, 0.9333333333333333, 0.15384615384615383, 0.9927007299270074]
[0.3550385868051772, 0.025427967501231597, 0.11682535439981102, 0.001640740665760608]
Matthews: -0.6324555320336759
[1, 8, 21, 70]
[0.0, 0.0, -0.11677484162422845, 0.7019641181630338]
[0.3550385868051772, 0.025427967501231597, 0.11682535439981102, 0.001640740665760608]

Analysis for banana (5300)
Precision: -1.0
[2665, 500, 863, 1272]
[1.0, 0.012779552715654952, 0.96, 0.9804878048780488]
[0.01755283772213303, 0.3280506740659861, 0.16238114760300568, 0.06456087769489097]
Recall: -1.0
[2665, 500, 863, 1272]
[0.9983991462113126, 0.057971014492753624, 0.7083333333333334, 0.9925925925925926]
[0.01755283772213303, 0.3280506740659861, 0.16238114760300568, 0.06456087769489097]
Accuracy: -1.0
[2665, 500, 863, 1272]
[0.998874296435272, 0.252, 0.7856315179606026, 0.9913522012578616]
[0.01755283772213303, 0.3280506740659861, 0.16238114760300568, 0.06456087769489097]
FScore: -1.0
[2665, 500, 863, 1272]
[0.9991989319092123, 0.02094240837696335, 0.8151848151848152, 0.9865030674846627]
[0.01755283772213303, 0.3280506740659861, 0.16238114760300568, 0.06456087769489097]
Matthews: -1.0
[2665, 500, 863, 1272]
[0.997309810061938, -0.46971393018418295, 0.6116911557611686, 0.9801812944481041]
[0.01755283772213303, 0.3280506740659861, 0.16238114760300568, 0.06456087769489097]

Analysis for breast-cancer-original (650)
Precision: -0.7745966692414834
[421, 11, 59, 159]
[1.0, 0.0, 1.0, 1.0]
[0.0010606019504452184, 0.18094176773284548, 0.07454524295558525, 0.019661568357084217]
Recall: -0.8
[421, 11, 59, 159]
[0.9927360774818402, 0.0, 0.3333333333333333, 0.25]
[0.0010606019504452184, 0.18094176773284548, 0.07454524295558525, 0.019661568357084217]
Accuracy: -1.0
[421, 11, 59, 159]
[0.9928741092636579, 0.45454545454545453, 0.9322033898305084, 0.9811320754716981]
[0.0010606019504452184, 0.18094176773284548, 0.07454524295558525, 0.019661568357084217]
FScore: -0.8
[421, 11, 59, 159]
[0.9963547995139732, 0.0, 0.5, 0.4]
[0.0010606019504452184, 0.18094176773284548, 0.07454524295558525, 0.019661568357084217]
Matthews: -0.8
[421, 11, 59, 159]
[0.8496998732095041, 0.0, 0.5567239176358747, 0.49523041562182146]
[0.0010606019504452184, 0.18094176773284548, 0.07454524295558525, 0.019661568357084217]

Analysis for mammographic-masses (960)
Precision: -1.0
[156, 91, 192, 521]
[0.42857142857142855, 0.17307692307692307, 0.8024691358024691, 0.9969040247678018]
[0.1964531053429006, 0.33533579617304715, 0.09194447595174854, 0.03394824559198505]
Recall: -1.0
[156, 91, 192, 521]
[0.5909090909090909, 0.19148936170212766, 0.8333333333333334, 0.9938271604938271]
[0.1964531053429006, 0.33533579617304715, 0.09194447595174854, 0.03394824559198505]
Accuracy: -1.0
[156, 91, 192, 521]
[0.4935897435897436, 0.10989010989010989, 0.8489583333333334, 0.9942418426103646]
[0.1964531053429006, 0.33533579617304715, 0.09194447595174854, 0.03394824559198505]
FScore: -1.0
[156, 91, 192, 521]
[0.49681528662420377, 0.18181818181818182, 0.8176100628930817, 0.9953632148377125]
[0.1964531053429006, 0.33533579617304715, 0.09194447595174854, 0.03394824559198505]
Matthews: -1.0
[156, 91, 192, 521]
[0.01315903389919538, -0.7934948689359774, 0.6891566768372217, 0.987776536304812]
[0.1964531053429006, 0.33533579617304715, 0.09194447595174854, 0.03394824559198505]

Analysis for phoneme (5400)
Precision: 1.0
[1001, 773, 2955, 671]
[0.3431578947368421, 0.9723926380368099, 0.0, 0.9972826086956522]
[0.10291551344701824, 0.16372309561902637, 0.010194539304678589, 0.2906169809699887]
Recall: 0.2000000000000001
[1001, 773, 2955, 671]
[0.9588235294117647, 0.851006711409396, 0.0, 0.5477611940298508]
[0.10291551344701824, 0.16372309561902637, 0.010194539304678589, 0.2906169809699887]
Accuracy: -0.8
[1001, 773, 2955, 671]
[0.6813186813186813, 0.833117723156533, 0.9800338409475465, 0.5469448584202683]
[0.10291551344701824, 0.16372309561902637, 0.010194539304678589, 0.2906169809699887]
FScore: 0.8
[1001, 773, 2955, 671]
[0.5054263565891473, 0.9076592698639943, 0.0, 0.7071290944123314]
[0.10291551344701824, 0.16372309561902637, 0.010194539304678589, 0.2906169809699887]
Matthews: -0.39999999999999997
[1001, 773, 2955, 671]
[0.4386630704350063, 0.10703262680370164, 0.0, -0.03505580977287399]
[0.10291551344701824, 0.16372309561902637, 0.010194539304678589, 0.2906169809699887]

Analysis for pima (700)
Precision: -0.6324555320336759
[131, 143, 110, 316]
[1.0, 0.010752688172043012, 0.04, 1.0]
[0.08138433669389183, 0.18094010621589626, 0.07507364354347022, 0.018134894381589467]
Recall: -0.39999999999999997
[131, 143, 110, 316]
[0.576, 0.3333333333333333, 0.1111111111111111, 0.939297124600639]
[0.08138433669389183, 0.18094010621589626, 0.07507364354347022, 0.018134894381589467]
Accuracy: -1.0
[131, 143, 110, 316]
[0.5954198473282443, 0.34265734265734266, 0.7090909090909091, 0.939873417721519]
[0.08138433669389183, 0.18094010621589626, 0.07507364354347022, 0.018134894381589467]
FScore: -0.8
[131, 143, 110, 316]
[0.730964467005076, 0.020833333333333336, 0.058823529411764705, 0.9686985172981878]
[0.08138433669389183, 0.18094010621589626, 0.07507364354347022, 0.018134894381589467]
Matthews: -0.8
[131, 143, 110, 316]
[0.24202535236301315, -0.09731679256798083, -0.08274398473388951, 0.357891005106933]
[0.08138433669389183, 0.18094010621589626, 0.07507364354347022, 0.018134894381589467]

Analysis for ring (7400)
Precision: -0.0
[1019, 598, 1476, 4307]
[0.8007380073800738, 0.8843537414965986, 0.9910220994475138, 0.8627450980392157]
[0.11749584431381915, 0.24048316135046666, 0.035080645398127386, 0.02588463942872599]
Recall: -1.0
[1019, 598, 1476, 4307]
[0.8198992443324937, 0.22375215146299485, 0.987611837577426, 1.0]
[0.11749584431381915, 0.24048316135046666, 0.035080645398127386, 0.02588463942872599]
Accuracy: -0.8
[1019, 598, 1476, 4307]
[0.7006869479882237, 0.21739130434782608, 0.9789972899728997, 0.9691200371488274]
[0.11749584431381915, 0.24048316135046666, 0.035080645398127386, 0.02588463942872599]
FScore: -0.8
[1019, 598, 1476, 4307]
[0.8102053515868077, 0.35714285714285715, 0.9893140296449501, 0.9263157894736842]
[0.11749584431381915, 0.24048316135046666, 0.035080645398127386, 0.02588463942872599]
Matthews: -1.0
[1019, 598, 1476, 4307]
[0.1031774595464374, -0.2996166873767542, 0.3834878668884846, 0.9108714911055327]
[0.11749584431381915, 0.24048316135046666, 0.035080645398127386, 0.02588463942872599]

Analysis for spambase (4550)
Precision: -1.0
[307, 898, 513, 2832]
[0.11728395061728394, 0.926829268292683, 0.5297619047619048, 0.9985666507405638]
[0.2596088167408005, 0.05698703948973971, 0.13025398415536396, 0.011136258178537958]
Recall: -1.0
[307, 898, 513, 2832]
[0.1958762886597938, 0.8423645320197044, 0.6013513513513513, 0.990990990990991]
[0.2596088167408005, 0.05698703948973971, 0.13025398415536396, 0.011136258178537958]
Accuracy: -1.0
[307, 898, 513, 2832]
[0.28013029315960913, 0.8986636971046771, 0.7309941520467836, 0.992231638418079]
[0.2596088167408005, 0.05698703948973971, 0.13025398415536396, 0.011136258178537958]
FScore: -1.0
[307, 898, 513, 2832]
[0.1467181467181467, 0.8825806451612902, 0.5632911392405064, 0.9947643979057591]
[0.2596088167408005, 0.05698703948973971, 0.13025398415536396, 0.011136258178537958]
Matthews: -1.0
[307, 898, 513, 2832]
[-0.45171433857664584, 0.7966134911421455, 0.37159997426221764, 0.9798239703413043]
[0.2596088167408005, 0.05698703948973971, 0.13025398415536396, 0.011136258178537958]

Analysis for twonorm (7400)
Precision: -0.9486832980505138
[185, 4631, 621, 1963]
[0.15306122448979592, 1.0, 0.9822485207100592, 1.0]
[0.18480804945766352, 0.0036142531677770115, 0.07517298719093761, 0.022331708201381115]
Recall: -0.9486832980505138
[185, 4631, 621, 1963]
[0.18518518518518517, 1.0, 0.9822485207100592, 1.0]
[0.18480804945766352, 0.0036142531677770115, 0.07517298719093761, 0.022331708201381115]
Accuracy: -0.9486832980505138
[185, 4631, 621, 1963]
[0.1945945945945946, 1.0, 0.9806763285024155, 1.0]
[0.18480804945766352, 0.0036142531677770115, 0.07517298719093761, 0.022331708201381115]
FScore: -0.9486832980505138
[185, 4631, 621, 1963]
[0.16759776536312848, 1.0, 0.9822485207100592, 1.0]
[0.18480804945766352, 0.0036142531677770115, 0.07517298719093761, 0.022331708201381115]
Matthews: -0.9486832980505138
[185, 4631, 621, 1963]
[-0.609214570575917, 1.0, 0.9610471072824973, 1.0]
[0.18480804945766352, 0.0036142531677770115, 0.07517298719093761, 0.022331708201381115]

Analysis for wdbc (560)
Precision: 0.7745966692414834
[56, 77, 71, 356]
[1.0, 1.0, 1.0, 0.10526315789473684]
[0.04073129260084047, 0.019647679425532187, 0.00761237955864836, 0.001026735481264138]
Recall: -1.0
[56, 77, 71, 356]
[0.8035714285714286, 0.922077922077922, 0.9859154929577465, 1.0]
[0.04073129260084047, 0.019647679425532187, 0.00761237955864836, 0.001026735481264138]
Accuracy: -0.8
[56, 77, 71, 356]
[0.8035714285714286, 0.922077922077922, 0.9859154929577465, 0.952247191011236]
[0.04073129260084047, 0.019647679425532187, 0.00761237955864836, 0.001026735481264138]
FScore: 0.2000000000000001
[56, 77, 71, 356]
[0.8910891089108911, 0.9594594594594594, 0.9929078014184397, 0.1904761904761905]
[0.04073129260084047, 0.019647679425532187, 0.00761237955864836, 0.001026735481264138]
Matthews: -0.7745966692414834
[56, 77, 71, 356]
[0.0, 0.0, 0.0, 0.31655670501090716]
[0.04073129260084047, 0.019647679425532187, 0.00761237955864836, 0.001026735481264138]
