MultiResolutionExperiment(5, 10, MultiResolutionTransform(50, 0.15)

Analysis for appendicitis (100)
Precision: -0.288675134594813
[4, 13, 77, 5, 1]
[0.0, 0.0, 1.0, 0.0, 1.0]
[0.29770987295348833, 0.04014783391100697, 0.003969152097106022, 0.11325665133066291, 0.12756976114700883]
Recall: -0.11180339887498948
[4, 13, 77, 5, 1]
[0.0, 0.0, 0.9868421052631579, 0.0, 1.0]
[0.29770987295348833, 0.04014783391100697, 0.003969152097106022, 0.11325665133066291, 0.12756976114700883]
Accuracy: -0.39999999999999997
[4, 13, 77, 5, 1]
[0.0, 0.6153846153846154, 0.987012987012987, 0.2, 1.0]
[0.29770987295348833, 0.04014783391100697, 0.003969152097106022, 0.11325665133066291, 0.12756976114700883]
FScore: -0.11180339887498948
[4, 13, 77, 5, 1]
[0.0, 0.0, 0.9933774834437086, 0.0, 1.0]
[0.29770987295348833, 0.04014783391100697, 0.003969152097106022, 0.11325665133066291, 0.12756976114700883]
Matthews: -0.22360679774997896
[4, 13, 77, 5, 1]
[0.0, -0.23354968324845687, 0.7024393586862705, 0.0, 0.0]
[0.29770987295348833, 0.04014783391100697, 0.003969152097106022, 0.11325665133066291, 0.12756976114700883]

Analysis for banana (5300)
Precision: -0.8
[1411, 441, 475, 2420, 553]
[0.9973753280839895, 0.6388888888888888, 0.00641025641025641, 0.9961265332472563, 0.9916666666666667]
[0.05647733856925121, 0.1450793315691501, 0.32221566588664097, 0.011944947534256452, 0.16229933438608393]
Recall: -1.0
[1411, 441, 475, 2420, 553]
[0.9908735332464146, 0.71875, 0.031746031746031744, 0.9993523316062176, 0.6891891891891891]
[0.05647733856925121, 0.1450793315691501, 0.32221566588664097, 0.011944947534256452, 0.16229933438608393]
Accuracy: -1.0
[1411, 441, 475, 2420, 553]
[0.9936215450035436, 0.9501133786848073, 0.21894736842105264, 0.9971074380165289, 0.7034358047016275]
[0.05647733856925121, 0.1450793315691501, 0.32221566588664097, 0.011944947534256452, 0.16229933438608393]
FScore: -0.9
[1411, 441, 475, 2420, 553]
[0.9941137998691956, 0.676470588235294, 0.010666666666666668, 0.9977368250889104, 0.8132118451025057]
[0.05647733856925121, 0.1450793315691501, 0.32221566588664097, 0.011944947534256452, 0.16229933438608393]
Matthews: -1.0
[1411, 441, 475, 2420, 553]
[0.9871785476170656, 0.6508675093057931, -0.5148621288222478, 0.9937399512972894, 0.3082678341231279]
[0.05647733856925121, 0.1450793315691501, 0.32221566588664097, 0.011944947534256452, 0.16229933438608393]

Analysis for breast-cancer-original (650)
Precision: -0.5773502691896258
[11, 566, 12, 39, 22]
[1.0, 1.0, 0.0, 1.0, 0.0]
[0.07638027574036164, 5.067469209840986E-4, 0.14699228400920172, 0.01219069533985712, 0.04815437395824298]
Recall: -0.8207826816681233
[11, 566, 12, 39, 22]
[0.5, 0.9927007299270073, 0.0, 0.5714285714285714, 0.0]
[0.07638027574036164, 5.067469209840986E-4, 0.14699228400920172, 0.01219069533985712, 0.04815437395824298]
Accuracy: -0.9
[11, 566, 12, 39, 22]
[0.9090909090909091, 0.9946996466431095, 0.6666666666666666, 0.9230769230769231, 0.7727272727272727]
[0.07638027574036164, 5.067469209840986E-4, 0.14699228400920172, 0.01219069533985712, 0.04815437395824298]
FScore: -0.8207826816681233
[11, 566, 12, 39, 22]
[0.6666666666666666, 0.9963369963369962, 0.0, 0.7272727272727273, 0.0]
[0.07638027574036164, 5.067469209840986E-4, 0.14699228400920172, 0.01219069533985712, 0.04815437395824298]
Matthews: -0.8207826816681233
[11, 566, 12, 39, 22]
[0.6708203932499369, 0.9868393901189892, 0.0, 0.7228063223242011, 0.0]
[0.07638027574036164, 5.067469209840986E-4, 0.14699228400920172, 0.01219069533985712, 0.04815437395824298]

Analysis for mammographic-masses (960)
Precision: -0.9
[59, 94, 219, 487, 101]
[0.1111111111111111, 0.4482758620689655, 0.84, 0.9909365558912386, 0.26785714285714285]
[0.38259411698669304, 0.21070815594000675, 0.08019349221650698, 0.029887479215479837, 0.17792124263809508]
Recall: -1.0
[59, 94, 219, 487, 101]
[0.08571428571428572, 0.4727272727272727, 0.8513513513513513, 0.9879518072289156, 0.7894736842105263]
[0.38259411698669304, 0.21070815594000675, 0.08019349221650698, 0.029887479215479837, 0.17792124263809508]
Accuracy: -1.0
[59, 94, 219, 487, 101]
[0.05084745762711865, 0.35106382978723405, 0.8949771689497716, 0.9856262833675564, 0.5544554455445545]
[0.38259411698669304, 0.21070815594000675, 0.08019349221650698, 0.029887479215479837, 0.17792124263809508]
FScore: -0.9
[59, 94, 219, 487, 101]
[0.0967741935483871, 0.4601769911504425, 0.8456375838926175, 0.9894419306184011, 0.4]
[0.38259411698669304, 0.21070815594000675, 0.08019349221650698, 0.029887479215479837, 0.17792124263809508]
Matthews: -1.0
[59, 94, 219, 487, 101]
[-0.9014978717104176, -0.35250065803043024, 0.766097871719078, 0.9669448403738069, 0.2276106320735383]
[0.38259411698669304, 0.21070815594000675, 0.08019349221650698, 0.029887479215479837, 0.17792124263809508]

Analysis for phoneme (5400)
Precision: 0.9
[666, 646, 2826, 538, 724]
[0.9710144927536232, 0.6217391304347826, 0.12, 0.17966101694915254, 0.9976580796252927]
[0.15250511300605632, 0.05385022546562201, 0.008750157881012693, 0.12587804836830402, 0.27741658927770746]
Recall: -0.7000000000000001
[666, 646, 2826, 538, 724]
[0.8401253918495298, 0.910828025477707, 0.8571428571428571, 0.8833333333333333, 0.5892116182572614]
[0.15250511300605632, 0.05385022546562201, 0.008750157881012693, 0.12587804836830402, 0.27741658927770746]
Accuracy: -0.7000000000000001
[666, 646, 2826, 538, 724]
[0.8228228228228228, 0.8436532507739938, 0.9840764331210191, 0.5371747211895911, 0.5883977900552486]
[0.15250511300605632, 0.05385022546562201, 0.008750157881012693, 0.12587804836830402, 0.27741658927770746]
FScore: 0.8
[666, 646, 2826, 538, 724]
[0.9008403361344538, 0.7390180878552971, 0.21052631578947367, 0.29859154929577464, 0.7408695652173913]
[0.15250511300605632, 0.05385022546562201, 0.008750157881012693, 0.12587804836830402, 0.27741658927770746]
Matthews: -0.9
[666, 646, 2826, 538, 724]
[0.14316271231851885, 0.6565180028640567, 0.31730268170491016, 0.23849684976940194, -0.03101666779163009]
[0.15250511300605632, 0.05385022546562201, 0.008750157881012693, 0.12587804836830402, 0.27741658927770746]

Analysis for pima (700)
Precision: -0.7000000000000001
[85, 60, 112, 362, 81]
[0.16, 0.0, 1.0, 0.9801980198019802, 0.022727272727272728]
[0.05857178621666169, 0.24097303218806465, 0.08103428183241594, 0.018242586425441246, 0.14729540286488166]
Recall: -0.7000000000000001
[85, 60, 112, 362, 81]
[0.23529411764705882, 0.0, 0.616822429906542, 0.9195046439628483, 0.3333333333333333]
[0.05857178621666169, 0.24097303218806465, 0.08103428183241594, 0.018242586425441246, 0.14729540286488166]
Accuracy: -0.9
[85, 60, 112, 362, 81]
[0.6, 0.23333333333333334, 0.6339285714285714, 0.9116022099447514, 0.4444444444444444]
[0.05857178621666169, 0.24097303218806465, 0.08103428183241594, 0.018242586425441246, 0.14729540286488166]
FScore: -0.9
[85, 60, 112, 362, 81]
[0.19047619047619052, 0.0, 0.7630057803468209, 0.9488817891373802, 0.04255319148936171]
[0.05857178621666169, 0.24097303218806465, 0.08103428183241594, 0.018242586425441246, 0.14729540286488166]
Matthews: -0.5
[85, 60, 112, 362, 81]
[-0.06454972243679027, 0.0, 0.2589322619802124, 0.6427193086440132, -0.08262948521945317]
[0.05857178621666169, 0.24097303218806465, 0.08103428183241594, 0.018242586425441246, 0.14729540286488166]

Analysis for ring (7400)
Precision: -0.6
[777, 885, 497, 599, 4642]
[0.9919246298788694, 0.07196969696969698, 0.8817204301075269, 0.9013761467889908, 0.9891363389462249]
[0.04877681618985241, 0.08518686345122782, 0.27447044844507523, 0.13995500468693758, 0.017965801631385277]
Recall: -0.7000000000000001
[777, 885, 497, 599, 4642]
[0.9583875162548765, 1.0, 0.16872427983539096, 0.7081081081081081, 0.9923705722070845]
[0.04877681618985241, 0.08518686345122782, 0.27447044844507523, 0.13995500468693758, 0.017965801631385277]
Accuracy: -1.0
[777, 885, 497, 599, 4642]
[0.9510939510939511, 0.7231638418079096, 0.16498993963782696, 0.657762938230384, 0.992675570874623]
[0.04877681618985241, 0.08518686345122782, 0.27447044844507523, 0.13995500468693758, 0.017965801631385277]
FScore: -0.7000000000000001
[777, 885, 497, 599, 4642]
[0.9748677248677249, 0.13427561837455831, 0.28324697754749567, 0.79313824419778, 0.9907508161044614]
[0.04877681618985241, 0.08518686345122782, 0.27447044844507523, 0.13995500468693758, 0.017965801631385277]
Matthews: -0.9
[777, 885, 497, 599, 4642]
[0.10283619435336025, 0.22717560385383187, -0.3135648810742775, -0.15778065536718075, 0.9846916701732864]
[0.04877681618985241, 0.08518686345122782, 0.27447044844507523, 0.13995500468693758, 0.017965801631385277]

Analysis for spambase (4550)
Precision: -0.9
[341, 1417, 661, 441, 1690]
[0.09302325581395349, 0.9954001839926403, 0.8933823529411765, 0.3333333333333333, 0.9932203389830508]
[0.29778151158226424, 0.0380378088334722, 0.09756560279016782, 0.1635219838194197, 0.004861594811114747]
Recall: -1.0
[341, 1417, 661, 441, 1690]
[0.2, 0.97214734950584, 0.7341389728096677, 0.4909090909090909, 0.9923793395427604]
[0.29778151158226424, 0.0380378088334722, 0.09756560279016782, 0.1635219838194197, 0.004861594811114747]
Accuracy: -1.0
[341, 1417, 661, 441, 1690]
[0.3548387096774194, 0.9745942131263232, 0.8229954614220878, 0.8140589569160998, 0.9899408284023669]
[0.29778151158226424, 0.0380378088334722, 0.09756560279016782, 0.1635219838194197, 0.004861594811114747]
FScore: -1.0
[341, 1417, 661, 441, 1690]
[0.12698412698412698, 0.9836363636363636, 0.8059701492537312, 0.3970588235294118, 0.9927996611605252]
[0.29778151158226424, 0.0380378088334722, 0.09756560279016782, 0.1635219838194197, 0.004861594811114747]
Matthews: -1.0
[341, 1417, 661, 441, 1690]
[-0.33706566652284936, 0.9281842812731559, 0.6566275716333014, 0.29950500850195794, 0.9761176118243119]
[0.29778151158226424, 0.0380378088334722, 0.09756560279016782, 0.1635219838194197, 0.004861594811114747]

Analysis for twonorm (7400)
Precision: -0.9746794344808963
[155, 2132, 1004, 3701, 408]
[0.16666666666666666, 1.0, 0.9980276134122288, 1.0, 0.920704845814978]
[0.19711628668107314, 0.012262887747327636, 0.03737007536352482, 0.0022367183166849477, 0.09242272654338404]
Recall: -0.8944271909999159
[155, 2132, 1004, 3701, 408]
[0.20588235294117646, 1.0, 1.0, 1.0, 0.920704845814978]
[0.19711628668107314, 0.012262887747327636, 0.03737007536352482, 0.0022367183166849477, 0.09242272654338404]
Accuracy: -0.9746794344808963
[155, 2132, 1004, 3701, 408]
[0.2, 1.0, 0.999003984063745, 1.0, 0.9117647058823529]
[0.19711628668107314, 0.012262887747327636, 0.03737007536352482, 0.0022367183166849477, 0.09242272654338404]
FScore: -0.9746794344808963
[155, 2132, 1004, 3701, 408]
[0.18421052631578944, 1.0, 0.9990128331688055, 1.0, 0.920704845814978]
[0.19711628668107314, 0.012262887747327636, 0.03737007536352482, 0.0022367183166849477, 0.09242272654338404]
Matthews: -0.9746794344808963
[155, 2132, 1004, 3701, 408]
[-0.5963011635841016, 1.0, 0.9980097904827151, 1.0, 0.8212573320028232]
[0.19711628668107314, 0.012262887747327636, 0.03737007536352482, 0.0022367183166849477, 0.09242272654338404]

Analysis for wdbc (560)
Precision: 0.9733285267845752
[58, 0, 0, 51, 451]
[1.0, 0.0, 0.0, 1.0, 0.8468468468468469]
[0.06481603876148614, 0.0, 0.0, 0.017210843224518057, 0.0022019709368588094]
Recall: 0.5789473684210527
[58, 0, 0, 51, 451]
[0.8103448275862069, 0.0, 0.0, 0.9215686274509803, 0.9690721649484536]
[0.06481603876148614, 0.0, 0.0, 0.017210843224518057, 0.0022019709368588094]
Accuracy: 0.5789473684210527
[58, 0, 0, 51, 451]
[0.8103448275862069, 0.0, 0.0, 0.9215686274509803, 0.9556541019955654]
[0.06481603876148614, 0.0, 0.0, 0.017210843224518057, 0.0022019709368588094]
FScore: 0.6842105263157895
[58, 0, 0, 51, 451]
[0.8952380952380952, 0.0, 0.0, 0.9591836734693878, 0.903846153846154]
[0.06481603876148614, 0.0, 0.0, 0.017210843224518057, 0.0022019709368588094]
Matthews: 0.0
[58, 0, 0, 51, 451]
[0.0, 0.0, 0.0, 0.0, 0.8785562092929292]
[0.06481603876148614, 0.0, 0.0, 0.017210843224518057, 0.0022019709368588094]
