MultiResolutionExperiment(3, 10, MultiResolutionTransform(40, 0.20)

Analysis for appendicitis (100)
Precision: -0.8660254037844386
[7, 78, 15]
[0.0, 1.0, 0.0]
[0.25047075050982803, 0.006207587544651585, 0.060490075475725186]
Recall: -0.8660254037844386
[7, 78, 15]
[0.0, 0.987012987012987, 0.0]
[0.25047075050982803, 0.006207587544651585, 0.060490075475725186]
Accuracy: -1.0
[7, 78, 15]
[0.14285714285714285, 0.9871794871794872, 0.5333333333333333]
[0.25047075050982803, 0.006207587544651585, 0.060490075475725186]
FScore: -0.8660254037844386
[7, 78, 15]
[0.0, 0.9934640522875817, 0.0]
[0.25047075050982803, 0.006207587544651585, 0.060490075475725186]
Matthews: -0.5
[7, 78, 15]
[0.0, 0.7025001733142089, -0.30151134457776363]
[0.25047075050982803, 0.006207587544651585, 0.060490075475725186]

Analysis for banana (5300)
Precision: -1.0
[622, 3061, 1617]
[0.03003003003003003, 0.997002997002997, 0.9926900584795322]
[0.30636406147245276, 0.026147694722790178, 0.1188178370354502]
Recall: -1.0
[622, 3061, 1617]
[0.0847457627118644, 0.9984992496248124, 0.8413878562577447]
[0.30636406147245276, 0.026147694722790178, 0.1188178370354502]
Accuracy: -1.0
[622, 3061, 1617]
[0.3070739549839228, 0.9970597843841882, 0.9177489177489178]
[0.30636406147245276, 0.026147694722790178, 0.1188178370354502]
FScore: -1.0
[622, 3061, 1617]
[0.044345898004434586, 0.9977505623594102, 0.9107981220657276]
[0.30636406147245276, 0.026147694722790178, 0.1188178370354502]
Matthews: -1.0
[622, 3061, 1617]
[-0.4371791205151536, 0.9935096145385561, 0.8452957748564464]
[0.30636406147245276, 0.026147694722790178, 0.1188178370354502]

Analysis for breast-cancer-original (650)
Precision: -0.8660254037844386
[578, 17, 55]
[1.0, 0.0, 1.0]
[9.848054282615018E-4, 0.14270009610757523, 0.039668141400706965]
Recall: -1.0
[578, 17, 55]
[0.9903846153846154, 0.0, 0.14285714285714285]
[9.848054282615018E-4, 0.14270009610757523, 0.039668141400706965]
Accuracy: -1.0
[578, 17, 55]
[0.9930795847750865, 0.6470588235294118, 0.8909090909090909]
[9.848054282615018E-4, 0.14270009610757523, 0.039668141400706965]
FScore: -1.0
[578, 17, 55]
[0.9951690821256038, 0.0, 0.25]
[9.848054282615018E-4, 0.14270009610757523, 0.039668141400706965]
Matthews: -1.0
[578, 17, 55]
[0.9831174527274325, 0.0, 0.3563483225498992]
[9.848054282615018E-4, 0.14270009610757523, 0.039668141400706965]

Analysis for mammographic-masses (960)
Precision: -1.0
[132, 519, 309]
[0.2692307692307692, 0.9881305637982196, 0.6136363636363636]
[0.31217479674138804, 0.03475725598016488, 0.12304640126427882]
Recall: -1.0
[132, 519, 309]
[0.28378378378378377, 0.9823008849557522, 0.7941176470588235]
[0.31217479674138804, 0.03475725598016488, 0.12304640126427882]
Accuracy: -1.0
[132, 519, 309]
[0.16666666666666666, 0.9807321772639692, 0.7669902912621359]
[0.31217479674138804, 0.03475725598016488, 0.12304640126427882]
FScore: -1.0
[132, 519, 309]
[0.27631578947368424, 0.9852071005917159, 0.6923076923076923]
[0.31217479674138804, 0.03475725598016488, 0.12304640126427882]
Matthews: -1.0
[132, 519, 309]
[-0.7055815512267397, 0.9576179433219922, 0.5206990432791453]
[0.31217479674138804, 0.03475725598016488, 0.12304640126427882]

Analysis for phoneme (5400)
Precision: 1.0
[1074, 3110, 1216]
[0.507223113964687, 0.23076923076923078, 0.9963724304715841]
[0.10833354400400617, 0.01398229790978318, 0.24972928902481573]
Recall: -1.0
[1074, 3110, 1216]
[0.8977272727272727, 0.96, 0.6821192052980133]
[0.10833354400400617, 0.01398229790978318, 0.24972928902481573]
Accuracy: -0.5
[1074, 3110, 1216]
[0.680633147113594, 0.9739549839228295, 0.6817434210526315]
[0.10833354400400617, 0.01398229790978318, 0.24972928902481573]
FScore: 1.0
[1074, 3110, 1216]
[0.6482051282051282, 0.37209302325581395, 0.80982800982801]
[0.10833354400400617, 0.01398229790978318, 0.24972928902481573]
Matthews: -1.0
[1074, 3110, 1216]
[0.44939412151811636, 0.4639433540296629, 0.05323017335316573]
[0.10833354400400617, 0.01398229790978318, 0.24972928902481573]

Analysis for pima (700)
Precision: -1.0
[133, 166, 401]
[0.0, 0.6271186440677966, 0.9821958456973294]
[0.2059397533301009, 0.08079138634241416, 0.02670676016994636]
Recall: -1.0
[133, 166, 401]
[0.0, 0.4567901234567901, 0.8994565217391305]
[0.2059397533301009, 0.08079138634241416, 0.02670676016994636]
Accuracy: -1.0
[133, 166, 401]
[0.3308270676691729, 0.6024096385542169, 0.8927680798004988]
[0.2059397533301009, 0.08079138634241416, 0.02670676016994636]
FScore: -1.0
[133, 166, 401]
[0.0, 0.5285714285714286, 0.9390070921985816]
[0.2059397533301009, 0.08079138634241416, 0.02670676016994636]
Matthews: -1.0
[133, 166, 401]
[-0.12171612389003693, 0.20674070307703457, 0.5384948754785743]
[0.2059397533301009, 0.08079138634241416, 0.02670676016994636]

Analysis for ring (7400)
Precision: -0.5
[700, 1191, 5509]
[0.9047619047619048, 0.8333333333333334, 0.9371215649743828]
[0.2580571975139199, 0.09771357914038085, 0.027343983350894996]
Recall: -1.0
[700, 1191, 5509]
[0.27941176470588236, 0.8872651356993737, 0.9930898321816387]
[0.2580571975139199, 0.09771357914038085, 0.027343983350894996]
Accuracy: -1.0
[700, 1191, 5509]
[0.2714285714285714, 0.7665827036104114, 0.9729533490651661]
[0.2580571975139199, 0.09771357914038085, 0.027343983350894996]
FScore: -1.0
[700, 1191, 5509]
[0.42696629213483145, 0.8594539939332658, 0.9642942727054876]
[0.2580571975139199, 0.09771357914038085, 0.027343983350894996]
Matthews: -1.0
[700, 1191, 5509]
[-0.2619684159977919, 0.17834478339837875, 0.9435832482116191]
[0.2580571975139199, 0.09771357914038085, 0.027343983350894996]

Analysis for spambase (4550)
Precision: -1.0
[664, 1095, 2791]
[0.1336206896551724, 0.9147121535181236, 0.9947393591582975]
[0.24989132489009613, 0.0926078061083639, 0.018285369994821513]
Recall: -1.0
[664, 1095, 2791]
[0.25203252032520324, 0.8171428571428572, 0.9848484848484849]
[0.24989132489009613, 0.0926078061083639, 0.018285369994821513]
Accuracy: -1.0
[664, 1095, 2791]
[0.5587349397590361, 0.8757990867579909, 0.9845933357219635]
[0.24989132489009613, 0.0926078061083639, 0.018285369994821513]
FScore: -1.0
[664, 1095, 2791]
[0.17464788732394365, 0.86317907444668, 0.9897692124672853]
[0.24989132489009613, 0.0926078061083639, 0.018285369994821513]
Matthews: -1.0
[664, 1095, 2791]
[-0.09737317190504252, 0.754128146935347, 0.9587864308273558]
[0.24989132489009613, 0.0926078061083639, 0.018285369994821513]

Analysis for twonorm (7400)
Precision: -1.0
[426, 4941, 2033]
[0.6133333333333333, 1.0, 0.998025666337611]
[0.1469883371185585, 0.0055374067790418344, 0.03600391920366771]
Recall: -0.8660254037844386
[426, 4941, 2033]
[0.6571428571428571, 1.0, 1.0]
[0.1469883371185585, 0.0055374067790418344, 0.03600391920366771]
Accuracy: -1.0
[426, 4941, 2033]
[0.6267605633802817, 1.0, 0.9990162321692081]
[0.1469883371185585, 0.0055374067790418344, 0.03600391920366771]
FScore: -1.0
[426, 4941, 2033]
[0.6344827586206896, 1.0, 0.9990118577075099]
[0.1469883371185585, 0.0055374067790418344, 0.03600391920366771]
Matthews: -1.0
[426, 4941, 2033]
[0.2547444458389181, 1.0, 0.9980343595497315]
[0.1469883371185585, 0.0055374067790418344, 0.03600391920366771]

Analysis for wdbc (560)
Precision: 1.0
[60, 62, 438]
[1.0, 0.9824561403508771, 0.8383838383838383]
[0.07062374829681774, 0.017859612464821185, 0.0025941600197813856]
Recall: -1.0
[60, 62, 438]
[0.8166666666666667, 0.9180327868852459, 0.9764705882352941]
[0.07062374829681774, 0.017859612464821185, 0.0025941600197813856]
Accuracy: -1.0
[60, 62, 438]
[0.8166666666666667, 0.9032258064516129, 0.958904109589041]
[0.07062374829681774, 0.017859612464821185, 0.0025941600197813856]
FScore: -0.5
[60, 62, 438]
[0.8990825688073394, 0.9491525423728813, 0.9021739130434783]
[0.07062374829681774, 0.017859612464821185, 0.0025941600197813856]
Matthews: -0.5
[60, 62, 438]
[0.0, -0.0379212510700133, 0.8804335747384419]
[0.07062374829681774, 0.017859612464821185, 0.0025941600197813856]
