MultiResolutionExperiment(3, 10, MultiResolutionTransform(20, 0.20)

Analysis for appendicitis (100)
Precision: -0.8660254037844386
[7, 78, 15]
[0.0, 1.0, 0.0]
[0.2668704554409486, 0.006614625540315249, 0.06747641517709381]
Recall: -0.8660254037844386
[7, 78, 15]
[0.0, 0.987012987012987, 0.0]
[0.2668704554409486, 0.006614625540315249, 0.06747641517709381]
Accuracy: -1.0
[7, 78, 15]
[0.14285714285714285, 0.9871794871794872, 0.5333333333333333]
[0.2668704554409486, 0.006614625540315249, 0.06747641517709381]
FScore: -0.8660254037844386
[7, 78, 15]
[0.0, 0.9934640522875817, 0.0]
[0.2668704554409486, 0.006614625540315249, 0.06747641517709381]
Matthews: -0.5
[7, 78, 15]
[0.0, 0.7025001733142089, -0.30151134457776363]
[0.2668704554409486, 0.006614625540315249, 0.06747641517709381]

Analysis for banana (5300)
Precision: -1.0
[631, 3048, 1621]
[0.03582089552238806, 0.9970044932601099, 0.9926578560939795]
[0.3199803590107255, 0.028595156547948274, 0.12483841289245255]
Recall: -1.0
[631, 3048, 1621]
[0.0967741935483871, 0.9985, 0.845]
[0.3199803590107255, 0.028595156547948274, 0.12483841289245255]
Accuracy: -1.0
[631, 3048, 1621]
[0.31061806656101426, 0.9970472440944882, 0.9204194941394201]
[0.3199803590107255, 0.028595156547948274, 0.12483841289245255]
FScore: -1.0
[631, 3048, 1621]
[0.0522875816993464, 0.9977516862353235, 0.9128966914247131]
[0.3199803590107255, 0.028595156547948274, 0.12483841289245255]
Matthews: -1.0
[631, 3048, 1621]
[-0.43021633432389067, 0.9934540121745962, 0.8497562964324923]
[0.3199803590107255, 0.028595156547948274, 0.12483841289245255]

Analysis for breast-cancer-original (650)
Precision: -0.8660254037844386
[578, 17, 55]
[1.0, 0.0, 1.0]
[0.0011039848234717872, 0.1545733848343358, 0.044208335108341115]
Recall: -1.0
[578, 17, 55]
[0.9903846153846154, 0.0, 0.14285714285714285]
[0.0011039848234717872, 0.1545733848343358, 0.044208335108341115]
Accuracy: -1.0
[578, 17, 55]
[0.9930795847750865, 0.6470588235294118, 0.8909090909090909]
[0.0011039848234717872, 0.1545733848343358, 0.044208335108341115]
FScore: -1.0
[578, 17, 55]
[0.9951690821256038, 0.0, 0.25]
[0.0011039848234717872, 0.1545733848343358, 0.044208335108341115]
Matthews: -1.0
[578, 17, 55]
[0.9831174527274325, 0.0, 0.3563483225498992]
[0.0011039848234717872, 0.1545733848343358, 0.044208335108341115]

Analysis for mammographic-masses (960)
Precision: -1.0
[132, 519, 309]
[0.2692307692307692, 0.9881305637982196, 0.6136363636363636]
[0.3273796677124517, 0.0369380116834654, 0.1303293332800965]
Recall: -1.0
[132, 519, 309]
[0.28378378378378377, 0.9823008849557522, 0.7941176470588235]
[0.3273796677124517, 0.0369380116834654, 0.1303293332800965]
Accuracy: -1.0
[132, 519, 309]
[0.16666666666666666, 0.9807321772639692, 0.7669902912621359]
[0.3273796677124517, 0.0369380116834654, 0.1303293332800965]
FScore: -1.0
[132, 519, 309]
[0.27631578947368424, 0.9852071005917159, 0.6923076923076923]
[0.3273796677124517, 0.0369380116834654, 0.1303293332800965]
Matthews: -1.0
[132, 519, 309]
[-0.7055815512267397, 0.9576179433219922, 0.5206990432791453]
[0.3273796677124517, 0.0369380116834654, 0.1303293332800965]

Analysis for phoneme (5400)
Precision: 1.0
[1072, 3107, 1221]
[0.5088282504012841, 0.19801980198019803, 0.9963855421686747]
[0.11478423279588411, 0.014997555073640464, 0.26450043795785844]
Recall: -1.0
[1072, 3107, 1221]
[0.9031339031339032, 0.9523809523809523, 0.6817807089859852]
[0.11478423279588411, 0.014997555073640464, 0.26450043795785844]
Accuracy: -1.0
[1072, 3107, 1221]
[0.6828358208955224, 0.9736079819761828, 0.6814086814086814]
[0.11478423279588411, 0.014997555073640464, 0.26450043795785844]
FScore: 1.0
[1072, 3107, 1221]
[0.6509240246406571, 0.3278688524590164, 0.809593734703867]
[0.11478423279588411, 0.014997555073640464, 0.26450043795785844]
Matthews: -0.5
[1072, 3107, 1221]
[0.4553429520420352, 0.4278839259823657, 0.05304885515292788]
[0.11478423279588411, 0.014997555073640464, 0.26450043795785844]

Analysis for pima (700)
Precision: -1.0
[133, 167, 400]
[0.0, 0.6206896551724138, 0.9822485207100592]
[0.22005505378148946, 0.08739523112995545, 0.02879455822646247]
Recall: -1.0
[133, 167, 400]
[0.0, 0.4444444444444444, 0.9021739130434783]
[0.22005505378148946, 0.08739523112995545, 0.02879455822646247]
Accuracy: -1.0
[133, 167, 400]
[0.3308270676691729, 0.5988023952095808, 0.895]
[0.22005505378148946, 0.08739523112995545, 0.02879455822646247]
FScore: -1.0
[133, 167, 400]
[0.0, 0.5179856115107913, 0.9405099150141644]
[0.22005505378148946, 0.08739523112995545, 0.02879455822646247]
Matthews: -1.0
[133, 167, 400]
[-0.12171612389003693, 0.19800510361109153, 0.535738223732365]
[0.22005505378148946, 0.08739523112995545, 0.02879455822646247]

Analysis for ring (7400)
Precision: -0.5
[707, 1200, 5493]
[0.9128440366972477, 0.8372093023255814, 0.9351198871650211]
[0.27313859646869915, 0.10382004197536021, 0.029470741988697067]
Recall: -1.0
[707, 1200, 5493]
[0.28924418604651164, 0.8879753340184995, 0.9930104842735896]
[0.27313859646869915, 0.10382004197536021, 0.029470741988697067]
Accuracy: -1.0
[707, 1200, 5493]
[0.2814710042432815, 0.7691666666666667, 0.9723284179865284]
[0.27313859646869915, 0.10382004197536021, 0.029470741988697067]
FScore: -1.0
[707, 1200, 5493]
[0.4392935982339956, 0.8618453865336657, 0.9631961259079903]
[0.27313859646869915, 0.10382004197536021, 0.029470741988697067]
Matthews: -1.0
[707, 1200, 5493]
[-0.24889075442480396, 0.16691890562634365, 0.9421475782266941]
[0.27313859646869915, 0.10382004197536021, 0.029470741988697067]

Analysis for spambase (4550)
Precision: -1.0
[669, 1104, 2777]
[0.13304721030042918, 0.918580375782881, 0.9947115384615385]
[0.2638959434090427, 0.09816908100977147, 0.01973081656727359]
Recall: -1.0
[669, 1104, 2777]
[0.25203252032520324, 0.8208955223880597, 0.9847691575440266]
[0.2638959434090427, 0.09816908100977147, 0.01973081656727359]
Accuracy: -1.0
[669, 1104, 2777]
[0.5605381165919282, 0.8777173913043478, 0.9845156643860281]
[0.2638959434090427, 0.09816908100977147, 0.01973081656727359]
FScore: -1.0
[669, 1104, 2777]
[0.1741573033707865, 0.8669950738916256, 0.9897153790959101]
[0.2638959434090427, 0.09816908100977147, 0.01973081656727359]
Matthews: -1.0
[669, 1104, 2777]
[-0.09588597736549422, 0.7585801896844138, 0.9585981426371896]
[0.2638959434090427, 0.09816908100977147, 0.01973081656727359]

Analysis for twonorm (7400)
Precision: -1.0
[408, 4936, 2056]
[0.6009174311926605, 1.0, 0.9980372914622179]
[0.1599088569020137, 0.006401480790894514, 0.039946468311265304]
Recall: -1.0
[408, 4936, 2056]
[0.6485148514851485, 1.0, 0.9990176817288802]
[0.1599088569020137, 0.006401480790894514, 0.039946468311265304]
Accuracy: -1.0
[408, 4936, 2056]
[0.6127450980392157, 1.0, 0.9985408560311284]
[0.1599088569020137, 0.006401480790894514, 0.039946468311265304]
FScore: -1.0
[408, 4936, 2056]
[0.6238095238095238, 1.0, 0.9985272459499264]
[0.1599088569020137, 0.006401480790894514, 0.039946468311265304]
Matthews: -1.0
[408, 4936, 2056]
[0.22670838142298894, 1.0, 0.997081935341307]
[0.1599088569020137, 0.006401480790894514, 0.039946468311265304]

Analysis for wdbc (560)
Precision: 1.0
[61, 64, 435]
[1.0, 0.9830508474576272, 0.8333333333333334]
[0.07867868762786237, 0.021043043926645195, 0.0030511610501056385]
Recall: -1.0
[61, 64, 435]
[0.819672131147541, 0.9206349206349206, 0.975609756097561]
[0.07867868762786237, 0.021043043926645195, 0.0030511610501056385]
Accuracy: -1.0
[61, 64, 435]
[0.819672131147541, 0.90625, 0.9586206896551724]
[0.07867868762786237, 0.021043043926645195, 0.0030511610501056385]
FScore: 0.5
[61, 64, 435]
[0.9009009009009009, 0.9508196721311476, 0.8988764044943819]
[0.07867868762786237, 0.021043043926645195, 0.0030511610501056385]
Matthews: -0.5
[61, 64, 435]
[0.0, -0.036676570677971795, 0.8773529771454619]
[0.07867868762786237, 0.021043043926645195, 0.0030511610501056385]
