MultiResolutionExperiment(3, 10, MultiResolutionTransform(20, 0.30))

Analysis for appendicitis (100)
Precision: -0.8660254037844386
[20, 76, 4]
[0.0, 1.0, 1.0]
[0.18402309339601722, 0.005168647471242223, 0.11087790725718064]
Recall: -1.0
[20, 76, 4]
[0.0, 0.9868421052631579, 0.25]
[0.18402309339601722, 0.005168647471242223, 0.11087790725718064]
Accuracy: -0.5
[20, 76, 4]
[0.5, 0.9868421052631579, 0.25]
[0.18402309339601722, 0.005168647471242223, 0.11087790725718064]
FScore: -1.0
[20, 76, 4]
[0.0, 0.9933774834437086, 0.4]
[0.18402309339601722, 0.005168647471242223, 0.11087790725718064]
Matthews: NaN
[20, 76, 4]
[0.0, 0.0, 0.0]
[0.18402309339601722, 0.005168647471242223, 0.11087790725718064]

Analysis for banana (5300)
Precision: -1.0
[643, 3161, 1496]
[0.04451038575667656, 1.0, 0.9725400457665904]
[0.32475528946593196, 0.05259089917233351, 0.1340605349995815]
Recall: -1.0
[643, 3161, 1496]
[0.1171875, 0.9824945295404814, 0.8317025440313112]
[0.32475528946593196, 0.05259089917233351, 0.1340605349995815]
Accuracy: -1.0
[643, 3161, 1496]
[0.3234836702954899, 0.987345776652958, 0.9344919786096256]
[0.32475528946593196, 0.05259089917233351, 0.1340605349995815]
FScore: -1.0
[643, 3161, 1496]
[0.06451612903225806, 0.9911699779249449, 0.8966244725738396]
[0.32475528946593196, 0.05259089917233351, 0.1340605349995815]
Matthews: -1.0
[643, 3161, 1496]
[-0.4062036787238456, 0.9693249394780742, 0.8546716908302097]
[0.32475528946593196, 0.05259089917233351, 0.1340605349995815]

Analysis for breast-cancer-original (650)
Precision: NaN
[415, 51, 184]
[1.0, 1.0, 1.0]
[0.0011681973019062157, 0.12381603128073415, 0.033046407926705254]
Recall: -1.0
[415, 51, 184]
[0.9879518072289156, 0.09090909090909091, 0.6666666666666666]
[0.0011681973019062157, 0.12381603128073415, 0.033046407926705254]
Accuracy: -0.5
[415, 51, 184]
[0.9879518072289156, 0.803921568627451, 0.9945652173913043]
[0.0011681973019062157, 0.12381603128073415, 0.033046407926705254]
FScore: -1.0
[415, 51, 184]
[0.993939393939394, 0.16666666666666669, 0.8]
[0.0011681973019062157, 0.12381603128073415, 0.033046407926705254]
Matthews: 0.5
[415, 51, 184]
[0.0, 0.26967994498529685, 0.814250368746409]
[0.0011681973019062157, 0.12381603128073415, 0.033046407926705254]

Analysis for mammographic-masses (960)
Precision: -1.0
[139, 510, 311]
[0.25, 0.9969604863221885, 0.6304347826086957]
[0.32157638736248356, 0.04211605716550049, 0.14133813708824172]
Recall: -1.0
[139, 510, 311]
[0.273972602739726, 0.9939393939393939, 0.7767857142857143]
[0.32157638736248356, 0.04211605716550049, 0.14133813708824172]
Accuracy: -1.0
[139, 510, 311]
[0.18705035971223022, 0.9941176470588236, 0.7556270096463023]
[0.32157638736248356, 0.04211605716550049, 0.14133813708824172]
FScore: -1.0
[139, 510, 311]
[0.26143790849673204, 0.9954476479514416, 0.6960000000000001]
[0.32157638736248356, 0.04211605716550049, 0.14133813708824172]
Matthews: -1.0
[139, 510, 311]
[-0.6416778221370824, 0.9871465260072645, 0.5029181189294671]
[0.32157638736248356, 0.04211605716550049, 0.14133813708824172]

Analysis for phoneme (5400)
Precision: 1.0
[1046, 3175, 1179]
[0.5720789074355084, 0.0, 1.0]
[0.13711711479610392, 0.018073358335176436, 0.2815784879619552]
Recall: 0.5
[1046, 3175, 1179]
[0.9285714285714286, 0.0, 0.6675148430873622]
[0.13711711479610392, 0.018073358335176436, 0.2815784879619552]
Accuracy: -1.0
[1046, 3175, 1179]
[0.7026768642447419, 0.9659842519685039, 0.6675148430873622]
[0.13711711479610392, 0.018073358335176436, 0.2815784879619552]
FScore: 1.0
[1046, 3175, 1179]
[0.707981220657277, 0.0, 0.8006103763987792]
[0.13711711479610392, 0.018073358335176436, 0.2815784879619552]
Matthews: 0.0
[1046, 3175, 1179]
[0.4925235006458687, 0.0, 0.0]
[0.13711711479610392, 0.018073358335176436, 0.2815784879619552]

Analysis for pima (700)
Precision: -1.0
[148, 135, 417]
[0.21052631578947367, 0.0, 1.0]
[0.11218214914662653, 0.2249851573491581, 0.039830789779403415]
Recall: -1.0
[148, 135, 417]
[0.25, 0.0, 0.8674698795180723]
[0.11218214914662653, 0.2249851573491581, 0.039830789779403415]
Accuracy: -1.0
[148, 135, 417]
[0.6351351351351351, 0.34074074074074073, 0.86810551558753]
[0.11218214914662653, 0.2249851573491581, 0.039830789779403415]
FScore: -1.0
[148, 135, 417]
[0.22857142857142856, 0.0, 0.9290322580645161]
[0.11218214914662653, 0.2249851573491581, 0.039830789779403415]
Matthews: -1.0
[148, 135, 417]
[-0.008123774386258636, -0.19972151297700907, 0.17446357680677382]
[0.11218214914662653, 0.2249851573491581, 0.039830789779403415]

Analysis for ring (7400)
Precision: 0.5
[1946, 4443, 1011]
[0.9681020733652312, 0.7902298850574713, 0.8982300884955752]
[0.07063729388195368, 0.035443230824769426, 0.2373823523719179]
Recall: -1.0
[1946, 4443, 1011]
[0.97016515716569, 1.0, 0.42203742203742206]
[0.07063729388195368, 0.035443230824769426, 0.2373823523719179]
Accuracy: -1.0
[1946, 4443, 1011]
[0.9403905447070915, 0.950708980418636, 0.4045499505440158]
[0.07063729388195368, 0.035443230824769426, 0.2373823523719179]
FScore: -0.5
[1946, 4443, 1011]
[0.9691325172964343, 0.8828250401284109, 0.5742574257425742]
[0.07063729388195368, 0.035443230824769426, 0.2373823523719179]
Matthews: -1.0
[1946, 4443, 1011]
[0.10353884745308901, 0.8616244731964388, -0.22319318452247225]
[0.07063729388195368, 0.035443230824769426, 0.2373823523719179]

Analysis for spambase (4550)
Precision: -1.0
[497, 971, 3082]
[0.1902654867256637, 0.775, 0.9973753280839895]
[0.26216982599366107, 0.10208568511116702, 0.021057847594797695]
Recall: -1.0
[497, 971, 3082]
[0.3049645390070922, 0.7138157894736842, 0.9848812095032398]
[0.26216982599366107, 0.10208568511116702, 0.021057847594797695]
Accuracy: -1.0
[497, 971, 3082]
[0.4346076458752515, 0.8455200823892894, 0.9866969500324465]
[0.26216982599366107, 0.10208568511116702, 0.021057847594797695]
FScore: -1.0
[497, 971, 3082]
[0.23433242506811988, 0.7431506849315068, 0.9910888937187567]
[0.26216982599366107, 0.10208568511116702, 0.021057847594797695]
Matthews: -1.0
[497, 971, 3082]
[-0.18928187204821342, 0.6340550094247298, 0.965159546217355]
[0.26216982599366107, 0.10208568511116702, 0.021057847594797695]

Analysis for twonorm (7400)
Precision: -0.8660254037844386
[2165, 4755, 480]
[1.0, 1.0, 0.6590038314176245]
[0.04234182859279322, 0.009335561989775958, 0.15272456581629765]
Recall: -0.8660254037844386
[2165, 4755, 480]
[1.0, 1.0, 0.7049180327868853]
[0.04234182859279322, 0.009335561989775958, 0.15272456581629765]
Accuracy: -0.8660254037844386
[2165, 4755, 480]
[1.0, 1.0, 0.6645833333333333]
[0.04234182859279322, 0.009335561989775958, 0.15272456581629765]
FScore: -0.8660254037844386
[2165, 4755, 480]
[1.0, 1.0, 0.6811881188118812]
[0.04234182859279322, 0.009335561989775958, 0.15272456581629765]
Matthews: -0.8660254037844386
[2165, 4755, 480]
[1.0, 1.0, 0.32901579150187116]
[0.04234182859279322, 0.009335561989775958, 0.15272456581629765]

Analysis for wdbc (560)
Precision: 0.8660254037844386
[89, 114, 357]
[1.0, 1.0, 0.15]
[0.05384400258588898, 0.01964101892722412, 0.0019479157963513184]
Recall: -1.0
[89, 114, 357]
[0.8314606741573034, 0.9736842105263158, 1.0]
[0.05384400258588898, 0.01964101892722412, 0.0019479157963513184]
Accuracy: -0.5
[89, 114, 357]
[0.8314606741573034, 0.9736842105263158, 0.9523809523809523]
[0.05384400258588898, 0.01964101892722412, 0.0019479157963513184]
FScore: 0.5
[89, 114, 357]
[0.9079754601226994, 0.9866666666666666, 0.2608695652173913]
[0.05384400258588898, 0.01964101892722412, 0.0019479157963513184]
Matthews: -0.8660254037844386
[89, 114, 357]
[0.0, 0.0, 0.3778843873058155]
[0.05384400258588898, 0.01964101892722412, 0.0019479157963513184]
