MultiResolutionExperiment(5, 10, MultiResolutionTransform(10, 0.10))

Analysis for appendicitis (100)
Precision: -0.33541019662496846
[2, 0, 13, 8, 77]
[0.0, 0.0, 0.5, 0.0, 1.0]
[0.352710039012478, 0.0, 0.051405586905218965, 0.15020326050826593, 0.0035075195557729847]
Recall: -0.33541019662496846
[2, 0, 13, 8, 77]
[0.0, 0.0, 0.25, 0.0, 0.9868421052631579]
[0.352710039012478, 0.0, 0.051405586905218965, 0.15020326050826593, 0.0035075195557729847]
Accuracy: -0.2051956704170307
[2, 0, 13, 8, 77]
[0.0, 0.0, 0.6923076923076923, 0.125, 0.987012987012987]
[0.352710039012478, 0.0, 0.051405586905218965, 0.15020326050826593, 0.0035075195557729847]
FScore: -0.33541019662496846
[2, 0, 13, 8, 77]
[0.0, 0.0, 0.3333333333333333, 0.0, 0.9933774834437086]
[0.352710039012478, 0.0, 0.051405586905218965, 0.15020326050826593, 0.0035075195557729847]
Matthews: -0.33541019662496846
[2, 0, 13, 8, 77]
[0.0, 0.0, 0.17766726362967536, 0.0, 0.7024393586862705]
[0.352710039012478, 0.0, 0.051405586905218965, 0.15020326050826593, 0.0035075195557729847]

Analysis for banana (5300)
Precision: -0.9
[1050, 729, 466, 2670, 385]
[0.974169741697417, 0.9960159362549801, 0.6016949152542372, 1.0, 0.0]
[0.055083314149524755, 0.1362016718647622, 0.22890268968048247, 0.013569004034025983, 0.3839196144091928]
Recall: -1.0
[1050, 729, 466, 2670, 385]
[0.9962264150943396, 0.8635578583765112, 0.39664804469273746, 0.9994597514856834, 0.0]
[0.055083314149524755, 0.1362016718647622, 0.22890268968048247, 0.013569004034025983, 0.3839196144091928]
Accuracy: -1.0
[1050, 729, 466, 2670, 385]
[0.9923809523809524, 0.8888888888888888, 0.6673819742489271, 0.999625468164794, 0.14805194805194805]
[0.055083314149524755, 0.1362016718647622, 0.22890268968048247, 0.013569004034025983, 0.3839196144091928]
FScore: -1.0
[1050, 729, 466, 2670, 385]
[0.9850746268656716, 0.9250693802035153, 0.4781144781144781, 0.999729802756012, 0.0]
[0.055083314149524755, 0.1362016718647622, 0.22890268968048247, 0.013569004034025983, 0.3839196144091928]
Matthews: -1.0
[1050, 729, 466, 2670, 385]
[0.9800710992567018, 0.7422560607316345, 0.260482358135474, 0.9991200619195938, -0.6227204208595114]
[0.055083314149524755, 0.1362016718647622, 0.22890268968048247, 0.013569004034025983, 0.3839196144091928]

Analysis for breast-cancer-original (650)
Precision: -0.7071067811865476
[425, 136, 17, 31, 41]
[1.0, 1.0, 0.0, 1.0, 1.0]
[7.824362268289186E-4, 0.019544677540825752, 0.17615414619929898, 0.04499329164390417, 0.09574122773364757]
Recall: -0.7000000000000001
[425, 136, 17, 31, 41]
[0.9951219512195122, 0.4, 0.0, 1.0, 0.3333333333333333]
[7.824362268289186E-4, 0.019544677540825752, 0.17615414619929898, 0.04499329164390417, 0.09574122773364757]
Accuracy: -0.7000000000000001
[425, 136, 17, 31, 41]
[0.9952941176470588, 0.9779411764705882, 0.5882352941176471, 1.0, 0.9024390243902439]
[7.824362268289186E-4, 0.019544677540825752, 0.17615414619929898, 0.04499329164390417, 0.09574122773364757]
FScore: -0.7000000000000001
[425, 136, 17, 31, 41]
[0.9975550122249389, 0.5714285714285715, 0.0, 1.0, 0.5]
[7.824362268289186E-4, 0.019544677540825752, 0.17615414619929898, 0.04499329164390417, 0.09574122773364757]
Matthews: -0.7000000000000001
[425, 136, 17, 31, 41]
[0.9370425713316364, 0.6253357307234274, 0.0, 1.0, 0.5469417694282447]
[7.824362268289186E-4, 0.019544677540825752, 0.17615414619929898, 0.04499329164390417, 0.09574122773364757]

Analysis for mammographic-masses (960)
Precision: -0.9
[113, 58, 97, 171, 521]
[0.3880597014925373, 0.10714285714285714, 0.39285714285714285, 0.8450704225352113, 0.9969230769230769]
[0.2099895576050188, 0.4217719706291741, 0.2307253179567752, 0.09633688023152757, 0.03595732049395494]
Recall: -1.0
[113, 58, 97, 171, 521]
[0.7222222222222222, 0.09090909090909091, 0.44, 0.8450704225352113, 0.9969230769230769]
[0.2099895576050188, 0.4217719706291741, 0.2307253179567752, 0.09633688023152757, 0.03595732049395494]
Accuracy: -1.0
[113, 58, 97, 171, 521]
[0.5486725663716814, 0.05172413793103448, 0.36082474226804123, 0.8713450292397661, 0.9961612284069098]
[0.2099895576050188, 0.4217719706291741, 0.2307253179567752, 0.09633688023152757, 0.03595732049395494]
FScore: -1.0
[113, 58, 97, 171, 521]
[0.5048543689320389, 0.09836065573770493, 0.4150943396226415, 0.8450704225352113, 0.9969230769230769]
[0.2099895576050188, 0.4217719706291741, 0.2307253179567752, 0.09633688023152757, 0.03595732049395494]
Matthews: -1.0
[113, 58, 97, 171, 521]
[0.17995868623416003, -0.900937462695559, -0.2867176022988665, 0.7350704225352113, 0.9918210361067504]
[0.2099895576050188, 0.4217719706291741, 0.2307253179567752, 0.09633688023152757, 0.03595732049395494]

Analysis for phoneme (5400)
Precision: 0.9
[393, 774, 2865, 699, 669]
[0.28294573643410853, 0.5034246575342466, 0.0, 0.9846938775510204, 0.9972677595628415]
[0.16949795330879502, 0.08171844017392642, 0.009050392675482915, 0.17293665844349232, 0.31895605234943686]
Recall: 0.0
[393, 774, 2865, 699, 669]
[0.8690476190476191, 0.9545454545454546, 0.0, 0.8527245949926362, 0.5464071856287425]
[0.16949795330879502, 0.08171844017392642, 0.009050392675482915, 0.17293665844349232, 0.31895605234943686]
Accuracy: -0.5
[393, 774, 2865, 699, 669]
[0.5012722646310432, 0.8036175710594315, 0.9825479930191972, 0.844062947067239, 0.5455904334828101]
[0.16949795330879502, 0.08171844017392642, 0.009050392675482915, 0.17293665844349232, 0.31895605234943686]
FScore: 0.8
[393, 774, 2865, 699, 669]
[0.4269005847953216, 0.6591928251121077, 0.0, 0.9139700078926598, 0.7059961315280464]
[0.16949795330879502, 0.08171844017392642, 0.009050392675482915, 0.17293665844349232, 0.31895605234943686]
Matthews: -0.39999999999999997
[393, 774, 2865, 699, 669]
[0.23337581980627092, 0.5935815695639121, 0.0, 0.18369946266836712, -0.035204042799509054]
[0.16949795330879502, 0.08171844017392642, 0.009050392675482915, 0.17293665844349232, 0.31895605234943686]

Analysis for pima (700)
Precision: -0.8207826816681233
[96, 122, 113, 288, 81]
[0.0, 0.9508196721311475, 0.0, 1.0, 0.9459459459459459]
[0.10348527981708627, 0.04914528388397363, 0.21257729918743423, 0.018206617979037103, 0.11676871890490721]
Recall: -0.8207826816681233
[96, 122, 113, 288, 81]
[0.0, 0.6987951807228916, 0.0, 0.9548611111111112, 0.49295774647887325]
[0.10348527981708627, 0.04914528388397363, 0.21257729918743423, 0.018206617979037103, 0.11676871890490721]
Accuracy: -1.0
[96, 122, 113, 288, 81]
[0.5729166666666666, 0.7704918032786885, 0.30973451327433627, 0.9548611111111112, 0.5308641975308642]
[0.10348527981708627, 0.04914528388397363, 0.21257729918743423, 0.018206617979037103, 0.11676871890490721]
FScore: -0.8207826816681233
[96, 122, 113, 288, 81]
[0.0, 0.8055555555555556, 0.0, 0.9769094138543517, 0.6481481481481483]
[0.10348527981708627, 0.04914528388397363, 0.21257729918743423, 0.018206617979037103, 0.11676871890490721]
Matthews: -0.30000000000000004
[96, 122, 113, 288, 81]
[-0.19557956467948942, 0.5800194940957133, -0.1923797883248885, 0.0, 0.1934670280709809]
[0.10348527981708627, 0.04914528388397363, 0.21257729918743423, 0.018206617979037103, 0.11676871890490721]

Analysis for ring (7400)
Precision: -0.6
[728, 782, 576, 1363, 3951]
[0.06451612903225806, 0.9550561797752809, 0.8450704225352113, 0.9977544910179641, 0.9610894941634242]
[0.10499709700151572, 0.1315112626674572, 0.2680423452896531, 0.0416898541750886, 0.02020502185798498]
Recall: -0.8207826816681233
[728, 782, 576, 1363, 3951]
[1.0, 0.7891246684350133, 0.21699819168173598, 0.9852180339985218, 1.0]
[0.10499709700151572, 0.1315112626674572, 0.2680423452896531, 0.0416898541750886, 0.02020502185798498]
Accuracy: -0.9
[728, 782, 576, 1363, 3951]
[0.6813186813186813, 0.7608695652173914, 0.21006944444444445, 0.983125458547322, 0.9898759807643635]
[0.10499709700151572, 0.1315112626674572, 0.2680423452896531, 0.0416898541750886, 0.02020502185798498]
FScore: -0.6
[728, 782, 576, 1363, 3951]
[0.12121212121212122, 0.8641975308641976, 0.3453237410071942, 0.9914466344365934, 0.9801587301587301]
[0.10499709700151572, 0.1315112626674572, 0.2680423452896531, 0.0416898541750886, 0.02020502185798498]
Matthews: -1.0
[728, 782, 576, 1363, 3951]
[0.2085521986753168, -0.0973526732641934, -0.33596145526533705, 0.41965516400438346, 0.9737119431197518]
[0.10499709700151572, 0.1315112626674572, 0.2680423452896531, 0.0416898541750886, 0.02020502185798498]

Analysis for spambase (4550)
Precision: -0.9000000000000001
[255, 346, 2858, 849, 242]
[0.12056737588652482, 0.4789915966386555, 0.9985687022900763, 0.9224376731301939, 0.5333333333333333]
[0.29699478039597693, 0.14053588906076833, 0.011518152500919707, 0.056251486926564336, 0.1650881404567523]
Recall: -1.0
[255, 346, 2858, 849, 242]
[0.2073170731707317, 0.6705882352941176, 0.9914732354334439, 0.8671875, 0.40816326530612246]
[0.29699478039597693, 0.14053588906076833, 0.011518152500919707, 0.056251486926564336, 0.1650881404567523]
Accuracy: -1.0
[255, 346, 2858, 849, 242]
[0.25882352941176473, 0.7398843930635838, 0.9926522043386984, 0.9069493521790342, 0.6157024793388429]
[0.29699478039597693, 0.14053588906076833, 0.011518152500919707, 0.056251486926564336, 0.1650881404567523]
FScore: -1.0
[255, 346, 2858, 849, 242]
[0.15246636771300448, 0.5588235294117647, 0.9950083194675541, 0.8939597315436243, 0.4624277456647399]
[0.29699478039597693, 0.14053588906076833, 0.011518152500919707, 0.056251486926564336, 0.1650881404567523]
Matthews: -1.0
[255, 346, 2858, 849, 242]
[-0.4785927275002005, 0.3924385522497998, 0.9811819739679353, 0.8124324897655582, 0.1752559494051539]
[0.29699478039597693, 0.14053588906076833, 0.011518152500919707, 0.056251486926564336, 0.1650881404567523]

Analysis for twonorm (7400)
Precision: -0.8944271909999159
[153, 1994, 391, 3901, 961]
[0.07692307692307693, 1.0, 0.9223744292237442, 1.0, 1.0]
[0.2190634466338228, 0.013586205750974086, 0.10374094533559713, 0.002358292821674692, 0.04193423446091326]
Recall: -0.8944271909999159
[153, 1994, 391, 3901, 961]
[0.08695652173913043, 1.0, 0.957345971563981, 1.0, 1.0]
[0.2190634466338228, 0.013586205750974086, 0.10374094533559713, 0.002358292821674692, 0.04193423446091326]
Accuracy: -0.8944271909999159
[153, 1994, 391, 3901, 961]
[0.11764705882352941, 1.0, 0.9335038363171355, 1.0, 1.0]
[0.2190634466338228, 0.013586205750974086, 0.10374094533559713, 0.002358292821674692, 0.04193423446091326]
FScore: -0.8944271909999159
[153, 1994, 391, 3901, 961]
[0.08163265306122448, 1.0, 0.9395348837209302, 1.0, 1.0]
[0.2190634466338228, 0.013586205750974086, 0.10374094533559713, 0.002358292821674692, 0.04193423446091326]
Matthews: -0.8944271909999159
[153, 1994, 391, 3901, 961]
[-0.7666233879916311, 1.0, 0.8664678179019206, 1.0, 1.0]
[0.2190634466338228, 0.013586205750974086, 0.10374094533559713, 0.002358292821674692, 0.04193423446091326]

Analysis for wdbc (560)
Precision: 0.8660254037844386
[67, 94, 45, 28, 326]
[1.0, 1.0, 1.0, 0.0, 0.0]
[0.04901207974693541, 0.021583108040889934, 0.010123817152347255, 0.007440098690298353, 7.263547173830334E-4]
Recall: 0.5642880936468347
[67, 94, 45, 28, 326]
[0.835820895522388, 0.925531914893617, 1.0, 0.0, 0.0]
[0.04901207974693541, 0.021583108040889934, 0.010123817152347255, 0.007440098690298353, 7.263547173830334E-4]
Accuracy: -0.2000000000000001
[67, 94, 45, 28, 326]
[0.835820895522388, 0.925531914893617, 1.0, 0.7142857142857143, 0.9723926380368099]
[0.04901207974693541, 0.021583108040889934, 0.010123817152347255, 0.007440098690298353, 7.263547173830334E-4]
FScore: 0.5642880936468347
[67, 94, 45, 28, 326]
[0.9105691056910569, 0.9613259668508287, 1.0, 0.0, 0.0]
[0.04901207974693541, 0.021583108040889934, 0.010123817152347255, 0.007440098690298353, 7.263547173830334E-4]
Matthews: NaN
[67, 94, 45, 28, 326]
[0.0, 0.0, 0.0, 0.0, 0.0]
[0.04901207974693541, 0.021583108040889934, 0.010123817152347255, 0.007440098690298353, 7.263547173830334E-4]
